2.0 0.7443154761904762 0.83296875 0.22309523809523807 0.178125
2.0 0.14526785714285714 0.7496484375 0.29336309523809523 0.170234375
2.0 0.2947619047619048 0.6454296875 0.14428571428571427 0.0767578125
2.0 0.4074702380952381 0.619609375 0.14428571428571427 0.0941796875
2.0 0.1611904761904762 0.6220703125 0.11461309523809524 0.0721484375
2.0 0.05952380952380952 0.6112890625 0.10485119047619047 0.0727734375
2.0 0.2699107142857143 0.6071484375 0.10660714285714286 0.0616796875
2.0 0.1417857142857143 0.57921875 0.12443452380952381 0.052265625
2.0 0.7771130952380952 0.6684375 0.24648809523809523 0.1314453125
2.0 0.5800297619047619 0.5992578125 0.13541666666666666 0.0687109375
2.0 0.9066666666666666 0.61828125 0.1737797619047619 0.0989453125
