2.0 0.7443154761904762 0.83296875 0.22309523809523807 0.178125
2.0 0.14526785714285714 0.7496484375 0.29336309523809523 0.170234375
2.0 0.2947619047619048 0.6454296875 0.14428571428571427 0.0767578125
2.0 0.4074702380952381 0.619609375 0.14428571428571427 0.0941796875
2.0 0.1611904761904762 0.6220703125 0.11461309523809524 0.0722265625
2.0 0.05952380952380952 0.6112890625 0.10485119047619047 0.0727734375
2.0 0.2699107142857143 0.6071484375 0.10660714285714286 0.0616796875
2.0 0.1417857142857143 0.57921875 0.12443452380952381 0.052265625
2.0 0.6470535714285715 0.6779296875 0.25401785714285713 0.136796875
2.0 0.4971130952380952 0.5933984375 0.1286904761904762 0.06296875
2.0 0.8150595238095238 0.6108203125 0.18345238095238095 0.0989453125
