2.0 0.7443154761904762 0.83296875 0.22309523809523807 0.178125
2.0 0.14526785714285714 0.7496484375 0.29336309523809523 0.170234375
2.0 0.2947619047619048 0.6454296875 0.14428571428571427 0.0767578125
2.0 0.4074702380952381 0.619609375 0.14428571428571427 0.0941796875
2.0 0.1611904761904762 0.6221484375 0.11461309523809524 0.07234375
2.0 0.05952380952380952 0.6112890625 0.10485119047619047 0.0727734375
2.0 0.2699107142857143 0.6071484375 0.10660714285714286 0.0616796875
2.0 0.1417857142857143 0.57921875 0.12443452380952381 0.052265625
2.0 0.4072321428571429 0.695703125 0.2581547619047619 0.1379296875
2.0 0.37217261904761906 0.5852734375 0.11619047619047619 0.0552734375
2.0 0.6556845238095238 0.6051171875 0.1699404761904762 0.089609375
2.0 0.9211904761904761 0.6198828125 0.14639880952380951 0.076953125
