2.0 0.7443154761904762 0.83296875 0.22309523809523807 0.178125
2.0 0.14526785714285714 0.7496484375 0.29336309523809523 0.170234375
2.0 0.2947619047619048 0.6454296875 0.14428571428571427 0.0767578125
2.0 0.4074702380952381 0.619609375 0.14428571428571427 0.0941796875
2.0 0.1611904761904762 0.6221484375 0.11461309523809524 0.0723828125
2.0 0.05952380952380952 0.6112890625 0.10485119047619047 0.0727734375
2.0 0.2699107142857143 0.6071484375 0.10660714285714286 0.0616796875
2.0 0.1417857142857143 0.57921875 0.12443452380952381 0.052265625
2.0 0.3832738095238095 0.6980078125 0.2604464285714286 0.1379296875
2.0 0.3599404761904762 0.583125 0.11127976190476191 0.0535546875
2.0 0.6413690476190477 0.6042578125 0.16776785714285714 0.0884375
2.0 0.9061309523809523 0.61890625 0.14907738095238096 0.0749609375
