2.0 0.7443154761904762 0.83296875 0.22309523809523807 0.178125
2.0 0.14526785714285714 0.7496484375 0.29336309523809523 0.170234375
2.0 0.2947619047619048 0.6454296875 0.14428571428571427 0.0767578125
2.0 0.4074702380952381 0.619609375 0.14428571428571427 0.0941796875
2.0 0.1611904761904762 0.6221875 0.11461309523809524 0.0725
2.0 0.05952380952380952 0.6112890625 0.10485119047619047 0.0727734375
2.0 0.2699107142857143 0.6071484375 0.10660714285714286 0.0616796875
2.0 0.1417857142857143 0.57921875 0.12443452380952381 0.052265625
2.0 0.18425595238095238 0.7014453125 0.2605654761904762 0.125546875
2.0 0.8439880952380951 0.6839453125 0.2513095238095238 0.1154296875
2.0 0.2735416666666667 0.5745703125 0.10208333333333333 0.0509765625
2.0 0.5317559523809523 0.5971875 0.1507738095238095 0.0884375
2.0 0.7862797619047619 0.611953125 0.15285714285714286 0.0711328125
