2.0 0.7443154761904762 0.83296875 0.22309523809523807 0.178125
2.0 0.14526785714285714 0.7496484375 0.29336309523809523 0.170234375
2.0 0.2947619047619048 0.6454296875 0.14428571428571427 0.0767578125
2.0 0.4074702380952381 0.619609375 0.14428571428571427 0.0941796875
2.0 0.1611904761904762 0.6221484375 0.11461309523809524 0.072421875
2.0 0.05952380952380952 0.6112890625 0.10485119047619047 0.0727734375
2.0 0.2699107142857143 0.6071484375 0.10660714285714286 0.0616796875
2.0 0.1417857142857143 0.57921875 0.12443452380952381 0.052265625
2.0 0.29776785714285714 0.701328125 0.2638690476190476 0.1379296875
2.0 0.9092857142857143 0.6811328125 0.18848214285714285 0.1154296875
2.0 0.3208333333333333 0.5782421875 0.10395833333333333 0.0509765625
2.0 0.5928571428571429 0.601640625 0.1587797619047619 0.0884375
2.0 0.8536904761904761 0.6157421875 0.1530654761904762 0.071953125
