2.0 0.7443154761904762 0.83296875 0.22309523809523807 0.178125
2.0 0.14526785714285714 0.7496484375 0.29336309523809523 0.170234375
2.0 0.2947619047619048 0.6454296875 0.14428571428571427 0.0767578125
2.0 0.4074702380952381 0.619609375 0.14428571428571427 0.0941796875
2.0 0.1611904761904762 0.6221875 0.11461309523809524 0.0724609375
2.0 0.05952380952380952 0.6112890625 0.10485119047619047 0.0727734375
2.0 0.2699107142857143 0.6071484375 0.10660714285714286 0.0616796875
2.0 0.1417857142857143 0.57921875 0.12443452380952381 0.052265625
2.0 0.2474702380952381 0.7043359375 0.2638690476190476 0.1379296875
2.0 0.8841666666666667 0.6819921875 0.224375 0.1154296875
2.0 0.30002976190476194 0.576640625 0.10395833333333333 0.0509765625
2.0 0.5657142857142857 0.5996484375 0.15523809523809523 0.0884375
2.0 0.8237499999999999 0.6141015625 0.1530654761904762 0.071953125
