2.0 0.7443154761904762 0.83296875 0.22309523809523807 0.178125
2.0 0.14526785714285714 0.7496484375 0.29336309523809523 0.170234375
2.0 0.2947619047619048 0.6454296875 0.14428571428571427 0.0767578125
2.0 0.4074702380952381 0.619609375 0.14428571428571427 0.0941796875
2.0 0.1611904761904762 0.622265625 0.11461309523809524 0.0725390625
2.0 0.05952380952380952 0.6112890625 0.10485119047619047 0.0727734375
2.0 0.2699107142857143 0.6071484375 0.10660714285714286 0.0616796875
2.0 0.1417857142857143 0.57921875 0.12443452380952381 0.052265625
2.0 0.12119047619047618 0.7073828125 0.24151785714285717 0.1379296875
2.0 0.7800297619047618 0.68796875 0.2513095238095238 0.1154296875
2.0 0.24083333333333334 0.572109375 0.09645833333333333 0.0509765625
2.0 0.49404761904761907 0.590703125 0.14785714285714285 0.0884375
2.0 0.7411309523809524 0.6091015625 0.15223214285714284 0.0687109375
