2.0 0.7443154761904762 0.83296875 0.22309523809523807 0.178125
2.0 0.14526785714285714 0.7496484375 0.29336309523809523 0.170234375
2.0 0.2947619047619048 0.6454296875 0.14428571428571427 0.0767578125
2.0 0.4074702380952381 0.619609375 0.14428571428571427 0.0941796875
2.0 0.1611904761904762 0.622265625 0.11461309523809524 0.0725390625
2.0 0.05952380952380952 0.6112890625 0.10485119047619047 0.0727734375
2.0 0.2699107142857143 0.6071484375 0.10660714285714286 0.0616796875
2.0 0.1417857142857143 0.57921875 0.12443452380952381 0.052265625
2.0 0.0994047619047619 0.6953515625 0.19532738095238095 0.1109375
2.0 0.747202380952381 0.690234375 0.2534226190476191 0.1149609375
2.0 0.22446428571428573 0.5709375 0.09366071428571428 0.0509765625
2.0 0.47714285714285715 0.58921875 0.1456547619047619 0.08640625
2.0 0.7185119047619047 0.60765625 0.1519345238095238 0.0674609375
