2.0 0.7443154761904762 0.83296875 0.22309523809523807 0.178125
2.0 0.14526785714285714 0.7496484375 0.29336309523809523 0.170234375
2.0 0.2947619047619048 0.6454296875 0.14428571428571427 0.0767578125
2.0 0.4074702380952381 0.619609375 0.14428571428571427 0.0941796875
2.0 0.1611904761904762 0.622265625 0.11461309523809524 0.0725390625
2.0 0.05952380952380952 0.6112890625 0.10485119047619047 0.0727734375
2.0 0.2699107142857143 0.6071484375 0.10660714285714286 0.0616796875
2.0 0.1417857142857143 0.57921875 0.12443452380952381 0.052265625
2.0 0.0919642857142857 0.6921875 0.18047619047619048 0.1046484375
2.0 0.7361607142857143 0.6910546875 0.2544642857142857 0.114765625
2.0 0.22047619047619046 0.570546875 0.09321428571428572 0.0509765625
2.0 0.4718154761904762 0.588984375 0.14482142857142857 0.085390625
2.0 0.7118154761904761 0.6073046875 0.15125 0.067109375
