2.0 0.7443154761904762 0.83296875 0.22309523809523807 0.178125
2.0 0.14526785714285714 0.7496484375 0.29336309523809523 0.170234375
2.0 0.2947619047619048 0.6454296875 0.14428571428571427 0.0767578125
2.0 0.4074702380952381 0.619609375 0.14428571428571427 0.0941796875
2.0 0.1611904761904762 0.6223046875 0.11461309523809524 0.0726171875
2.0 0.05952380952380952 0.6112890625 0.10485119047619047 0.0727734375
2.0 0.2699107142857143 0.6071484375 0.10660714285714286 0.0616796875
2.0 0.1417857142857143 0.57921875 0.12443452380952381 0.052265625
2.0 0.6364880952380952 0.69828125 0.26395833333333335 0.11265625
2.0 0.08827380952380952 0.8085546875 0.17991071428571428 0.187421875
2.0 0.18425595238095238 0.5673828125 0.08904761904761906 0.0509765625
2.0 0.4239583333333333 0.58703125 0.13717261904761907 0.07625
2.0 0.6514285714285715 0.60453125 0.14526785714285714 0.0637109375
2.0 0.9003571428571429 0.620390625 0.17663690476190477 0.1105859375
