2.0 0.7443154761904762 0.83296875 0.22309523809523807 0.178125
2.0 0.14526785714285714 0.7496484375 0.29336309523809523 0.170234375
2.0 0.2947619047619048 0.6454296875 0.14428571428571427 0.0767578125
2.0 0.4074702380952381 0.619609375 0.14428571428571427 0.0941796875
2.0 0.1611904761904762 0.6223046875 0.11461309523809524 0.0726171875
2.0 0.05952380952380952 0.6112890625 0.10485119047619047 0.0727734375
2.0 0.2699107142857143 0.6071484375 0.10660714285714286 0.0616796875
2.0 0.1417857142857143 0.57921875 0.12443452380952381 0.052265625
2.0 0.6254166666666666 0.6991015625 0.265 0.1124609375
2.0 0.093125 0.8078125 0.18961309523809525 0.1858984375
2.0 0.18023809523809525 0.56703125 0.08860119047619047 0.0509765625
2.0 0.4186309523809524 0.5865625 0.1363095238095238 0.0758203125
2.0 0.644702380952381 0.60421875 0.14458333333333334 0.063359375
2.0 0.8925 0.6196484375 0.17869047619047618 0.110390625
