2.0 0.7443154761904762 0.83296875 0.22309523809523807 0.178125
2.0 0.14526785714285714 0.7496484375 0.29336309523809523 0.170234375
2.0 0.2947619047619048 0.6454296875 0.14428571428571427 0.0767578125
2.0 0.4074702380952381 0.619609375 0.14428571428571427 0.0941796875
2.0 0.1611904761904762 0.6223046875 0.11461309523809524 0.0726171875
2.0 0.05952380952380952 0.6112890625 0.10485119047619047 0.0727734375
2.0 0.2699107142857143 0.6071484375 0.10660714285714286 0.0616796875
2.0 0.1417857142857143 0.57921875 0.12443452380952381 0.052265625
2.0 0.6586607142857143 0.69671875 0.26184523809523813 0.113125
2.0 0.1923214285714286 0.568125 0.0899702380952381 0.0509765625
2.0 0.43455357142857143 0.587421875 0.13886904761904761 0.07828125
2.0 0.6648511904761905 0.6051953125 0.14660714285714285 0.064453125
2.0 0.9161309523809523 0.621875 0.1724702380952381 0.1109375
