2.0 0.7443154761904762 0.83296875 0.22309523809523807 0.178125
2.0 0.14526785714285714 0.7496484375 0.29336309523809523 0.170234375
2.0 0.2947619047619048 0.6454296875 0.14428571428571427 0.0767578125
2.0 0.4074702380952381 0.619609375 0.14428571428571427 0.0941796875
2.0 0.1611904761904762 0.6223046875 0.11461309523809524 0.0726171875
2.0 0.05952380952380952 0.6112890625 0.10485119047619047 0.0727734375
2.0 0.2699107142857143 0.6071484375 0.10660714285714286 0.0616796875
2.0 0.1417857142857143 0.57921875 0.12443452380952381 0.052265625
2.0 0.6028571428571429 0.700234375 0.265 0.1124609375
2.0 0.10282738095238095 0.8062890625 0.20904761904761904 0.1829296875
2.0 0.17220238095238094 0.566328125 0.08764880952380952 0.0509765625
2.0 0.4079761904761905 0.5855078125 0.13461309523809523 0.074921875
2.0 0.6318452380952382 0.603515625 0.14348214285714286 0.0628125
2.0 0.8766666666666667 0.618125 0.18282738095238096 0.11
