2.0 0.7443154761904762 0.83296875 0.22309523809523807 0.178125
2.0 0.14526785714285714 0.7496484375 0.29336309523809523 0.170234375
2.0 0.2947619047619048 0.6454296875 0.14428571428571427 0.0767578125
2.0 0.4074702380952381 0.619609375 0.14428571428571427 0.0941796875
2.0 0.1611904761904762 0.6223046875 0.11461309523809524 0.07265625
2.0 0.05952380952380952 0.6112890625 0.10485119047619047 0.0727734375
2.0 0.2699107142857143 0.6071484375 0.10660714285714286 0.0616796875
2.0 0.1417857142857143 0.57921875 0.12443452380952381 0.052265625
2.0 0.5916071428571429 0.7008203125 0.265 0.1124609375
2.0 0.10735119047619048 0.8067578125 0.21752976190476192 0.184921875
2.0 0.1681845238095238 0.5659765625 0.08720238095238095 0.0509765625
2.0 0.4026488095238095 0.585 0.1337797619047619 0.074453125
2.0 0.6256845238095238 0.603125 0.1430357142857143 0.0626171875
2.0 0.8688095238095238 0.617421875 0.1849107142857143 0.1098046875
