2.0 0.7443154761904762 0.83296875 0.22309523809523807 0.178125
2.0 0.14526785714285714 0.7496484375 0.29336309523809523 0.170234375
2.0 0.2947619047619048 0.6454296875 0.14428571428571427 0.0767578125
2.0 0.4074702380952381 0.619609375 0.14428571428571427 0.0941796875
2.0 0.1611904761904762 0.6223046875 0.11461309523809524 0.07265625
2.0 0.05952380952380952 0.6112890625 0.10485119047619047 0.0727734375
2.0 0.2699107142857143 0.6071484375 0.10660714285714286 0.0616796875
2.0 0.1417857142857143 0.57921875 0.12443452380952381 0.052265625
2.0 0.5577380952380953 0.7024609375 0.265 0.1124609375
2.0 0.12083333333333333 0.8083203125 0.2430654761904762 0.1908984375
2.0 0.15610119047619048 0.564921875 0.08583333333333333 0.0509765625
2.0 0.38672619047619045 0.5834765625 0.1312202380952381 0.073125
2.0 0.6072321428571429 0.60203125 0.14172619047619048 0.062109375
2.0 0.8451488095238096 0.61515625 0.19113095238095237 0.1092578125
