2.0 0.7443154761904762 0.83296875 0.22309523809523807 0.178125
2.0 0.14526785714285714 0.7496484375 0.29336309523809523 0.170234375
2.0 0.2947619047619048 0.6454296875 0.14428571428571427 0.0767578125
2.0 0.4074702380952381 0.619609375 0.14428571428571427 0.0941796875
2.0 0.1611904761904762 0.6223046875 0.11461309523809524 0.0726953125
2.0 0.05952380952380952 0.6112890625 0.10485119047619047 0.0727734375
2.0 0.2699107142857143 0.6071484375 0.10660714285714286 0.0616796875
2.0 0.1417857142857143 0.57921875 0.12443452380952381 0.052265625
2.0 0.5241071428571429 0.7038671875 0.26574404761904763 0.1121875
2.0 0.134375 0.8098046875 0.26857142857142857 0.1969140625
2.0 0.14401785714285714 0.56390625 0.0844345238095238 0.0509765625
2.0 0.3707142857142857 0.5819921875 0.1286904761904762 0.071796875
2.0 0.5887797619047619 0.6008984375 0.14041666666666666 0.0616015625
2.0 0.8214583333333333 0.6129296875 0.19732142857142856 0.1087109375
