2.0 0.7443154761904762 0.83296875 0.22309523809523807 0.178125
2.0 0.14526785714285714 0.7496484375 0.29336309523809523 0.170234375
2.0 0.2947619047619048 0.6454296875 0.14428571428571427 0.0767578125
2.0 0.4074702380952381 0.619609375 0.14428571428571427 0.0941796875
2.0 0.1611904761904762 0.6223046875 0.11461309523809524 0.07265625
2.0 0.05952380952380952 0.6112890625 0.10485119047619047 0.0727734375
2.0 0.2699107142857143 0.6071484375 0.10660714285714286 0.0616796875
2.0 0.1417857142857143 0.57921875 0.12443452380952381 0.052265625
2.0 0.5464880952380953 0.7030859375 0.265 0.1124609375
2.0 0.12535714285714286 0.8087890625 0.251547619047619 0.192890625
2.0 0.15208333333333335 0.5645703125 0.08535714285714285 0.0509765625
2.0 0.38136904761904755 0.58296875 0.13038690476190476 0.07265625
2.0 0.6010714285714286 0.6016796875 0.1412797619047619 0.0619140625
2.0 0.8372619047619048 0.614375 0.1931845238095238 0.1090625
