2.0 0.7443154761904762 0.83296875 0.22309523809523807 0.178125
2.0 0.14526785714285714 0.7496484375 0.29336309523809523 0.170234375
2.0 0.2947619047619048 0.6454296875 0.14428571428571427 0.0767578125
2.0 0.4074702380952381 0.619609375 0.14428571428571427 0.0941796875
2.0 0.1611904761904762 0.6223046875 0.11461309523809524 0.0726953125
2.0 0.05952380952380952 0.6112890625 0.10485119047619047 0.0727734375
2.0 0.2699107142857143 0.6071484375 0.10660714285714286 0.0616796875
2.0 0.1417857142857143 0.57921875 0.12443452380952381 0.052265625
2.0 0.5130654761904762 0.704140625 0.26645833333333335 0.1119140625
2.0 0.13886904761904761 0.8103125 0.27705357142857145 0.19890625
2.0 0.1400297619047619 0.563515625 0.08395833333333333 0.0509765625
2.0 0.36541666666666667 0.5815234375 0.12782738095238097 0.071328125
2.0 0.5826190476190476 0.600546875 0.1399702380952381 0.06140625
2.0 0.8135714285714286 0.6121484375 0.19940476190476192 0.108515625
