2.0 0.7443154761904762 0.83296875 0.22309523809523807 0.178125
2.0 0.14526785714285714 0.7496484375 0.29336309523809523 0.170234375
2.0 0.2947619047619048 0.6454296875 0.14428571428571427 0.0767578125
2.0 0.4074702380952381 0.619609375 0.14428571428571427 0.0941796875
2.0 0.1611904761904762 0.6223046875 0.11461309523809524 0.072734375
2.0 0.05952380952380952 0.6112890625 0.10485119047619047 0.0727734375
2.0 0.2699107142857143 0.6071484375 0.10660714285714286 0.0616796875
2.0 0.1417857142857143 0.57921875 0.12443452380952381 0.052265625
2.0 0.44672619047619044 0.7058203125 0.2708333333333333 0.1102734375
2.0 0.1619345238095238 0.80640625 0.32080357142857147 0.2033984375
2.0 0.11589285714285713 0.561484375 0.08119047619047619 0.0509765625
2.0 0.3335119047619048 0.5783984375 0.12273809523809524 0.0686328125
2.0 0.5457440476190476 0.59828125 0.13735119047619046 0.060390625
2.0 0.7645833333333333 0.6081640625 0.20181547619047618 0.1059375
