2.0 0.7443154761904762 0.83296875 0.22309523809523807 0.178125
2.0 0.14526785714285714 0.7496484375 0.29336309523809523 0.170234375
2.0 0.2947619047619048 0.6454296875 0.14428571428571427 0.0767578125
2.0 0.4074702380952381 0.619609375 0.14428571428571427 0.0941796875
2.0 0.1611904761904762 0.62234375 0.11461309523809524 0.072734375
2.0 0.05952380952380952 0.6112890625 0.10485119047619047 0.0727734375
2.0 0.2699107142857143 0.6071484375 0.10660714285714286 0.0616796875
2.0 0.1417857142857143 0.57921875 0.12443452380952381 0.052265625
2.0 0.41354166666666664 0.7066015625 0.2730059523809524 0.109453125
2.0 0.1730654761904762 0.803828125 0.3419345238095238 0.2048828125
2.0 0.10380952380952382 0.560390625 0.07982142857142857 0.0509765625
2.0 0.3175297619047619 0.576953125 0.12020833333333333 0.0673046875
2.0 0.5272916666666666 0.5971875 0.13601190476190478 0.05984375
2.0 0.7392857142857143 0.60640625 0.1980059523809524 0.1039453125
