2.0 0.7443154761904762 0.83296875 0.22309523809523807 0.178125
2.0 0.14526785714285714 0.7496484375 0.29336309523809523 0.170234375
2.0 0.2947619047619048 0.6454296875 0.14428571428571427 0.0767578125
2.0 0.4074702380952381 0.619609375 0.14428571428571427 0.0941796875
2.0 0.1611904761904762 0.6223046875 0.11461309523809524 0.0726953125
2.0 0.05952380952380952 0.6112890625 0.10485119047619047 0.0727734375
2.0 0.2699107142857143 0.6071484375 0.10660714285714286 0.0616796875
2.0 0.1417857142857143 0.57921875 0.12443452380952381 0.052265625
2.0 0.5020238095238095 0.7044140625 0.26720238095238097 0.111640625
2.0 0.14339285714285716 0.81078125 0.2855654761904762 0.2008984375
2.0 0.13598214285714286 0.563203125 0.08351190476190476 0.0509765625
2.0 0.3600892857142857 0.5809765625 0.12699404761904762 0.0708984375
2.0 0.5764880952380952 0.60015625 0.13952380952380952 0.06125
2.0 0.8057142857142858 0.6113671875 0.20145833333333332 0.1083203125
