2.0 0.7443154761904762 0.83296875 0.22309523809523807 0.178125
2.0 0.14526785714285714 0.7496484375 0.29336309523809523 0.170234375
2.0 0.2947619047619048 0.6454296875 0.14428571428571427 0.0767578125
2.0 0.4074702380952381 0.619609375 0.14428571428571427 0.0941796875
2.0 0.1611904761904762 0.6223046875 0.11461309523809524 0.0726953125
2.0 0.05952380952380952 0.6112890625 0.10485119047619047 0.0727734375
2.0 0.2699107142857143 0.6071484375 0.10660714285714286 0.0616796875
2.0 0.1417857142857143 0.57921875 0.12443452380952381 0.052265625
2.0 0.490952380952381 0.7047265625 0.26791666666666664 0.1113671875
2.0 0.14708333333333334 0.809921875 0.2926190476190476 0.20140625
2.0 0.13196428571428573 0.5628125 0.08303571428571428 0.0509765625
2.0 0.35479166666666667 0.58046875 0.1261309523809524 0.0704296875
2.0 0.5703273809523809 0.5998046875 0.13910714285714287 0.0610546875
2.0 0.797797619047619 0.610703125 0.20354166666666668 0.108125
