2.0 0.7443154761904762 0.83296875 0.22309523809523807 0.178125
2.0 0.14526785714285714 0.7496484375 0.29336309523809523 0.170234375
2.0 0.2947619047619048 0.6454296875 0.14428571428571427 0.0767578125
2.0 0.4074702380952381 0.619609375 0.14428571428571427 0.0941796875
2.0 0.1611904761904762 0.6223046875 0.11461309523809524 0.072734375
2.0 0.05952380952380952 0.6112890625 0.10485119047619047 0.0727734375
2.0 0.2699107142857143 0.6071484375 0.10660714285714286 0.0616796875
2.0 0.1417857142857143 0.57921875 0.12443452380952381 0.052265625
2.0 0.45776785714285717 0.7055078125 0.2700892857142857 0.110546875
2.0 0.15824404761904762 0.8073046875 0.31375000000000003 0.202890625
2.0 0.11988095238095238 0.5617578125 0.08166666666666667 0.0509765625
2.0 0.33880952380952384 0.578984375 0.12360119047619048 0.0691015625
2.0 0.5519047619047619 0.5986328125 0.13776785714285714 0.060546875
2.0 0.7730357142857143 0.6087109375 0.2030654761904762 0.1066015625
