2.0 0.7443154761904762 0.83296875 0.22309523809523807 0.178125
2.0 0.14526785714285714 0.7496484375 0.29336309523809523 0.170234375
2.0 0.2947619047619048 0.6454296875 0.14428571428571427 0.0767578125
2.0 0.4074702380952381 0.619609375 0.14428571428571427 0.0941796875
2.0 0.1611904761904762 0.62234375 0.11461309523809524 0.0727734375
2.0 0.05952380952380952 0.6112890625 0.10485119047619047 0.0727734375
2.0 0.2699107142857143 0.6071484375 0.10660714285714286 0.0616796875
2.0 0.1417857142857143 0.57921875 0.12443452380952381 0.052265625
2.0 0.40205357142857145 0.707734375 0.27229166666666665 0.109453125
2.0 0.17678571428571427 0.8029296875 0.3489583333333333 0.205390625
2.0 0.09979166666666667 0.560078125 0.0793452380952381 0.0509765625
2.0 0.31223214285714285 0.57640625 0.1193452380952381 0.066875
2.0 0.5211309523809524 0.596796875 0.13556547619047618 0.0596875
2.0 0.7308333333333333 0.6058203125 0.19672619047619047 0.10328125
