2.0 0.7443154761904762 0.83296875 0.22309523809523807 0.178125
2.0 0.14526785714285714 0.7496484375 0.29336309523809523 0.170234375
2.0 0.2947619047619048 0.6454296875 0.14428571428571427 0.0767578125
2.0 0.4074702380952381 0.619609375 0.14428571428571427 0.0941796875
2.0 0.1611904761904762 0.6223046875 0.11461309523809524 0.072734375
2.0 0.05952380952380952 0.6112890625 0.10485119047619047 0.0727734375
2.0 0.2699107142857143 0.6071484375 0.10660714285714286 0.0616796875
2.0 0.1417857142857143 0.57921875 0.12443452380952381 0.052265625
2.0 0.46883928571428574 0.705234375 0.26937500000000003 0.1108203125
2.0 0.15449404761904761 0.808203125 0.30669642857142854 0.2023828125
2.0 0.12392857142857143 0.562109375 0.08211309523809524 0.0509765625
2.0 0.3441369047619047 0.579453125 0.12443452380952381 0.06953125
2.0 0.5580357142857143 0.5990234375 0.1382142857142857 0.060703125
2.0 0.7814583333333334 0.6093359375 0.20434523809523808 0.107265625
