2.0 0.7443154761904762 0.83296875 0.22309523809523807 0.178125
2.0 0.14526785714285714 0.7496484375 0.29336309523809523 0.170234375
2.0 0.2947619047619048 0.6454296875 0.14428571428571427 0.0767578125
2.0 0.4074702380952381 0.619609375 0.14428571428571427 0.0941796875
2.0 0.1611904761904762 0.62234375 0.11461309523809524 0.0728125
2.0 0.05952380952380952 0.6112890625 0.10485119047619047 0.0727734375
2.0 0.2699107142857143 0.6071484375 0.10660714285714286 0.0616796875
2.0 0.1417857142857143 0.57921875 0.12443452380952381 0.052265625
2.0 0.32160714285714287 0.7155859375 0.26729166666666665 0.109453125
2.0 0.9147321428571429 0.6837109375 0.18104166666666666 0.1176953125
2.0 0.2136309523809524 0.798828125 0.37354166666666666 0.20390625
2.0 0.07163690476190476 0.557578125 0.07613095238095238 0.0509765625
2.0 0.27660714285714283 0.577265625 0.11764880952380953 0.0659765625
2.0 0.4780654761904762 0.594140625 0.1325 0.0584765625
2.0 0.6717261904761904 0.60171875 0.18785714285714286 0.0986328125
