2.0 0.7443154761904762 0.83296875 0.22309523809523807 0.178125
2.0 0.14526785714285714 0.7496484375 0.29336309523809523 0.170234375
2.0 0.2947619047619048 0.6454296875 0.14428571428571427 0.0767578125
2.0 0.4074702380952381 0.619609375 0.14428571428571427 0.0941796875
2.0 0.1611904761904762 0.62234375 0.11461309523809524 0.0727734375
2.0 0.05952380952380952 0.6112890625 0.10485119047619047 0.0727734375
2.0 0.2699107142857143 0.6071484375 0.10660714285714286 0.0616796875
2.0 0.1417857142857143 0.57921875 0.12443452380952381 0.052265625
2.0 0.36755952380952384 0.7110546875 0.2701488095238095 0.109453125
2.0 0.18791666666666668 0.8003125 0.3700892857142857 0.2069140625
2.0 0.08773809523809524 0.558984375 0.07797619047619048 0.0509765625
2.0 0.29660714285714285 0.57578125 0.11764880952380953 0.0659765625
2.0 0.5026785714285714 0.5956640625 0.1342559523809524 0.0591796875
2.0 0.7055059523809524 0.6040625 0.19291666666666665 0.1012890625
