2.0 0.7443154761904762 0.83296875 0.22309523809523807 0.178125
2.0 0.14526785714285714 0.7496484375 0.29336309523809523 0.170234375
2.0 0.2947619047619048 0.6454296875 0.14428571428571427 0.0767578125
2.0 0.4074702380952381 0.619609375 0.14428571428571427 0.0941796875
2.0 0.1611904761904762 0.62234375 0.11461309523809524 0.0727734375
2.0 0.05952380952380952 0.6112890625 0.10485119047619047 0.0727734375
2.0 0.2699107142857143 0.6071484375 0.10660714285714286 0.0616796875
2.0 0.1417857142857143 0.57921875 0.12443452380952381 0.052265625
2.0 0.3560714285714286 0.7122265625 0.2694345238095238 0.109453125
2.0 0.9321428571428572 0.6818359375 0.1519345238095238 0.119921875
2.0 0.1943452380952381 0.7999609375 0.370952380952381 0.2061328125
2.0 0.08369047619047619 0.5586328125 0.0775 0.0509765625
2.0 0.29157738095238095 0.576171875 0.11764880952380953 0.0659765625
2.0 0.4965178571428572 0.5952734375 0.13383928571428572 0.058984375
2.0 0.6970833333333333 0.6034765625 0.19163690476190476 0.100625
