2.0 0.7443154761904762 0.83296875 0.22309523809523807 0.178125
2.0 0.14526785714285714 0.7496484375 0.29336309523809523 0.170234375
2.0 0.2947619047619048 0.6454296875 0.14428571428571427 0.0767578125
2.0 0.4074702380952381 0.619609375 0.14428571428571427 0.0941796875
2.0 0.1611904761904762 0.62234375 0.11461309523809524 0.0727734375
2.0 0.05952380952380952 0.6112890625 0.10485119047619047 0.0727734375
2.0 0.2699107142857143 0.6071484375 0.10660714285714286 0.0616796875
2.0 0.1417857142857143 0.57921875 0.12443452380952381 0.052265625
2.0 0.39053571428571426 0.7088671875 0.27157738095238093 0.109453125
2.0 0.18050595238095238 0.80203125 0.35601190476190475 0.2058984375
2.0 0.09580357142857142 0.5596875 0.07889880952380952 0.0509765625
2.0 0.306875 0.5759375 0.11851190476190476 0.06640625
2.0 0.515 0.59640625 0.1351488095238095 0.0594921875
2.0 0.7223809523809523 0.605234375 0.19544642857142858 0.1026171875
