2.0 0.7443154761904762 0.83296875 0.22309523809523807 0.178125
2.0 0.14526785714285714 0.7496484375 0.29336309523809523 0.170234375
2.0 0.2947619047619048 0.6454296875 0.14428571428571427 0.0767578125
2.0 0.4074702380952381 0.619609375 0.14428571428571427 0.0941796875
2.0 0.1611904761904762 0.6223828125 0.11461309523809524 0.0728125
2.0 0.05952380952380952 0.6112890625 0.10485119047619047 0.0727734375
2.0 0.2699107142857143 0.6071484375 0.10660714285714286 0.0616796875
2.0 0.1417857142857143 0.57921875 0.12443452380952381 0.052265625
2.0 0.2998809523809524 0.7151171875 0.2604464285714286 0.109453125
2.0 0.9030952380952381 0.6849609375 0.20047619047619047 0.1162109375
2.0 0.22571428571428573 0.79703125 0.37142857142857144 0.20390625
2.0 0.06360119047619048 0.556875 0.07520833333333334 0.0509765625
2.0 0.2666071428571429 0.5780078125 0.11764880952380953 0.0659765625
2.0 0.46717261904761903 0.593125 0.13089285714285714 0.0584765625
2.0 0.6549107142857143 0.6005859375 0.18529761904761904 0.0973046875
