2.0 0.7443154761904762 0.83296875 0.22309523809523807 0.178125
2.0 0.14526785714285714 0.7496484375 0.29336309523809523 0.170234375
2.0 0.2947619047619048 0.6454296875 0.14428571428571427 0.0767578125
2.0 0.4074702380952381 0.619609375 0.14428571428571427 0.0941796875
2.0 0.1611904761904762 0.6223828125 0.11461309523809524 0.0728125
2.0 0.05952380952380952 0.6112890625 0.10485119047619047 0.0727734375
2.0 0.2699107142857143 0.6071484375 0.10660714285714286 0.0616796875
2.0 0.1417857142857143 0.57921875 0.12443452380952381 0.052265625
2.0 0.28901785714285716 0.71484375 0.25702380952380954 0.109453125
2.0 0.8972916666666667 0.685625 0.21017857142857144 0.1154296875
2.0 0.23178571428571426 0.796171875 0.3703869047619048 0.20390625
2.0 0.059583333333333335 0.5565234375 0.07473214285714286 0.0509765625
2.0 0.261577380952381 0.5783984375 0.11764880952380953 0.0659765625
2.0 0.46172619047619046 0.59265625 0.1300892857142857 0.0584765625
2.0 0.6464285714285714 0.5999609375 0.18404761904761907 0.0966015625
2.0 0.9001488095238095 0.6144140625 0.1450595238095238 0.0839453125
