2.0 0.7443154761904762 0.83296875 0.22309523809523807 0.178125
2.0 0.14526785714285714 0.7496484375 0.29336309523809523 0.170234375
2.0 0.2947619047619048 0.6454296875 0.14428571428571427 0.0767578125
2.0 0.4074702380952381 0.619609375 0.14428571428571427 0.0941796875
2.0 0.1611904761904762 0.62234375 0.11461309523809524 0.0727734375
2.0 0.05952380952380952 0.6112890625 0.10485119047619047 0.0727734375
2.0 0.2699107142857143 0.6071484375 0.10660714285714286 0.0616796875
2.0 0.1417857142857143 0.57921875 0.12443452380952381 0.052265625
2.0 0.379047619047619 0.7099609375 0.27086309523809526 0.109453125
2.0 0.18422619047619046 0.801171875 0.3630654761904762 0.20640625
2.0 0.09172619047619048 0.5593359375 0.07842261904761905 0.0509765625
2.0 0.30157738095238096 0.575390625 0.11764880952380953 0.0659765625
2.0 0.5088392857142857 0.5960546875 0.13470238095238093 0.0593359375
2.0 0.7139285714285715 0.6046484375 0.19419642857142858 0.101953125
