2.0 0.7443154761904762 0.83296875 0.22309523809523807 0.178125
2.0 0.14526785714285714 0.7496484375 0.29336309523809523 0.170234375
2.0 0.2947619047619048 0.6454296875 0.14428571428571427 0.0767578125
2.0 0.4074702380952381 0.619609375 0.14428571428571427 0.0941796875
2.0 0.1611904761904762 0.6223828125 0.11461309523809524 0.0728515625
2.0 0.05952380952380952 0.6112890625 0.10485119047619047 0.0727734375
2.0 0.2699107142857143 0.6071484375 0.10660714285714286 0.0616796875
2.0 0.1417857142857143 0.57921875 0.12443452380952381 0.052265625
2.0 0.25645833333333334 0.7141015625 0.2467261904761905 0.109453125
2.0 0.8727083333333334 0.6873828125 0.22580357142857144 0.116953125
2.0 0.2499107142857143 0.7935546875 0.36723214285714284 0.20390625
2.0 0.0475 0.55546875 0.07333333333333333 0.0509765625
2.0 0.24851190476190477 0.5768359375 0.11601190476190475 0.0648046875
2.0 0.4453869047619048 0.5911328125 0.12764880952380953 0.0584765625
2.0 0.6242559523809523 0.5984375 0.18089285714285713 0.0948046875
2.0 0.8761309523809524 0.61265625 0.14654761904761907 0.0810546875
