2.0 0.7443154761904762 0.83296875 0.22309523809523807 0.178125
2.0 0.14526785714285714 0.7496484375 0.29336309523809523 0.170234375
2.0 0.2947619047619048 0.6454296875 0.14428571428571427 0.0767578125
2.0 0.4074702380952381 0.619609375 0.14428571428571427 0.0941796875
2.0 0.1611904761904762 0.6223828125 0.11461309523809524 0.072890625
2.0 0.05952380952380952 0.6112890625 0.10485119047619047 0.0727734375
2.0 0.2699107142857143 0.6071484375 0.10660714285714286 0.0616796875
2.0 0.1417857142857143 0.57921875 0.12443452380952381 0.052265625
2.0 0.204375 0.71140625 0.2467261904761905 0.1004296875
2.0 0.8400297619047619 0.6896875 0.24660714285714286 0.1189453125
2.0 0.274077380952381 0.790078125 0.3630654761904762 0.20390625
2.0 0.23101190476190478 0.5746875 0.1137797619047619 0.0632421875
2.0 0.42357142857142854 0.589140625 0.12440476190476189 0.0584765625
2.0 0.5969047619047619 0.596484375 0.17714285714285716 0.0925
2.0 0.8441369047619047 0.6103125 0.14851190476190476 0.0772265625
