2.0 0.7443154761904762 0.83296875 0.22309523809523807 0.178125
2.0 0.14526785714285714 0.7496484375 0.29336309523809523 0.170234375
2.0 0.2947619047619048 0.6454296875 0.14428571428571427 0.0767578125
2.0 0.4074702380952381 0.619609375 0.14428571428571427 0.0941796875
2.0 0.1611904761904762 0.6223828125 0.11461309523809524 0.0728515625
2.0 0.05952380952380952 0.6112890625 0.10485119047619047 0.0727734375
2.0 0.2699107142857143 0.6071484375 0.10660714285714286 0.0616796875
2.0 0.1417857142857143 0.57921875 0.12443452380952381 0.052265625
2.0 0.2781547619047619 0.714609375 0.25357142857142856 0.109453125
2.0 0.8891071428571429 0.68625 0.21538690476190478 0.1159375
2.0 0.23782738095238093 0.7953125 0.36934523809523806 0.20390625
2.0 0.055535714285714285 0.556171875 0.07428571428571429 0.0509765625
2.0 0.25723214285714285 0.5778515625 0.11711309523809524 0.0655859375
2.0 0.45627976190476194 0.5921875 0.1292559523809524 0.0584765625
2.0 0.6379761904761905 0.5994140625 0.18276785714285712 0.0959375
2.0 0.8921428571428571 0.6137890625 0.1455654761904762 0.0830078125
