2.0 0.7443154761904762 0.83296875 0.22309523809523807 0.178125
2.0 0.14526785714285714 0.7496484375 0.29336309523809523 0.170234375
2.0 0.2947619047619048 0.6454296875 0.14428571428571427 0.0767578125
2.0 0.4074702380952381 0.619609375 0.14428571428571427 0.0941796875
2.0 0.1611904761904762 0.622421875 0.11461309523809524 0.072890625
2.0 0.05952380952380952 0.6112890625 0.10485119047619047 0.0727734375
2.0 0.2699107142857143 0.6071484375 0.10660714285714286 0.0616796875
2.0 0.1417857142857143 0.57921875 0.12443452380952381 0.052265625
2.0 0.16532738095238095 0.7094140625 0.2467261904761905 0.0937109375
2.0 0.8124702380952381 0.6911328125 0.2575892857142857 0.1204296875
2.0 0.2914880952380952 0.7876171875 0.36014880952380957 0.2035546875
2.0 0.21791666666666668 0.5730859375 0.11211309523809525 0.062109375
2.0 0.4072023809523809 0.58765625 0.12199404761904763 0.0584765625
2.0 0.5762797619047619 0.595078125 0.17434523809523808 0.0907421875
2.0 0.8201785714285714 0.6084765625 0.1499702380952381 0.0743359375
