2.0 0.7443154761904762 0.83296875 0.22309523809523807 0.178125
2.0 0.14526785714285714 0.7496484375 0.29336309523809523 0.170234375
2.0 0.2947619047619048 0.6454296875 0.14428571428571427 0.0767578125
2.0 0.4074702380952381 0.619609375 0.14428571428571427 0.0941796875
2.0 0.1611904761904762 0.6223828125 0.11461309523809524 0.072890625
2.0 0.05952380952380952 0.6112890625 0.10485119047619047 0.0727734375
2.0 0.2699107142857143 0.6071484375 0.10660714285714286 0.0616796875
2.0 0.1417857142857143 0.57921875 0.12443452380952381 0.052265625
2.0 0.19133928571428574 0.7107421875 0.2467261904761905 0.098203125
2.0 0.8317857142857144 0.6902734375 0.2518154761904762 0.119453125
2.0 0.28011904761904766 0.7891796875 0.3620238095238095 0.20390625
2.0 0.22666666666666666 0.5741796875 0.1132440476190476 0.0628515625
2.0 0.418125 0.5886328125 0.12360119047619048 0.0584765625
2.0 0.5900000000000001 0.596015625 0.1761904761904762 0.0919140625
2.0 0.8362202380952382 0.6096875 0.14898809523809525 0.07625
