2.0 0.7443154761904762 0.83296875 0.22309523809523807 0.178125
2.0 0.14526785714285714 0.7496484375 0.29336309523809523 0.170234375
2.0 0.2947619047619048 0.6454296875 0.14428571428571427 0.0767578125
2.0 0.4074702380952381 0.619609375 0.14428571428571427 0.0941796875
2.0 0.1611904761904762 0.6223828125 0.11461309523809524 0.072890625
2.0 0.05952380952380952 0.6112890625 0.10485119047619047 0.0727734375
2.0 0.2699107142857143 0.6071484375 0.10660714285714286 0.0616796875
2.0 0.1417857142857143 0.57921875 0.12443452380952381 0.052265625
2.0 0.2174107142857143 0.712109375 0.2467261904761905 0.1026953125
2.0 0.8481845238095238 0.689140625 0.24139880952380952 0.1184375
2.0 0.26803571428571427 0.7909375 0.36410714285714285 0.20390625
2.0 0.03544642857142857 0.554453125 0.07196428571428572 0.0509765625
2.0 0.23538690476190477 0.5751953125 0.1143452380952381 0.0636328125
2.0 0.4290178571428572 0.5896484375 0.12523809523809523 0.0584765625
2.0 0.6036904761904762 0.5969921875 0.1780952380952381 0.0930859375
2.0 0.852172619047619 0.610859375 0.14800595238095238 0.0781640625
