2.0 0.7443154761904762 0.83296875 0.22309523809523807 0.178125
2.0 0.14526785714285714 0.7496484375 0.29336309523809523 0.170234375
2.0 0.2947619047619048 0.6454296875 0.14428571428571427 0.0767578125
2.0 0.4074702380952381 0.619609375 0.14428571428571427 0.0941796875
2.0 0.1611904761904762 0.6223828125 0.11461309523809524 0.0728515625
2.0 0.05952380952380952 0.6112890625 0.10485119047619047 0.0727734375
2.0 0.2699107142857143 0.6071484375 0.10660714285714286 0.0616796875
2.0 0.1417857142857143 0.57921875 0.12443452380952381 0.052265625
2.0 0.26729166666666665 0.7143359375 0.2501488095238095 0.109453125
2.0 0.880922619047619 0.6867578125 0.22059523809523812 0.1164453125
2.0 0.24386904761904762 0.794453125 0.36830357142857145 0.20390625
2.0 0.051517857142857136 0.555859375 0.07380952380952381 0.0509765625
2.0 0.2528869047619048 0.57734375 0.11654761904761904 0.0651953125
2.0 0.4508333333333333 0.591640625 0.12845238095238093 0.0584765625
2.0 0.6311607142857143 0.5989453125 0.1818154761904762 0.095390625
2.0 0.8841666666666667 0.613203125 0.14604166666666668 0.08203125
