2.0 0.7443154761904762 0.83296875 0.22309523809523807 0.178125
2.0 0.14526785714285714 0.7496484375 0.29336309523809523 0.170234375
2.0 0.2947619047619048 0.6454296875 0.14428571428571427 0.0767578125
2.0 0.4074702380952381 0.619609375 0.14428571428571427 0.0941796875
2.0 0.1611904761904762 0.6223828125 0.11461309523809524 0.0728515625
2.0 0.05952380952380952 0.6112890625 0.10485119047619047 0.0727734375
2.0 0.2699107142857143 0.6071484375 0.10660714285714286 0.0616796875
2.0 0.1417857142857143 0.57921875 0.12443452380952381 0.052265625
2.0 0.23041666666666666 0.7127734375 0.2467261904761905 0.1049609375
2.0 0.8563690476190476 0.688515625 0.2361904761904762 0.1179296875
2.0 0.2619940476190476 0.791796875 0.3651488095238095 0.20390625
2.0 0.039464285714285716 0.554765625 0.0724404761904762 0.0509765625
2.0 0.23976190476190476 0.57578125 0.11488095238095239 0.0640234375
2.0 0.43449404761904764 0.59015625 0.12604166666666666 0.0584765625
2.0 0.6105654761904762 0.5974609375 0.17901785714285715 0.0936328125
2.0 0.8601488095238095 0.6114453125 0.1475297619047619 0.079140625
