2.0 0.7443154761904762 0.83296875 0.22309523809523807 0.178125
2.0 0.14526785714285714 0.7496484375 0.29336309523809523 0.170234375
2.0 0.2947619047619048 0.6454296875 0.14428571428571427 0.0767578125
2.0 0.4074702380952381 0.619609375 0.14428571428571427 0.0941796875
2.0 0.1611904761904762 0.6223828125 0.11461309523809524 0.0728515625
2.0 0.05952380952380952 0.6112890625 0.10485119047619047 0.0727734375
2.0 0.2699107142857143 0.6071484375 0.10660714285714286 0.0616796875
2.0 0.1417857142857143 0.57921875 0.12443452380952381 0.052265625
2.0 0.24345238095238095 0.7133984375 0.2467261904761905 0.1071875
2.0 0.8645535714285715 0.6879296875 0.23098214285714286 0.1174609375
2.0 0.25595238095238093 0.7926953125 0.36619047619047623 0.20390625
2.0 0.04348214285714286 0.55515625 0.07288690476190476 0.0509765625
2.0 0.24413690476190478 0.5762890625 0.11544642857142857 0.0644140625
2.0 0.43991071428571427 0.590625 0.1268452380952381 0.0584765625
2.0 0.6174107142857143 0.59796875 0.1799702380952381 0.09421875
2.0 0.8681547619047618 0.6120703125 0.14702380952380953 0.0801171875
