2.0 0.7443154761904762 0.83296875 0.22309523809523807 0.178125
2.0 0.14526785714285714 0.7496484375 0.29336309523809523 0.170234375
2.0 0.2947619047619048 0.6454296875 0.14428571428571427 0.0767578125
2.0 0.4074702380952381 0.619609375 0.14428571428571427 0.0941796875
2.0 0.1611904761904762 0.622421875 0.11461309523809524 0.0729296875
2.0 0.05952380952380952 0.6112890625 0.10485119047619047 0.0727734375
2.0 0.2699107142857143 0.6071484375 0.10660714285714286 0.0616796875
2.0 0.1417857142857143 0.57921875 0.12443452380952381 0.052265625
2.0 0.09369047619047619 0.70734375 0.18160714285714286 0.086953125
2.0 0.7458928571428571 0.6927734375 0.2606547619047619 0.1229296875
2.0 0.3232738095238095 0.7835546875 0.35523809523809524 0.20140625
2.0 0.1917261904761905 0.5698828125 0.10880952380952381 0.059765625
2.0 0.37452380952380954 0.5846875 0.11714285714285715 0.0584765625
2.0 0.5351785714285714 0.5922265625 0.1687202380952381 0.0873046875
2.0 0.7730952380952381 0.6059375 0.1511607142857143 0.0699609375
2.0 0.9098809523809525 0.633125 0.15502976190476192 0.08546875
