2.0 0.7443154761904762 0.83296875 0.22309523809523807 0.178125
2.0 0.14526785714285714 0.7496484375 0.29336309523809523 0.170234375
2.0 0.2947619047619048 0.6454296875 0.14428571428571427 0.0767578125
2.0 0.4074702380952381 0.619609375 0.14428571428571427 0.0941796875
2.0 0.1611904761904762 0.622421875 0.11461309523809524 0.072890625
2.0 0.05952380952380952 0.6112890625 0.10485119047619047 0.0727734375
2.0 0.2699107142857143 0.6071484375 0.10660714285714286 0.0616796875
2.0 0.1417857142857143 0.57921875 0.12443452380952381 0.052265625
2.0 0.15229166666666666 0.7087109375 0.2467261904761905 0.0914453125
2.0 0.8013392857142857 0.69140625 0.2581547619047619 0.1209375
2.0 0.29678571428571426 0.7869140625 0.3593452380952381 0.203203125
2.0 0.21357142857142858 0.572578125 0.11157738095238096 0.06171875
2.0 0.4017857142857143 0.5871484375 0.12119047619047618 0.0584765625
2.0 0.5694642857142858 0.5945703125 0.17339285714285713 0.0901953125
2.0 0.8122023809523808 0.6079296875 0.15044642857142856 0.073359375
