2.0 0.7443154761904762 0.83296875 0.22309523809523807 0.178125
2.0 0.14526785714285714 0.7496484375 0.29336309523809523 0.170234375
2.0 0.2947619047619048 0.6454296875 0.14428571428571427 0.0767578125
2.0 0.4074702380952381 0.619609375 0.14428571428571427 0.0941796875
2.0 0.1611904761904762 0.622421875 0.11461309523809524 0.0729296875
2.0 0.05952380952380952 0.6112890625 0.10485119047619047 0.0727734375
2.0 0.2699107142857143 0.6071484375 0.10660714285714286 0.0616796875
2.0 0.1417857142857143 0.57921875 0.12443452380952381 0.052265625
2.0 0.11538690476190477 0.70734375 0.2250297619047619 0.086953125
2.0 0.7679166666666666 0.6921484375 0.2598809523809524 0.122421875
2.0 0.3126785714285714 0.784921875 0.356875 0.202109375
2.0 0.20044642857142855 0.5709765625 0.10991071428571428 0.060546875
2.0 0.3854166666666667 0.585703125 0.11875 0.0584765625
2.0 0.5488988095238095 0.593203125 0.17056547619047618 0.0884375
2.0 0.7882142857142856 0.606171875 0.1519345238095238 0.07046875
2.0 0.9275595238095239 0.6346484375 0.1519345238095238 0.08546875
