2.0 0.7443154761904762 0.83296875 0.22309523809523807 0.178125
2.0 0.14526785714285714 0.7496484375 0.29336309523809523 0.170234375
2.0 0.2947619047619048 0.6454296875 0.14428571428571427 0.0767578125
2.0 0.4074702380952381 0.619609375 0.14428571428571427 0.0941796875
2.0 0.1611904761904762 0.622421875 0.11461309523809524 0.0729296875
2.0 0.05952380952380952 0.6112890625 0.10485119047619047 0.0727734375
2.0 0.2699107142857143 0.6071484375 0.10660714285714286 0.0616796875
2.0 0.1417857142857143 0.57921875 0.12443452380952381 0.052265625
2.0 0.08285714285714285 0.70734375 0.15991071428571427 0.086953125
2.0 0.7349702380952381 0.693203125 0.26086309523809526 0.1229296875
2.0 0.32860119047619046 0.7828515625 0.35443452380952384 0.2010546875
2.0 0.18735119047619048 0.569375 0.10827380952380954 0.059375
2.0 0.36910714285714286 0.584140625 0.11630952380952381 0.0584765625
2.0 0.5283035714285714 0.59171875 0.16776785714285714 0.08671875
2.0 0.7655654761904762 0.60578125 0.1507738095238095 0.0697265625
2.0 0.9010119047619047 0.63234375 0.15657738095238094 0.08546875
