2.0 0.7443154761904762 0.83296875 0.22309523809523807 0.178125
2.0 0.14526785714285714 0.7496484375 0.29336309523809523 0.170234375
2.0 0.2947619047619048 0.6454296875 0.14428571428571427 0.0767578125
2.0 0.4074702380952381 0.619609375 0.14428571428571427 0.0941796875
2.0 0.1611904761904762 0.6224609375 0.11461309523809524 0.0730078125
2.0 0.05952380952380952 0.6112890625 0.10485119047619047 0.0727734375
2.0 0.2699107142857143 0.6071484375 0.10660714285714286 0.0616796875
2.0 0.1417857142857143 0.57921875 0.12443452380952381 0.052265625
2.0 0.6477380952380952 0.6964453125 0.2625297619047619 0.1229296875
2.0 0.37104166666666666 0.7774609375 0.3479166666666667 0.198203125
2.0 0.15244047619047618 0.5651171875 0.10383928571428572 0.0562890625
2.0 0.3285119047619047 0.5808984375 0.1111607142857143 0.0584765625
2.0 0.47348214285714285 0.5878515625 0.16026785714285716 0.082109375
2.0 0.7051190476190475 0.6048046875 0.14773809523809525 0.067734375
2.0 0.8301785714285714 0.62640625 0.16898809523809524 0.08546875
