2.0 0.7443154761904762 0.83296875 0.22309523809523807 0.178125
2.0 0.14526785714285714 0.7496484375 0.29336309523809523 0.170234375
2.0 0.2947619047619048 0.6454296875 0.14428571428571427 0.0767578125
2.0 0.4074702380952381 0.619609375 0.14428571428571427 0.0941796875
2.0 0.1611904761904762 0.6224609375 0.11461309523809524 0.0730078125
2.0 0.05952380952380952 0.6112890625 0.10485119047619047 0.0727734375
2.0 0.2699107142857143 0.6071484375 0.10660714285714286 0.0616796875
2.0 0.1417857142857143 0.57921875 0.12443452380952381 0.052265625
2.0 0.6166666666666666 0.697890625 0.25892857142857145 0.1189453125
2.0 0.3869047619047619 0.7754296875 0.34544642857142854 0.197109375
2.0 0.13931547619047618 0.563515625 0.10217261904761904 0.0551171875
2.0 0.3144642857142857 0.579921875 0.10973214285714285 0.0584765625
2.0 0.4529464285714286 0.5864453125 0.15747023809523808 0.080390625
2.0 0.6824702380952381 0.6044140625 0.14660714285714285 0.066953125
2.0 0.8036011904761905 0.624140625 0.17363095238095239 0.08546875
