2.0 0.7443154761904762 0.83296875 0.22309523809523807 0.178125
2.0 0.14526785714285714 0.7496484375 0.29336309523809523 0.170234375
2.0 0.2947619047619048 0.6454296875 0.14428571428571427 0.0767578125
2.0 0.4074702380952381 0.619609375 0.14428571428571427 0.0941796875
2.0 0.1611904761904762 0.6224609375 0.11461309523809524 0.0730078125
2.0 0.05952380952380952 0.6112890625 0.10485119047619047 0.0727734375
2.0 0.2699107142857143 0.6071484375 0.10660714285714286 0.0616796875
2.0 0.1417857142857143 0.57921875 0.12443452380952381 0.052265625
2.0 0.6368452380952381 0.696875 0.2627380952380952 0.1229296875
2.0 0.3763095238095238 0.776796875 0.34708333333333335 0.1978125
2.0 0.1480654761904762 0.564609375 0.10327380952380953 0.0558984375
2.0 0.3238392857142857 0.5805859375 0.1106845238095238 0.0584765625
2.0 0.4666666666666667 0.587421875 0.1593452380952381 0.0815234375
2.0 0.6975595238095238 0.6046875 0.14735119047619047 0.0674609375
2.0 0.8213392857142858 0.625625 0.1705357142857143 0.08546875
