2.0 0.7443154761904762 0.83296875 0.22309523809523807 0.178125
2.0 0.14526785714285714 0.7496484375 0.29336309523809523 0.170234375
2.0 0.2947619047619048 0.6454296875 0.14428571428571427 0.0767578125
2.0 0.4074702380952381 0.619609375 0.14428571428571427 0.0941796875
2.0 0.1611904761904762 0.6224609375 0.11461309523809524 0.073046875
2.0 0.05952380952380952 0.6112890625 0.10485119047619047 0.0727734375
2.0 0.2699107142857143 0.6071484375 0.10660714285714286 0.0616796875
2.0 0.1417857142857143 0.57921875 0.12443452380952381 0.052265625
2.0 0.5964880952380952 0.6988671875 0.25511904761904763 0.1149609375
2.0 0.39752976190476186 0.7740625 0.34383928571428574 0.19640625
2.0 0.1305952380952381 0.5624609375 0.10107142857142858 0.054375
2.0 0.30505952380952384 0.579296875 0.10875 0.0584765625
2.0 0.4392261904761905 0.58546875 0.1555952380952381 0.07921875
2.0 0.6673809523809524 0.6041796875 0.14583333333333334 0.066484375
2.0 0.7859821428571427 0.62296875 0.17172619047619048 0.08484375
