2.0 0.7443154761904762 0.83296875 0.22309523809523807 0.178125
2.0 0.14526785714285714 0.7496484375 0.29336309523809523 0.170234375
2.0 0.2947619047619048 0.6454296875 0.14428571428571427 0.0767578125
2.0 0.4074702380952381 0.619609375 0.14428571428571427 0.0941796875
2.0 0.1611904761904762 0.6224609375 0.11461309523809524 0.07296875
2.0 0.05952380952380952 0.6112890625 0.10485119047619047 0.0727734375
2.0 0.2699107142857143 0.6071484375 0.10660714285714286 0.0616796875
2.0 0.1417857142857143 0.57921875 0.12443452380952381 0.052265625
2.0 0.06488095238095239 0.70359375 0.12401785714285715 0.079453125
2.0 0.6804761904761905 0.695234375 0.2619047619047619 0.1229296875
2.0 0.3551190476190476 0.77953125 0.35035714285714287 0.1992578125
2.0 0.16553571428571429 0.5666796875 0.1055059523809524 0.0574609375
2.0 0.3425892857142857 0.5818359375 0.11261904761904763 0.0584765625
2.0 0.49404761904761907 0.5893359375 0.1630952380952381 0.083828125
2.0 0.727827380952381 0.60515625 0.14886904761904762 0.0684765625
2.0 0.8567559523809524 0.6286328125 0.1643154761904762 0.08546875
