2.0 0.7443154761904762 0.83296875 0.22309523809523807 0.178125
2.0 0.14526785714285714 0.7496484375 0.29336309523809523 0.170234375
2.0 0.2947619047619048 0.6454296875 0.14428571428571427 0.0767578125
2.0 0.4074702380952381 0.619609375 0.14428571428571427 0.0941796875
2.0 0.1611904761904762 0.6224609375 0.11461309523809524 0.073046875
2.0 0.05952380952380952 0.6112890625 0.10485119047619047 0.0727734375
2.0 0.2699107142857143 0.6071484375 0.10660714285714286 0.0616796875
2.0 0.1417857142857143 0.57921875 0.12443452380952381 0.052265625
2.0 0.606577380952381 0.698359375 0.25702380952380954 0.116953125
2.0 0.3922321428571428 0.774765625 0.34464285714285714 0.1967578125
2.0 0.1349702380952381 0.5630078125 0.10163690476190476 0.054765625
2.0 0.3097916666666667 0.579609375 0.10922619047619049 0.0584765625
2.0 0.44607142857142856 0.5859375 0.15651785714285715 0.0798046875
2.0 0.6749404761904761 0.604296875 0.1462202380952381 0.06671875
2.0 0.7948214285714286 0.6235546875 0.17267857142857143 0.08515625
