2.0 0.7443154761904762 0.83296875 0.22309523809523807 0.178125
2.0 0.14526785714285714 0.7496484375 0.29336309523809523 0.170234375
2.0 0.2947619047619048 0.6454296875 0.14428571428571427 0.0767578125
2.0 0.4074702380952381 0.619609375 0.14428571428571427 0.0941796875
2.0 0.1611904761904762 0.6224609375 0.11461309523809524 0.0730078125
2.0 0.05952380952380952 0.6112890625 0.10485119047619047 0.0727734375
2.0 0.2699107142857143 0.6071484375 0.10660714285714286 0.0616796875
2.0 0.1417857142857143 0.57921875 0.12443452380952381 0.052265625
2.0 0.6267559523809524 0.69734375 0.26083333333333336 0.1209375
2.0 0.38160714285714287 0.7761328125 0.3462797619047619 0.1974609375
2.0 0.1437202380952381 0.5640234375 0.10273809523809525 0.0555078125
2.0 0.31913690476190476 0.580234375 0.11020833333333334 0.0584765625
2.0 0.4597916666666667 0.5869140625 0.15839285714285714 0.0809765625
2.0 0.6900297619047618 0.60453125 0.14696428571428571 0.0672265625
2.0 0.8124702380952381 0.6248828125 0.17208333333333334 0.08546875
