2.0 0.7443154761904762 0.83296875 0.22309523809523807 0.178125
2.0 0.14526785714285714 0.7496484375 0.29336309523809523 0.170234375
2.0 0.2947619047619048 0.6454296875 0.14428571428571427 0.0767578125
2.0 0.4074702380952381 0.619609375 0.14428571428571427 0.0941796875
2.0 0.1611904761904762 0.6225390625 0.11461309523809524 0.0730859375
2.0 0.05952380952380952 0.6112890625 0.10485119047619047 0.0727734375
2.0 0.2699107142857143 0.6071484375 0.10660714285714286 0.0616796875
2.0 0.1417857142857143 0.57921875 0.12443452380952381 0.052265625
2.0 0.49235119047619047 0.701796875 0.2636607142857143 0.1109375
2.0 0.45154761904761903 0.77 0.3304761904761905 0.1883203125
2.0 0.10014880952380951 0.561171875 0.09708333333333333 0.05546875
2.0 0.26285714285714284 0.576484375 0.10443452380952382 0.0584765625
2.0 0.3775595238095238 0.581171875 0.14714285714285713 0.0740234375
2.0 0.6054464285714286 0.602421875 0.12907738095238094 0.0659765625
2.0 0.7066666666666667 0.617578125 0.1631547619047619 0.0821484375
