2.0 0.7443154761904762 0.83296875 0.22309523809523807 0.178125
2.0 0.14526785714285714 0.7496484375 0.29336309523809523 0.170234375
2.0 0.2947619047619048 0.6454296875 0.14428571428571427 0.0767578125
2.0 0.4074702380952381 0.619609375 0.14428571428571427 0.0941796875
2.0 0.1611904761904762 0.6225390625 0.11461309523809524 0.0730859375
2.0 0.05952380952380952 0.6112890625 0.10485119047619047 0.0727734375
2.0 0.2699107142857143 0.6071484375 0.10660714285714286 0.0616796875
2.0 0.1417857142857143 0.57921875 0.12443452380952381 0.052265625
2.0 0.5283035714285714 0.7009375 0.25836309523809525 0.1109375
2.0 0.43351190476190476 0.7713671875 0.3349107142857143 0.191015625
2.0 0.10994047619047619 0.5614453125 0.09836309523809524 0.054921875
2.0 0.2769642857142857 0.577421875 0.10586309523809524 0.0584765625
2.0 0.39809523809523806 0.582578125 0.1499702380952381 0.07578125
2.0 0.6260119047619048 0.603125 0.13708333333333333 0.0659765625
2.0 0.733125 0.6193359375 0.16601190476190478 0.083046875
