2.0 0.7443154761904762 0.83296875 0.22309523809523807 0.178125
2.0 0.14526785714285714 0.7496484375 0.29336309523809523 0.170234375
2.0 0.2947619047619048 0.6454296875 0.14428571428571427 0.0767578125
2.0 0.4074702380952381 0.619609375 0.14428571428571427 0.0941796875
2.0 0.1611904761904762 0.6225390625 0.11461309523809524 0.0730859375
2.0 0.05952380952380952 0.6112890625 0.10485119047619047 0.0727734375
2.0 0.2699107142857143 0.6071484375 0.10660714285714286 0.0616796875
2.0 0.1417857142857143 0.57921875 0.12443452380952381 0.052265625
2.0 0.5163690476190477 0.7012109375 0.26011904761904764 0.1109375
2.0 0.43952380952380954 0.7708984375 0.33342261904761905 0.1901171875
2.0 0.10666666666666667 0.5613671875 0.09794642857142856 0.0551171875
2.0 0.27223214285714287 0.577109375 0.10538690476190475 0.0584765625
2.0 0.3912797619047619 0.5820703125 0.14901785714285715 0.0751953125
2.0 0.6191369047619047 0.602890625 0.1344047619047619 0.0659765625
2.0 0.7242559523809524 0.6187890625 0.16505952380952382 0.0827734375
