2.0 0.7443154761904762 0.83296875 0.22309523809523807 0.178125
2.0 0.14526785714285714 0.7496484375 0.29336309523809523 0.170234375
2.0 0.2947619047619048 0.6454296875 0.14428571428571427 0.0767578125
2.0 0.4074702380952381 0.619609375 0.14428571428571427 0.0941796875
2.0 0.1611904761904762 0.6224609375 0.11461309523809524 0.073046875
2.0 0.05952380952380952 0.6112890625 0.10485119047619047 0.0727734375
2.0 0.2699107142857143 0.6071484375 0.10660714285714286 0.0616796875
2.0 0.1417857142857143 0.57921875 0.12443452380952381 0.052265625
2.0 0.5763095238095237 0.69984375 0.2513095238095238 0.1109375
2.0 0.4095238095238095 0.7731640625 0.3408630952380952 0.194609375
2.0 0.12300595238095238 0.5618359375 0.10008928571428573 0.0541796875
2.0 0.2956845238095238 0.578671875 0.10779761904761904 0.0584765625
2.0 0.42553571428571424 0.5844921875 0.1537202380952381 0.0780859375
2.0 0.6522619047619047 0.60390625 0.1450595238095238 0.0659765625
2.0 0.7683630952380953 0.62171875 0.16982142857142857 0.0842578125
