2.0 0.7443154761904762 0.83296875 0.22309523809523807 0.178125
2.0 0.14526785714285714 0.7496484375 0.29336309523809523 0.170234375
2.0 0.2947619047619048 0.6454296875 0.14428571428571427 0.0767578125
2.0 0.4074702380952381 0.619609375 0.14428571428571427 0.0941796875
2.0 0.1611904761904762 0.622578125 0.11461309523809524 0.0731640625
2.0 0.05952380952380952 0.6112890625 0.10485119047619047 0.0727734375
2.0 0.2699107142857143 0.6071484375 0.10660714285714286 0.0616796875
2.0 0.1417857142857143 0.57921875 0.12443452380952381 0.052265625
2.0 0.3958333333333333 0.704765625 0.2707142857142857 0.1109375
2.0 0.5001785714285715 0.7639453125 0.32288690476190474 0.187421875
2.0 0.07083333333333333 0.5603125 0.09324404761904762 0.0571484375
2.0 0.22595238095238096 0.573359375 0.099375 0.0569140625
2.0 0.3300297619047619 0.5781640625 0.13874999999999998 0.071953125
2.0 0.5479464285714286 0.5996484375 0.1130952380952381 0.064453125
2.0 0.6273214285714286 0.6121484375 0.15458333333333332 0.079453125
