2.0 0.7443154761904762 0.83296875 0.22309523809523807 0.178125
2.0 0.14526785714285714 0.7496484375 0.29336309523809523 0.170234375
2.0 0.2947619047619048 0.6454296875 0.14428571428571427 0.0767578125
2.0 0.4074702380952381 0.619609375 0.14428571428571427 0.0941796875
2.0 0.1611904761904762 0.622578125 0.11461309523809524 0.0731640625
2.0 0.05952380952380952 0.6112890625 0.10485119047619047 0.0727734375
2.0 0.2699107142857143 0.6071484375 0.10660714285714286 0.0616796875
2.0 0.1417857142857143 0.57921875 0.12443452380952381 0.052265625
2.0 0.4152380952380953 0.703984375 0.2707142857142857 0.1109375
2.0 0.48949404761904763 0.765390625 0.3244047619047619 0.187421875
2.0 0.07735119047619048 0.5605078125 0.09410714285714286 0.056796875
2.0 0.23401785714285714 0.5741015625 0.10050595238095239 0.0573046875
2.0 0.34020833333333333 0.57875 0.140625 0.07234375
2.0 0.5588690476190477 0.60046875 0.1130952380952381 0.06546875
2.0 0.6449702380952381 0.6133203125 0.15648809523809523 0.080078125
