2.0 0.7443154761904762 0.83296875 0.22309523809523807 0.178125
2.0 0.14526785714285714 0.7496484375 0.29336309523809523 0.170234375
2.0 0.2947619047619048 0.6454296875 0.14428571428571427 0.0767578125
2.0 0.4074702380952381 0.619609375 0.14428571428571427 0.0941796875
2.0 0.1611904761904762 0.6225390625 0.11461309523809524 0.073125
2.0 0.05952380952380952 0.6112890625 0.10485119047619047 0.0727734375
2.0 0.2699107142857143 0.6071484375 0.10660714285714286 0.0616796875
2.0 0.1417857142857143 0.57921875 0.12443452380952381 0.052265625
2.0 0.4563690476190476 0.702578125 0.26895833333333335 0.1109375
2.0 0.4681845238095238 0.7681640625 0.32744047619047617 0.187421875
2.0 0.09038690476190477 0.5608984375 0.09580357142857142 0.0560546875
2.0 0.25011904761904763 0.57546875 0.10279761904761904 0.0580859375
2.0 0.36050595238095234 0.5800390625 0.14434523809523808 0.0730859375
2.0 0.5848809523809524 0.601640625 0.12107142857142857 0.0659765625
2.0 0.6802083333333334 0.6157421875 0.16029761904761905 0.08125
