2.0 0.7443154761904762 0.83296875 0.22309523809523807 0.178125
2.0 0.14526785714285714 0.7496484375 0.29336309523809523 0.170234375
2.0 0.2947619047619048 0.6454296875 0.14428571428571427 0.0767578125
2.0 0.4074702380952381 0.619609375 0.14428571428571427 0.0941796875
2.0 0.1611904761904762 0.6225390625 0.11461309523809524 0.073125
2.0 0.05952380952380952 0.6112890625 0.10485119047619047 0.0727734375
2.0 0.2699107142857143 0.6071484375 0.10660714285714286 0.0616796875
2.0 0.1417857142857143 0.57921875 0.12443452380952381 0.052265625
2.0 0.444375 0.702890625 0.2707142857142857 0.1109375
2.0 0.47348214285714285 0.7674609375 0.32669642857142855 0.187421875
2.0 0.08711309523809524 0.56078125 0.09538690476190476 0.0562109375
2.0 0.24610119047619047 0.5751171875 0.10223214285714285 0.057890625
2.0 0.3554464285714286 0.5797265625 0.14342261904761905 0.072890625
2.0 0.5780059523809524 0.60140625 0.11842261904761904 0.0659765625
2.0 0.6713988095238095 0.61515625 0.1593452380952381 0.0809765625
