2.0 0.7443154761904762 0.83296875 0.22309523809523807 0.178125
2.0 0.14526785714285714 0.7496484375 0.29336309523809523 0.170234375
2.0 0.2947619047619048 0.6454296875 0.14428571428571427 0.0767578125
2.0 0.4074702380952381 0.619609375 0.14428571428571427 0.0941796875
2.0 0.1611904761904762 0.622578125 0.11461309523809524 0.073125
2.0 0.05952380952380952 0.6112890625 0.10485119047619047 0.0727734375
2.0 0.2699107142857143 0.6071484375 0.10660714285714286 0.0616796875
2.0 0.1417857142857143 0.57921875 0.12443452380952381 0.052265625
2.0 0.43470238095238095 0.70328125 0.2707142857142857 0.1109375
2.0 0.4788095238095238 0.766796875 0.32592261904761904 0.187421875
2.0 0.08389880952380953 0.560703125 0.09494047619047619 0.05640625
2.0 0.24208333333333334 0.5748046875 0.10166666666666666 0.0576953125
2.0 0.35035714285714287 0.5794140625 0.1424702380952381 0.0726953125
2.0 0.5711904761904761 0.6011328125 0.11574404761904762 0.0659765625
2.0 0.6625892857142857 0.61453125 0.15839285714285714 0.0806640625
