2.0 0.7443154761904762 0.83296875 0.22309523809523807 0.178125
2.0 0.14526785714285714 0.7496484375 0.29336309523809523 0.170234375
2.0 0.2947619047619048 0.6454296875 0.14428571428571427 0.0767578125
2.0 0.4074702380952381 0.619609375 0.14428571428571427 0.0941796875
2.0 0.1611904761904762 0.622578125 0.11461309523809524 0.0731640625
2.0 0.05952380952380952 0.6112890625 0.10485119047619047 0.0727734375
2.0 0.2699107142857143 0.6071484375 0.10660714285714286 0.0616796875
2.0 0.1417857142857143 0.57921875 0.12443452380952381 0.052265625
2.0 0.4055357142857143 0.7043359375 0.2707142857142857 0.1109375
2.0 0.4948214285714285 0.7646484375 0.3236607142857143 0.187421875
2.0 0.07407738095238095 0.5604296875 0.09366071428571428 0.0569921875
2.0 0.2299702380952381 0.57375 0.09994047619047619 0.057109375
2.0 0.33514880952380954 0.5784765625 0.13967261904761905 0.0721484375
2.0 0.5533928571428571 0.600078125 0.1130952380952381 0.0649609375
2.0 0.6361607142857143 0.612734375 0.15553571428571428 0.079765625
