2.0 0.7443154761904762 0.83296875 0.22309523809523807 0.178125
2.0 0.14526785714285714 0.7496484375 0.29336309523809523 0.170234375
2.0 0.2947619047619048 0.6454296875 0.14428571428571427 0.0767578125
2.0 0.4074702380952381 0.619609375 0.14428571428571427 0.0941796875
2.0 0.1611904761904762 0.622578125 0.11461309523809524 0.073125
2.0 0.05952380952380952 0.6112890625 0.10485119047619047 0.0727734375
2.0 0.2699107142857143 0.6071484375 0.10660714285714286 0.0616796875
2.0 0.1417857142857143 0.57921875 0.12443452380952381 0.052265625
2.0 0.4249404761904762 0.70359375 0.2707142857142857 0.1109375
2.0 0.4841964285714286 0.76609375 0.32517857142857143 0.187421875
2.0 0.0805952380952381 0.5605859375 0.09452380952380952 0.0566015625
2.0 0.23800595238095237 0.5744140625 0.10110119047619047 0.0575
2.0 0.345297619047619 0.5791015625 0.14154761904761906 0.0725
2.0 0.5643154761904763 0.6008984375 0.1130952380952381 0.0659765625
2.0 0.6537797619047618 0.6139453125 0.1574404761904762 0.0803515625
