2.0 0.7443154761904762 0.83296875 0.22309523809523807 0.178125
2.0 0.14526785714285714 0.7496484375 0.29336309523809523 0.170234375
2.0 0.2947619047619048 0.6454296875 0.14428571428571427 0.0767578125
2.0 0.4074702380952381 0.619609375 0.14428571428571427 0.0941796875
2.0 0.1611904761904762 0.6225390625 0.11461309523809524 0.073125
2.0 0.05952380952380952 0.6112890625 0.10485119047619047 0.0727734375
2.0 0.2699107142857143 0.6071484375 0.10660714285714286 0.0616796875
2.0 0.1417857142857143 0.57921875 0.12443452380952381 0.052265625
2.0 0.4683630952380953 0.70234375 0.26720238095238097 0.1109375
2.0 0.4628273809523809 0.7688671875 0.32821428571428574 0.187421875
2.0 0.09366071428571428 0.5609765625 0.09625000000000002 0.055859375
2.0 0.2541666666666667 0.5758203125 0.10336309523809523 0.05828125
2.0 0.365625 0.5803125 0.14526785714285714 0.07328125
2.0 0.5916964285714286 0.601875 0.12375 0.0659765625
2.0 0.6890178571428571 0.616328125 0.16125 0.0815625
