2.0 0.7443154761904762 0.83296875 0.22309523809523807 0.178125
2.0 0.14526785714285714 0.7496484375 0.29336309523809523 0.170234375
2.0 0.2947619047619048 0.6454296875 0.14428571428571427 0.0767578125
2.0 0.4074702380952381 0.619609375 0.14428571428571427 0.0941796875
2.0 0.1611904761904762 0.622578125 0.11461309523809524 0.0731640625
2.0 0.05952380952380952 0.6112890625 0.10485119047619047 0.0727734375
2.0 0.2699107142857143 0.6071484375 0.10660714285714286 0.0616796875
2.0 0.1417857142857143 0.57921875 0.12443452380952381 0.052265625
2.0 0.3763988095238095 0.70546875 0.2707142857142857 0.1109375
2.0 0.5108035714285715 0.7625390625 0.3213690476190476 0.187421875
2.0 0.0642857142857143 0.5601171875 0.09238095238095238 0.0575390625
2.0 0.21788690476190475 0.5726953125 0.09824404761904762 0.0565234375
2.0 0.3198809523809524 0.5775 0.136875 0.0715625
2.0 0.5370238095238096 0.5987890625 0.1130952380952381 0.0634765625
2.0 0.6097321428571428 0.6109765625 0.1526785714285714 0.0788671875
