2.0 0.7443154761904762 0.83296875 0.22309523809523807 0.178125
2.0 0.14526785714285714 0.7496484375 0.29336309523809523 0.170234375
2.0 0.2947619047619048 0.6454296875 0.14428571428571427 0.0767578125
2.0 0.4074702380952381 0.619609375 0.14428571428571427 0.0941796875
2.0 0.1611904761904762 0.622578125 0.11461309523809524 0.073203125
2.0 0.05952380952380952 0.6112890625 0.10485119047619047 0.0727734375
2.0 0.2699107142857143 0.6071484375 0.10660714285714286 0.0616796875
2.0 0.1417857142857143 0.57921875 0.12443452380952381 0.052265625
2.0 0.32479166666666665 0.7078515625 0.2600595238095238 0.1109375
2.0 0.5374702380952381 0.7591015625 0.3175595238095238 0.187421875
2.0 0.04797619047619048 0.5596484375 0.09023809523809524 0.0584765625
2.0 0.19773809523809524 0.5709765625 0.09538690476190476 0.055546875
2.0 0.2944940476190476 0.5759375 0.13220238095238096 0.070625
2.0 0.565625 0.6079296875 0.14791666666666667 0.07734375
