2.0 0.7443154761904762 0.83296875 0.22309523809523807 0.178125
2.0 0.14526785714285714 0.7496484375 0.29336309523809523 0.170234375
2.0 0.2947619047619048 0.6454296875 0.14428571428571427 0.0767578125
2.0 0.4074702380952381 0.619609375 0.14428571428571427 0.0941796875
2.0 0.1611904761904762 0.622578125 0.11461309523809524 0.073203125
2.0 0.05952380952380952 0.6112890625 0.10485119047619047 0.0727734375
2.0 0.2699107142857143 0.6071484375 0.10660714285714286 0.0616796875
2.0 0.1417857142857143 0.57921875 0.12443452380952381 0.052265625
2.0 0.3143452380952381 0.708359375 0.2573809523809524 0.1109375
2.0 0.5436607142857143 0.7584765625 0.31744047619047616 0.1871484375
2.0 0.1937202380952381 0.5705859375 0.09482142857142857 0.0553515625
2.0 0.28943452380952384 0.5756640625 0.1312797619047619 0.0704296875
2.0 0.5568154761904762 0.60734375 0.14696428571428571 0.0770703125
