2.0 0.7443154761904762 0.83296875 0.22309523809523807 0.178125
2.0 0.14526785714285714 0.7496484375 0.29336309523809523 0.170234375
2.0 0.2947619047619048 0.6454296875 0.14428571428571427 0.0767578125
2.0 0.4074702380952381 0.619609375 0.14428571428571427 0.0941796875
2.0 0.1611904761904762 0.622578125 0.11461309523809524 0.0732421875
2.0 0.05952380952380952 0.6112890625 0.10485119047619047 0.0727734375
2.0 0.2699107142857143 0.6071484375 0.10660714285714286 0.0616796875
2.0 0.1417857142857143 0.57921875 0.12443452380952381 0.052265625
2.0 0.28250000000000003 0.7096875 0.25244047619047616 0.1109375
2.0 0.5620833333333334 0.7565625 0.31705357142857143 0.18640625
2.0 0.18160714285714286 0.5695703125 0.09309523809523809 0.054765625
2.0 0.27416666666666667 0.5747265625 0.12848214285714285 0.06984375
2.0 0.5322321428571429 0.6054296875 0.1444642857142857 0.0761328125
