2.0 0.7443154761904762 0.83296875 0.22309523809523807 0.178125
2.0 0.14526785714285714 0.7496484375 0.29336309523809523 0.170234375
2.0 0.2947619047619048 0.6454296875 0.14428571428571427 0.0767578125
2.0 0.4074702380952381 0.619609375 0.14428571428571427 0.0941796875
2.0 0.1611904761904762 0.622578125 0.11461309523809524 0.073203125
2.0 0.05952380952380952 0.6112890625 0.10485119047619047 0.0727734375
2.0 0.2699107142857143 0.6071484375 0.10660714285714286 0.0616796875
2.0 0.1417857142857143 0.57921875 0.12443452380952381 0.052265625
2.0 0.30389880952380954 0.708828125 0.25473214285714285 0.1109375
2.0 0.5497916666666667 0.7578125 0.31729166666666664 0.1869140625
2.0 0.18967261904761903 0.5703125 0.09422619047619048 0.05515625
2.0 0.2843452380952381 0.5753515625 0.13035714285714284 0.070234375
2.0 0.5480059523809524 0.6067578125 0.14601190476190476 0.0767578125
