2.0 0.7443154761904762 0.83296875 0.22309523809523807 0.178125
2.0 0.14526785714285714 0.7496484375 0.29336309523809523 0.170234375
2.0 0.2947619047619048 0.6454296875 0.14428571428571427 0.0767578125
2.0 0.4074702380952381 0.619609375 0.14428571428571427 0.0941796875
2.0 0.1611904761904762 0.622578125 0.11461309523809524 0.0732421875
2.0 0.05952380952380952 0.6112890625 0.10485119047619047 0.0727734375
2.0 0.2699107142857143 0.6071484375 0.10660714285714286 0.0616796875
2.0 0.1417857142857143 0.57921875 0.12443452380952381 0.052265625
2.0 0.27178571428571424 0.71015625 0.2513095238095238 0.1109375
2.0 0.5682738095238096 0.7559765625 0.3169345238095238 0.186171875
2.0 0.17758928571428573 0.5691796875 0.0925297619047619 0.0545703125
2.0 0.26907738095238093 0.5744140625 0.12755952380952382 0.0696484375
2.0 0.525327380952381 0.6046875 0.1438392857142857 0.0758203125
