2.0 0.7443154761904762 0.83296875 0.22309523809523807 0.178125
2.0 0.14526785714285714 0.7496484375 0.29336309523809523 0.170234375
2.0 0.2947619047619048 0.6454296875 0.14428571428571427 0.0767578125
2.0 0.4074702380952381 0.619609375 0.14428571428571427 0.0941796875
2.0 0.1611904761904762 0.622578125 0.11461309523809524 0.073203125
2.0 0.05952380952380952 0.6112890625 0.10485119047619047 0.0727734375
2.0 0.2699107142857143 0.6071484375 0.10660714285714286 0.0616796875
2.0 0.1417857142857143 0.57921875 0.12443452380952381 0.052265625
2.0 0.35622023809523806 0.706328125 0.26806547619047616 0.1109375
2.0 0.5214583333333334 0.761171875 0.3198511904761905 0.187421875
2.0 0.057797619047619056 0.5599609375 0.09151785714285714 0.057890625
2.0 0.20982142857142858 0.57203125 0.09708333333333333 0.0561328125
2.0 0.30976190476190474 0.5769140625 0.1350297619047619 0.071171875
2.0 0.5260714285714285 0.5980078125 0.1130952380952381 0.0624609375
2.0 0.5920535714285714 0.609765625 0.1507738095238095 0.07828125
