2.0 0.7443154761904762 0.83296875 0.22309523809523807 0.178125
2.0 0.14526785714285714 0.7496484375 0.29336309523809523 0.170234375
2.0 0.2947619047619048 0.6454296875 0.14428571428571427 0.0767578125
2.0 0.4074702380952381 0.619609375 0.14428571428571427 0.0941796875
2.0 0.1611904761904762 0.622578125 0.11461309523809524 0.0731640625
2.0 0.05952380952380952 0.6112890625 0.10485119047619047 0.0727734375
2.0 0.2699107142857143 0.6071484375 0.10660714285714286 0.0616796875
2.0 0.1417857142857143 0.57921875 0.12443452380952381 0.052265625
2.0 0.3667261904761905 0.705859375 0.2707142857142857 0.1109375
2.0 0.5161309523809523 0.761875 0.3205952380952381 0.187421875
2.0 0.061041666666666675 0.5600390625 0.0919642857142857 0.057734375
2.0 0.21386904761904763 0.5723828125 0.09767857142857143 0.056328125
2.0 0.3148214285714286 0.5771875 0.13595238095238096 0.0713671875
2.0 0.5315773809523809 0.5983984375 0.1130952380952381 0.06296875
2.0 0.600922619047619 0.6103515625 0.15172619047619046 0.0785546875
