2.0 0.7443154761904762 0.83296875 0.22309523809523807 0.178125
2.0 0.14526785714285714 0.7496484375 0.29336309523809523 0.170234375
2.0 0.2947619047619048 0.6454296875 0.14428571428571427 0.0767578125
2.0 0.4074702380952381 0.619609375 0.14428571428571427 0.0941796875
2.0 0.1611904761904762 0.622578125 0.11461309523809524 0.073203125
2.0 0.05952380952380952 0.6112890625 0.10485119047619047 0.0727734375
2.0 0.2699107142857143 0.6071484375 0.10660714285714286 0.0616796875
2.0 0.1417857142857143 0.57921875 0.12443452380952381 0.052265625
2.0 0.34574404761904765 0.7068359375 0.26538690476190474 0.1109375
2.0 0.5268154761904762 0.76046875 0.3190773809523809 0.187421875
2.0 0.054494047619047616 0.55984375 0.09110119047619047 0.0580859375
2.0 0.20577380952380953 0.571640625 0.09651785714285714 0.0559375
2.0 0.30464285714285716 0.5766015625 0.13407738095238095 0.0709765625
2.0 0.5206547619047619 0.5976171875 0.1130952380952381 0.061953125
2.0 0.5832440476190476 0.609140625 0.14982142857142858 0.07796875
