2.0 0.7443154761904762 0.83296875 0.22309523809523807 0.178125
2.0 0.14526785714285714 0.7496484375 0.29336309523809523 0.170234375
2.0 0.2947619047619048 0.6454296875 0.14428571428571427 0.0767578125
2.0 0.4074702380952381 0.619609375 0.14428571428571427 0.0941796875
2.0 0.1611904761904762 0.6226171875 0.11461309523809524 0.0733203125
2.0 0.05952380952380952 0.6112890625 0.10485119047619047 0.0727734375
2.0 0.2699107142857143 0.6071484375 0.10660714285714286 0.0616796875
2.0 0.1417857142857143 0.57921875 0.12443452380952381 0.052265625
2.0 0.17535714285714285 0.7084765625 0.24101190476190476 0.1026953125
2.0 0.6236607142857143 0.7503125 0.3157738095238095 0.18390625
2.0 0.1413095238095238 0.56609375 0.08738095238095238 0.0528515625
2.0 0.22336309523809522 0.5715625 0.11913690476190476 0.06796875
2.0 0.4631547619047619 0.597890625 0.13833333333333334 0.0729296875
2.0 0.9030059523809525 0.6301171875 0.16220238095238096 0.0884375
