2.0 0.7443154761904762 0.83296875 0.22309523809523807 0.178125
2.0 0.14526785714285714 0.7496484375 0.29336309523809523 0.170234375
2.0 0.2947619047619048 0.6454296875 0.14428571428571427 0.0767578125
2.0 0.4074702380952381 0.619609375 0.14428571428571427 0.0941796875
2.0 0.1611904761904762 0.6226171875 0.11461309523809524 0.0733203125
2.0 0.05952380952380952 0.6112890625 0.10485119047619047 0.0727734375
2.0 0.2699107142857143 0.6071484375 0.10660714285714286 0.0616796875
2.0 0.1417857142857143 0.57921875 0.12443452380952381 0.052265625
2.0 0.16464285714285715 0.7077734375 0.23988095238095236 0.1010546875
2.0 0.6297916666666667 0.7497265625 0.31565476190476194 0.183671875
2.0 0.13729166666666667 0.56578125 0.08681547619047619 0.05265625
2.0 0.21827380952380954 0.5712890625 0.11821428571428572 0.0677734375
2.0 0.4561904761904762 0.5971484375 0.13773809523809524 0.0726171875
2.0 0.8932142857142857 0.6295703125 0.16130952380952382 0.087890625
