2.0 0.7443154761904762 0.83296875 0.22309523809523807 0.178125
2.0 0.14526785714285714 0.7496484375 0.29336309523809523 0.170234375
2.0 0.2947619047619048 0.6454296875 0.14428571428571427 0.0767578125
2.0 0.4074702380952381 0.619609375 0.14428571428571427 0.0941796875
2.0 0.1611904761904762 0.622578125 0.11461309523809524 0.07328125
2.0 0.05952380952380952 0.6112890625 0.10485119047619047 0.0727734375
2.0 0.2699107142857143 0.6071484375 0.10660714285714286 0.0616796875
2.0 0.1417857142857143 0.57921875 0.12443452380952381 0.052265625
2.0 0.20758928571428573 0.71046875 0.24446428571428572 0.10765625
2.0 0.6051785714285715 0.7521875 0.3161607142857143 0.1846484375
2.0 0.15342261904761903 0.5671484375 0.08910714285714286 0.0534375
2.0 0.2386011904761905 0.5725390625 0.1219642857142857 0.068515625
2.0 0.4838392857142857 0.60015625 0.14017857142857143 0.07390625
