2.0 0.7443154761904762 0.83296875 0.22309523809523807 0.178125
2.0 0.14526785714285714 0.7496484375 0.29336309523809523 0.170234375
2.0 0.2947619047619048 0.6454296875 0.14428571428571427 0.0767578125
2.0 0.4074702380952381 0.619609375 0.14428571428571427 0.0941796875
2.0 0.1611904761904762 0.622578125 0.11461309523809524 0.07328125
2.0 0.05952380952380952 0.6112890625 0.10485119047619047 0.0727734375
2.0 0.2699107142857143 0.6071484375 0.10660714285714286 0.0616796875
2.0 0.1417857142857143 0.57921875 0.12443452380952381 0.052265625
2.0 0.21833333333333332 0.711171875 0.2455952380952381 0.109296875
2.0 0.5990178571428572 0.7528515625 0.31627976190476187 0.184921875
2.0 0.1574404761904762 0.5675 0.08967261904761904 0.05359375
2.0 0.24369047619047618 0.572890625 0.12288690476190475 0.0687109375
2.0 0.4908035714285714 0.600859375 0.14077380952380952 0.07421875
