2.0 0.7443154761904762 0.83296875 0.22309523809523807 0.178125
2.0 0.14526785714285714 0.7496484375 0.29336309523809523 0.170234375
2.0 0.2947619047619048 0.6454296875 0.14428571428571427 0.0767578125
2.0 0.4074702380952381 0.619609375 0.14428571428571427 0.0941796875
2.0 0.1611904761904762 0.6226171875 0.11461309523809524 0.073359375
2.0 0.05952380952380952 0.6112890625 0.10485119047619047 0.0727734375
2.0 0.2699107142857143 0.6071484375 0.10660714285714286 0.0616796875
2.0 0.1417857142857143 0.57921875 0.12443452380952381 0.052265625
2.0 0.6607738095238096 0.7462109375 0.31526785714285716 0.1805078125
2.0 0.11714285714285715 0.5640234375 0.08395833333333333 0.0516796875
2.0 0.1962797619047619 0.570078125 0.11354166666666667 0.066796875
2.0 0.42160714285714285 0.5933984375 0.13467261904761904 0.071015625
2.0 0.8441666666666666 0.6268359375 0.1569047619047619 0.085078125
