2.0 0.7443154761904762 0.83296875 0.22309523809523807 0.178125
2.0 0.14526785714285714 0.7496484375 0.29336309523809523 0.170234375
2.0 0.2947619047619048 0.6454296875 0.14428571428571427 0.0767578125
2.0 0.4074702380952381 0.619609375 0.14428571428571427 0.0941796875
2.0 0.1611904761904762 0.6226953125 0.11461309523809524 0.0734375
2.0 0.05952380952380952 0.6112890625 0.10485119047619047 0.0727734375
2.0 0.2699107142857143 0.6071484375 0.10660714285714286 0.0616796875
2.0 0.1417857142857143 0.57921875 0.12443452380952381 0.052265625
2.0 0.7535119047619048 0.7328125 0.316547619047619 0.1609375
2.0 0.05669642857142857 0.558828125 0.07538690476190475 0.04875
2.0 0.13282738095238095 0.5666796875 0.09955357142857144 0.0639453125
2.0 0.3262797619047619 0.5833203125 0.12386904761904761 0.0663671875
2.0 0.6971428571428572 0.6183984375 0.14360119047619047 0.076640625
2.0 0.8431845238095238 0.610234375 0.13830357142857141 0.0830859375
