2.0 0.7443154761904762 0.83296875 0.22309523809523807 0.178125
2.0 0.14526785714285714 0.7496484375 0.29336309523809523 0.170234375
2.0 0.2947619047619048 0.6454296875 0.14428571428571427 0.0767578125
2.0 0.4074702380952381 0.619609375 0.14428571428571427 0.0941796875
2.0 0.1611904761904762 0.6226953125 0.11461309523809524 0.0733984375
2.0 0.05952380952380952 0.6112890625 0.10485119047619047 0.0727734375
2.0 0.2699107142857143 0.6071484375 0.10660714285714286 0.0616796875
2.0 0.1417857142857143 0.57921875 0.12443452380952381 0.052265625
2.0 0.7107142857142857 0.73984375 0.31526785714285716 0.1708984375
2.0 0.08488095238095238 0.5612109375 0.07940476190476191 0.0501171875
2.0 0.1624404761904762 0.56828125 0.10610119047619047 0.0652734375
2.0 0.3663095238095238 0.587421875 0.12976190476190477 0.0684375
2.0 0.7657440476190477 0.6223046875 0.14982142857142858 0.0805859375
2.0 0.8982440476190476 0.613125 0.1398511904761905 0.08578125
