2.0 0.7443154761904762 0.83296875 0.22309523809523807 0.178125
2.0 0.14526785714285714 0.7496484375 0.29336309523809523 0.170234375
2.0 0.2947619047619048 0.6454296875 0.14428571428571427 0.0767578125
2.0 0.4074702380952381 0.619609375 0.14428571428571427 0.0941796875
2.0 0.1611904761904762 0.6226953125 0.11461309523809524 0.0734375
2.0 0.05952380952380952 0.6112890625 0.10485119047619047 0.0727734375
2.0 0.2699107142857143 0.6071484375 0.10660714285714286 0.0616796875
2.0 0.1417857142857143 0.57921875 0.12443452380952381 0.052265625
2.0 0.7477083333333333 0.7343359375 0.31589285714285714 0.1629296875
2.0 0.06071428571428571 0.5591796875 0.07595238095238095 0.0489453125
2.0 0.1370535714285714 0.5669140625 0.10047619047619047 0.064140625
2.0 0.33110119047619047 0.5837890625 0.12488095238095238 0.066640625
2.0 0.7069345238095238 0.6189453125 0.1444940476190476 0.0772265625
2.0 0.8511011904761906 0.610625 0.13851190476190475 0.0834765625
