2.0 0.7443154761904762 0.83296875 0.22309523809523807 0.178125
2.0 0.14526785714285714 0.7496484375 0.29336309523809523 0.170234375
2.0 0.2947619047619048 0.6454296875 0.14428571428571427 0.0767578125
2.0 0.4074702380952381 0.619609375 0.14428571428571427 0.0941796875
2.0 0.1611904761904762 0.6226953125 0.11461309523809524 0.0733984375
2.0 0.05952380952380952 0.6112890625 0.10485119047619047 0.0727734375
2.0 0.2699107142857143 0.6071484375 0.10660714285714286 0.0616796875
2.0 0.1417857142857143 0.57921875 0.12443452380952381 0.052265625
2.0 0.7044940476190477 0.740625 0.31526785714285716 0.172109375
2.0 0.08892857142857143 0.5615625 0.0799702380952381 0.0503125
2.0 0.16666666666666666 0.5684765625 0.10702380952380952 0.06546875
2.0 0.3732142857142857 0.5881640625 0.13038690476190476 0.06875
2.0 0.7755357142857142 0.6228515625 0.15068452380952382 0.0811328125
2.0 0.9061607142857143 0.6135546875 0.14005952380952383 0.086171875
