2.0 0.7443154761904762 0.83296875 0.22309523809523807 0.178125
2.0 0.14526785714285714 0.7496484375 0.29336309523809523 0.170234375
2.0 0.2947619047619048 0.6454296875 0.14428571428571427 0.0767578125
2.0 0.4074702380952381 0.619609375 0.14428571428571427 0.0941796875
2.0 0.1611904761904762 0.6226953125 0.11461309523809524 0.0733984375
2.0 0.05952380952380952 0.6112890625 0.10485119047619047 0.0727734375
2.0 0.2699107142857143 0.6071484375 0.10660714285714286 0.0616796875
2.0 0.1417857142857143 0.57921875 0.12443452380952381 0.052265625
2.0 0.6982142857142857 0.74140625 0.31526785714285716 0.1733203125
2.0 0.09294642857142857 0.5619140625 0.08053571428571428 0.0505078125
2.0 0.17089285714285715 0.5687109375 0.10794642857142858 0.0656640625
2.0 0.3801488095238095 0.58890625 0.13101190476190477 0.0690625
2.0 0.7853571428571429 0.6234375 0.15157738095238096 0.08171875
2.0 0.9139880952380953 0.613984375 0.14026785714285714 0.0865625
