2.0 0.7443154761904762 0.83296875 0.22309523809523807 0.178125
2.0 0.14526785714285714 0.7496484375 0.29336309523809523 0.170234375
2.0 0.2947619047619048 0.6454296875 0.14428571428571427 0.0767578125
2.0 0.4074702380952381 0.619609375 0.14428571428571427 0.0941796875
2.0 0.1611904761904762 0.6226953125 0.11461309523809524 0.0734765625
2.0 0.05952380952380952 0.6112890625 0.10485119047619047 0.0727734375
2.0 0.2699107142857143 0.6071484375 0.10660714285714286 0.0616796875
2.0 0.1417857142857143 0.57921875 0.12443452380952381 0.052265625
2.0 0.7823511904761905 0.7253515625 0.31970238095238096 0.1509375
2.0 0.11166666666666668 0.565546875 0.09488095238095237 0.0630078125
2.0 0.30220238095238094 0.5810546875 0.11877976190476189 0.0649609375
2.0 0.649702380952381 0.61546875 0.13919642857142858 0.073828125
2.0 0.8038988095238095 0.608125 0.13717261904761907 0.0811328125
