2.0 0.7443154761904762 0.83296875 0.22309523809523807 0.178125
2.0 0.14526785714285714 0.7496484375 0.29336309523809523 0.170234375
2.0 0.2947619047619048 0.6454296875 0.14428571428571427 0.0767578125
2.0 0.4074702380952381 0.619609375 0.14428571428571427 0.0941796875
2.0 0.1611904761904762 0.6226953125 0.11461309523809524 0.0734765625
2.0 0.05952380952380952 0.6112890625 0.10485119047619047 0.0727734375
2.0 0.2699107142857143 0.6071484375 0.10660714285714286 0.0616796875
2.0 0.1417857142857143 0.57921875 0.12443452380952381 0.052265625
2.0 0.7708333333333334 0.7283203125 0.31845238095238093 0.154921875
2.0 0.044583333333333336 0.5577734375 0.0736904761904762 0.0481640625
2.0 0.12011904761904761 0.5659765625 0.09675595238095237 0.0633984375
2.0 0.3118452380952381 0.5819921875 0.12080357142857144 0.0655078125
2.0 0.6677083333333333 0.61671875 0.14095238095238094 0.0749609375
2.0 0.8196130952380952 0.6089453125 0.1376190476190476 0.0819140625
