2.0 0.7443154761904762 0.83296875 0.22309523809523807 0.178125
2.0 0.14526785714285714 0.7496484375 0.29336309523809523 0.170234375
2.0 0.2947619047619048 0.6454296875 0.14428571428571427 0.0767578125
2.0 0.4074702380952381 0.619609375 0.14428571428571427 0.0941796875
2.0 0.1611904761904762 0.6226953125 0.11461309523809524 0.0734765625
2.0 0.05952380952380952 0.6112890625 0.10485119047619047 0.0727734375
2.0 0.2699107142857143 0.6071484375 0.10660714285714286 0.0616796875
2.0 0.1417857142857143 0.57921875 0.12443452380952381 0.052265625
2.0 0.7650297619047619 0.7298046875 0.31779761904761905 0.1569140625
2.0 0.04863095238095238 0.558125 0.07425595238095238 0.048359375
2.0 0.124375 0.56625 0.09767857142857143 0.06359375
2.0 0.3166666666666667 0.582421875 0.12184523809523809 0.06578125
2.0 0.6775297619047619 0.6173046875 0.14184523809523808 0.0755078125
2.0 0.8274404761904761 0.609375 0.13785714285714284 0.0823046875
