2.0 0.7443154761904762 0.83296875 0.22309523809523807 0.178125
2.0 0.14526785714285714 0.7496484375 0.29336309523809523 0.170234375
2.0 0.2947619047619048 0.6454296875 0.14428571428571427 0.0767578125
2.0 0.4074702380952381 0.619609375 0.14428571428571427 0.0941796875
2.0 0.1611904761904762 0.6226953125 0.11461309523809524 0.0734765625
2.0 0.05952380952380952 0.6112890625 0.10485119047619047 0.0727734375
2.0 0.2699107142857143 0.6071484375 0.10660714285714286 0.0616796875
2.0 0.1417857142857143 0.57921875 0.12443452380952381 0.052265625
2.0 0.7881547619047619 0.723828125 0.32035714285714284 0.14890625
2.0 0.10747023809523809 0.5653125 0.09395833333333334 0.0628125
2.0 0.29735119047619046 0.580546875 0.11776785714285715 0.0646875
2.0 0.6414880952380952 0.6147265625 0.13830357142857141 0.07328125
2.0 0.7960416666666668 0.60765625 0.13696428571428573 0.08078125
