2.0 0.7443154761904762 0.83296875 0.22309523809523807 0.178125
2.0 0.14526785714285714 0.7496484375 0.29336309523809523 0.170234375
2.0 0.2947619047619048 0.6454296875 0.14428571428571427 0.0767578125
2.0 0.4074702380952381 0.619609375 0.14428571428571427 0.0941796875
2.0 0.1611904761904762 0.6226953125 0.11461309523809524 0.073515625
2.0 0.05952380952380952 0.6112890625 0.10485119047619047 0.0727734375
2.0 0.2699107142857143 0.6071484375 0.10660714285714286 0.0616796875
2.0 0.1417857142857143 0.57921875 0.12443452380952381 0.052265625
2.0 0.8069345238095238 0.72234375 0.31955357142857144 0.1469140625
2.0 0.09476190476190476 0.5646484375 0.09116071428571429 0.062265625
2.0 0.28291666666666665 0.5792578125 0.11473214285714285 0.063828125
2.0 0.6168154761904762 0.612578125 0.1356547619047619 0.0716015625
2.0 0.7724404761904763 0.6064453125 0.1363095238095238 0.079609375
