2.0 0.7443154761904762 0.83296875 0.22309523809523807 0.178125
2.0 0.14526785714285714 0.7496484375 0.29336309523809523 0.170234375
2.0 0.2947619047619048 0.6454296875 0.14428571428571427 0.0767578125
2.0 0.4074702380952381 0.619609375 0.14428571428571427 0.0941796875
2.0 0.1611904761904762 0.6226953125 0.11461309523809524 0.073515625
2.0 0.05952380952380952 0.6112890625 0.10485119047619047 0.0727734375
2.0 0.2699107142857143 0.6071484375 0.10660714285714286 0.0616796875
2.0 0.1417857142857143 0.57921875 0.12443452380952381 0.052265625
2.0 0.813422619047619 0.72234375 0.3188392857142857 0.1469140625
2.0 0.09053571428571429 0.564453125 0.09023809523809524 0.0620703125
2.0 0.27809523809523806 0.5787890625 0.1136904761904762 0.0635546875
2.0 0.6086011904761905 0.6119140625 0.13476190476190478 0.071015625
2.0 0.7645535714285714 0.606015625 0.13607142857142857 0.07921875
