2.0 0.7443154761904762 0.83296875 0.22309523809523807 0.178125
2.0 0.14526785714285714 0.7496484375 0.29336309523809523 0.170234375
2.0 0.2947619047619048 0.6454296875 0.14428571428571427 0.0767578125
2.0 0.4074702380952381 0.619609375 0.14428571428571427 0.0941796875
2.0 0.1611904761904762 0.6226953125 0.11461309523809524 0.073515625
2.0 0.05952380952380952 0.6112890625 0.10485119047619047 0.0727734375
2.0 0.2699107142857143 0.6071484375 0.10660714285714286 0.0616796875
2.0 0.1417857142857143 0.57921875 0.12443452380952381 0.052265625
2.0 0.7938988095238095 0.72234375 0.3209821428571428 0.1469140625
2.0 0.10324404761904761 0.5651171875 0.09303571428571429 0.0626171875
2.0 0.2925892857142857 0.5801171875 0.11675595238095238 0.0644140625
2.0 0.6332738095238095 0.6140234375 0.1374107142857143 0.0726953125
2.0 0.7881547619047619 0.6073046875 0.1367559523809524 0.080390625
