2.0 0.7443154761904762 0.83296875 0.22309523809523807 0.178125
2.0 0.14526785714285714 0.7496484375 0.29336309523809523 0.170234375
2.0 0.2947619047619048 0.6454296875 0.14428571428571427 0.0767578125
2.0 0.4074702380952381 0.619609375 0.14428571428571427 0.0941796875
2.0 0.1611904761904762 0.6226953125 0.11461309523809524 0.0734765625
2.0 0.05952380952380952 0.6112890625 0.10485119047619047 0.0727734375
2.0 0.2699107142857143 0.6071484375 0.10660714285714286 0.0616796875
2.0 0.1417857142857143 0.57921875 0.12443452380952381 0.052265625
2.0 0.7766071428571428 0.7268359375 0.3190773809523809 0.1529296875
2.0 0.040595238095238094 0.557421875 0.07309523809523809 0.04796875
2.0 0.11592261904761905 0.5657421875 0.09583333333333334 0.063203125
2.0 0.30702380952380953 0.5815234375 0.11979166666666667 0.065234375
2.0 0.6579166666666667 0.616171875 0.14005952380952383 0.0744140625
2.0 0.8117261904761905 0.608515625 0.1374107142857143 0.0815234375
