2.0 0.7443154761904762 0.83296875 0.22309523809523807 0.178125
2.0 0.14526785714285714 0.7496484375 0.29336309523809523 0.170234375
2.0 0.2947619047619048 0.6454296875 0.14428571428571427 0.0767578125
2.0 0.4074702380952381 0.619609375 0.14428571428571427 0.0941796875
2.0 0.1611904761904762 0.6227734375 0.11461309523809524 0.07359375
2.0 0.05952380952380952 0.6112890625 0.10485119047619047 0.0727734375
2.0 0.2699107142857143 0.6071484375 0.10660714285714286 0.0616796875
2.0 0.1417857142857143 0.57921875 0.12443452380952381 0.052265625
2.0 0.8605059523809524 0.72234375 0.2917261904761905 0.1469140625
2.0 0.048244047619047624 0.5621875 0.08089285714285714 0.06015625
2.0 0.22991071428571427 0.57421875 0.10354166666666667 0.06078125
2.0 0.5279761904761905 0.6048046875 0.1261904761904762 0.0657421875
2.0 0.6953273809523809 0.600078125 0.1338690476190476 0.0753515625
