2.0 0.7443154761904762 0.83296875 0.22309523809523807 0.178125
2.0 0.14526785714285714 0.7496484375 0.29336309523809523 0.170234375
2.0 0.2947619047619048 0.6454296875 0.14428571428571427 0.0767578125
2.0 0.4074702380952381 0.619609375 0.14428571428571427 0.0941796875
2.0 0.1611904761904762 0.6227734375 0.11461309523809524 0.0735546875
2.0 0.05952380952380952 0.6112890625 0.10485119047619047 0.0727734375
2.0 0.2699107142857143 0.6071484375 0.10660714285714286 0.0616796875
2.0 0.1417857142857143 0.57921875 0.12443452380952381 0.052265625
2.0 0.8488095238095238 0.72234375 0.3105654761904762 0.1469140625
2.0 0.06514880952380953 0.563046875 0.08461309523809524 0.0609375
2.0 0.24916666666666668 0.576015625 0.1075892857142857 0.0619140625
2.0 0.5592559523809524 0.6075390625 0.1294345238095238 0.06765625
2.0 0.7214285714285714 0.602734375 0.13476190476190478 0.0769140625
