2.0 0.7443154761904762 0.83296875 0.22309523809523807 0.178125
2.0 0.14526785714285714 0.7496484375 0.29336309523809523 0.170234375
2.0 0.2947619047619048 0.6454296875 0.14428571428571427 0.0767578125
2.0 0.4074702380952381 0.619609375 0.14428571428571427 0.0941796875
2.0 0.1611904761904762 0.6227734375 0.11461309523809524 0.073515625
2.0 0.05952380952380952 0.6112890625 0.10485119047619047 0.0727734375
2.0 0.2699107142857143 0.6071484375 0.10660714285714286 0.0616796875
2.0 0.1417857142857143 0.57921875 0.12443452380952381 0.052265625
2.0 0.8263988095238096 0.72234375 0.3174107142857143 0.1469140625
2.0 0.08208333333333333 0.5639453125 0.08836309523809524 0.0616796875
2.0 0.26845238095238094 0.5778515625 0.11166666666666668 0.0630078125
2.0 0.5921428571428572 0.6104296875 0.13300595238095236 0.0698828125
2.0 0.7488392857142857 0.605234375 0.135625 0.0784375
