2.0 0.7443154761904762 0.83296875 0.22309523809523807 0.178125
2.0 0.14526785714285714 0.7496484375 0.29336309523809523 0.170234375
2.0 0.2947619047619048 0.6454296875 0.14428571428571427 0.0767578125
2.0 0.4074702380952381 0.619609375 0.14428571428571427 0.0941796875
2.0 0.1611904761904762 0.6227734375 0.11461309523809524 0.0735546875
2.0 0.05952380952380952 0.6112890625 0.10485119047619047 0.0727734375
2.0 0.2699107142857143 0.6071484375 0.10660714285714286 0.0616796875
2.0 0.1417857142857143 0.57921875 0.12443452380952381 0.052265625
2.0 0.8517261904761905 0.72234375 0.30583333333333335 0.1469140625
2.0 0.06095238095238095 0.5628515625 0.08369047619047619 0.0607421875
2.0 0.244375 0.5755859375 0.10657738095238097 0.061640625
2.0 0.5510714285714285 0.6068359375 0.1285714285714286 0.067109375
2.0 0.7148809523809524 0.6020703125 0.13452380952380955 0.0765234375
