2.0 0.7443154761904762 0.83296875 0.22309523809523807 0.178125
2.0 0.14526785714285714 0.7496484375 0.29336309523809523 0.170234375
2.0 0.2947619047619048 0.6454296875 0.14428571428571427 0.0767578125
2.0 0.4074702380952381 0.619609375 0.14428571428571427 0.0941796875
2.0 0.1611904761904762 0.6228125 0.11461309523809524 0.0736328125
2.0 0.05952380952380952 0.6112890625 0.10485119047619047 0.0727734375
2.0 0.2699107142857143 0.6071484375 0.10660714285714286 0.0616796875
2.0 0.1417857142857143 0.57921875 0.12443452380952381 0.052265625
2.0 0.8827083333333332 0.72234375 0.2508035714285714 0.1469140625
2.0 0.1980952380952381 0.5713671875 0.09749999999999999 0.058828125
2.0 0.48154761904761906 0.6005859375 0.12205357142857143 0.0641015625
2.0 0.6489880952380952 0.599375 0.12764880952380953 0.0749609375
2.0 0.9085119047619047 0.6316015625 0.14157738095238095 0.0858203125
