2.0 0.7443154761904762 0.83296875 0.22309523809523807 0.178125
2.0 0.14526785714285714 0.7496484375 0.29336309523809523 0.170234375
2.0 0.2947619047619048 0.6454296875 0.14428571428571427 0.0767578125
2.0 0.4074702380952381 0.619609375 0.14428571428571427 0.0941796875
2.0 0.1611904761904762 0.6228125 0.11461309523809524 0.0736328125
2.0 0.05952380952380952 0.6112890625 0.10485119047619047 0.0727734375
2.0 0.2699107142857143 0.6071484375 0.10660714285714286 0.0616796875
2.0 0.1417857142857143 0.57921875 0.12443452380952381 0.052265625
2.0 0.8860416666666666 0.72234375 0.24413690476190478 0.1469140625
2.0 0.19419642857142858 0.5710546875 0.09702380952380953 0.0585546875
2.0 0.4748809523809524 0.6000390625 0.12145833333333333 0.06390625
2.0 0.6423214285714286 0.599375 0.12663690476190476 0.0749609375
2.0 0.8991666666666667 0.630859375 0.14422619047619048 0.08546875
