2.0 0.7443154761904762 0.83296875 0.22309523809523807 0.178125
2.0 0.14526785714285714 0.7496484375 0.29336309523809523 0.170234375
2.0 0.2947619047619048 0.6454296875 0.14428571428571427 0.0767578125
2.0 0.4074702380952381 0.619609375 0.14428571428571427 0.0941796875
2.0 0.1611904761904762 0.6227734375 0.11461309523809524 0.07359375
2.0 0.05952380952380952 0.6112890625 0.10485119047619047 0.0727734375
2.0 0.2699107142857143 0.6071484375 0.10660714285714286 0.0616796875
2.0 0.1417857142857143 0.57921875 0.12443452380952381 0.052265625
2.0 0.863452380952381 0.72234375 0.2869940476190476 0.1469140625
2.0 0.04401785714285714 0.561953125 0.0799702380952381 0.0599609375
2.0 0.22508928571428571 0.57375 0.10252976190476192 0.0605078125
2.0 0.5213690476190477 0.60421875 0.1255952380952381 0.0655078125
2.0 0.6888095238095238 0.599375 0.13366071428571427 0.0749609375
