2.0 0.7443154761904762 0.83296875 0.22309523809523807 0.178125
2.0 0.14526785714285714 0.7496484375 0.29336309523809523 0.170234375
2.0 0.2947619047619048 0.6454296875 0.14428571428571427 0.0767578125
2.0 0.4074702380952381 0.619609375 0.14428571428571427 0.0941796875
2.0 0.1611904761904762 0.6228125 0.11461309523809524 0.0736328125
2.0 0.05952380952380952 0.6112890625 0.10485119047619047 0.0727734375
2.0 0.2699107142857143 0.6071484375 0.10660714285714286 0.0616796875
2.0 0.1417857142857143 0.57921875 0.12443452380952381 0.052265625
2.0 0.8893749999999999 0.72234375 0.2374404761904762 0.1469140625
2.0 0.19029761904761905 0.57078125 0.09654761904761903 0.05828125
2.0 0.46824404761904764 0.5994140625 0.12086309523809524 0.063671875
2.0 0.6356845238095238 0.599375 0.1256547619047619 0.0749609375
2.0 0.8897916666666668 0.63015625 0.1468452380952381 0.085078125
