2.0 0.7443154761904762 0.83296875 0.22309523809523807 0.178125
2.0 0.14526785714285714 0.7496484375 0.29336309523809523 0.170234375
2.0 0.2947619047619048 0.6454296875 0.14428571428571427 0.0767578125
2.0 0.4074702380952381 0.619609375 0.14428571428571427 0.0941796875
2.0 0.1611904761904762 0.6228125 0.11461309523809524 0.0737109375
2.0 0.05952380952380952 0.6112890625 0.10485119047619047 0.0727734375
2.0 0.2699107142857143 0.6071484375 0.10660714285714286 0.0616796875
2.0 0.1417857142857143 0.57921875 0.12443452380952381 0.052265625
2.0 0.9129464285714286 0.72234375 0.19032738095238097 0.1469140625
2.0 0.14764880952380952 0.567734375 0.0912797619047619 0.0551953125
2.0 0.3967261904761905 0.5930859375 0.1143452380952381 0.0611328125
2.0 0.568779761904762 0.5946875 0.11913690476190476 0.0722265625
2.0 0.7864880952380953 0.621875 0.17592261904761905 0.0809765625
2.0 0.9195833333333334 0.6181640625 0.16333333333333333 0.079453125
