2.0 0.7443154761904762 0.83296875 0.22309523809523807 0.178125
2.0 0.14526785714285714 0.7496484375 0.29336309523809523 0.170234375
2.0 0.2947619047619048 0.6454296875 0.14428571428571427 0.0767578125
2.0 0.4074702380952381 0.619609375 0.14428571428571427 0.0941796875
2.0 0.1611904761904762 0.6228125 0.11461309523809524 0.0737109375
2.0 0.05952380952380952 0.6112890625 0.10485119047619047 0.0727734375
2.0 0.2699107142857143 0.6071484375 0.10660714285714286 0.0616796875
2.0 0.1417857142857143 0.57921875 0.12443452380952381 0.052265625
2.0 0.9088690476190476 0.72234375 0.19842261904761904 0.1469140625
2.0 0.15541666666666668 0.56828125 0.09223214285714285 0.05578125
2.0 0.4085416666666667 0.5940234375 0.11553571428571428 0.0616015625
2.0 0.580922619047619 0.5955078125 0.12032738095238095 0.0726953125
2.0 0.8052678571428571 0.623359375 0.170625 0.08171875
