2.0 0.7443154761904762 0.83296875 0.22309523809523807 0.178125
2.0 0.14526785714285714 0.7496484375 0.29336309523809523 0.170234375
2.0 0.2947619047619048 0.6454296875 0.14428571428571427 0.0767578125
2.0 0.4074702380952381 0.619609375 0.14428571428571427 0.0941796875
2.0 0.1611904761904762 0.6228125 0.11461309523809524 0.073671875
2.0 0.05952380952380952 0.6112890625 0.10485119047619047 0.0727734375
2.0 0.2699107142857143 0.6071484375 0.10660714285714286 0.0616796875
2.0 0.1417857142857143 0.57921875 0.12443452380952381 0.052265625
2.0 0.9008035714285715 0.72234375 0.21458333333333332 0.1469140625
2.0 0.17092261904761905 0.569375 0.09413690476190475 0.056875
2.0 0.43508928571428573 0.5964453125 0.11788690476190476 0.0625
2.0 0.6052678571428571 0.597265625 0.12267857142857143 0.0737109375
2.0 0.842827380952381 0.6264453125 0.16005952380952382 0.083203125
