2.0 0.7443154761904762 0.83296875 0.22309523809523807 0.178125
2.0 0.14526785714285714 0.7496484375 0.29336309523809523 0.170234375
2.0 0.2947619047619048 0.6454296875 0.14428571428571427 0.0767578125
2.0 0.4074702380952381 0.619609375 0.14428571428571427 0.0941796875
2.0 0.1611904761904762 0.6228125 0.11461309523809524 0.073671875
2.0 0.05952380952380952 0.6112890625 0.10485119047619047 0.0727734375
2.0 0.2699107142857143 0.6071484375 0.10660714285714286 0.0616796875
2.0 0.1417857142857143 0.57921875 0.12443452380952381 0.052265625
2.0 0.8947321428571429 0.72234375 0.22669642857142858 0.1469140625
2.0 0.1825595238095238 0.570234375 0.09556547619047619 0.057734375
2.0 0.45499999999999996 0.5982421875 0.11967261904761906 0.063203125
2.0 0.6235416666666667 0.5985546875 0.12446428571428572 0.074453125
2.0 0.8709523809523809 0.6286328125 0.15214285714285714 0.0843359375
