2.0 0.7443154761904762 0.83296875 0.22309523809523807 0.178125
2.0 0.14526785714285714 0.7496484375 0.29336309523809523 0.170234375
2.0 0.2947619047619048 0.6454296875 0.14428571428571427 0.0767578125
2.0 0.4074702380952381 0.619609375 0.14428571428571427 0.0941796875
2.0 0.1611904761904762 0.6228125 0.11461309523809524 0.073671875
2.0 0.05952380952380952 0.6112890625 0.10485119047619047 0.0727734375
2.0 0.2699107142857143 0.6071484375 0.10660714285714286 0.0616796875
2.0 0.1417857142857143 0.57921875 0.12443452380952381 0.052265625
2.0 0.8987797619047619 0.72234375 0.21860119047619048 0.1469140625
2.0 0.17482142857142857 0.5696875 0.09461309523809523 0.0571484375
2.0 0.44169642857142855 0.59703125 0.11848214285714287 0.062734375
2.0 0.6113988095238095 0.5976953125 0.12327380952380954 0.0739453125
2.0 0.852172619047619 0.6271484375 0.1574107142857143 0.08359375
