2.0 0.7443154761904762 0.83296875 0.22309523809523807 0.178125
2.0 0.14526785714285714 0.7496484375 0.29336309523809523 0.170234375
2.0 0.2947619047619048 0.6454296875 0.14428571428571427 0.0767578125
2.0 0.4074702380952381 0.619609375 0.14428571428571427 0.0941796875
2.0 0.1611904761904762 0.6228515625 0.11461309523809524 0.0737890625
2.0 0.05952380952380952 0.6112890625 0.10485119047619047 0.0727734375
2.0 0.2699107142857143 0.6071484375 0.10660714285714286 0.0616796875
2.0 0.1417857142857143 0.57921875 0.12443452380952381 0.052265625
2.0 0.9258630952380952 0.72234375 0.16449404761904762 0.1469140625
2.0 0.11663690476190476 0.56546875 0.0874404761904762 0.05296875
2.0 0.3494345238095238 0.589296875 0.10958333333333334 0.059296875
2.0 0.5201190476190476 0.59125 0.1144047619047619 0.070234375
2.0 0.7080654761904762 0.6158984375 0.1667857142857143 0.0789453125
2.0 0.8619940476190476 0.6139453125 0.1569345238095238 0.075859375
