2.0 0.7443154761904762 0.83296875 0.22309523809523807 0.178125
2.0 0.14526785714285714 0.7496484375 0.29336309523809523 0.170234375
2.0 0.2947619047619048 0.6454296875 0.14428571428571427 0.0767578125
2.0 0.4074702380952381 0.619609375 0.14428571428571427 0.0941796875
2.0 0.1611904761904762 0.6228125 0.11461309523809524 0.0737109375
2.0 0.05952380952380952 0.6112890625 0.10485119047619047 0.0727734375
2.0 0.2699107142857143 0.6071484375 0.10660714285714286 0.0616796875
2.0 0.1417857142857143 0.57921875 0.12443452380952381 0.052265625
2.0 0.9149702380952381 0.72234375 0.18627976190476192 0.1469140625
2.0 0.1437797619047619 0.567421875 0.09077380952380952 0.054921875
2.0 0.3908035714285714 0.5926171875 0.11374999999999999 0.0608984375
2.0 0.5626785714285715 0.59421875 0.11854166666666666 0.071953125
2.0 0.7766666666666666 0.6211328125 0.17476190476190476 0.080703125
2.0 0.9123809523809524 0.6176171875 0.1625595238095238 0.0790234375
