2.0 0.7443154761904762 0.83296875 0.22309523809523807 0.178125
2.0 0.14526785714285714 0.7496484375 0.29336309523809523 0.170234375
2.0 0.2947619047619048 0.6454296875 0.14428571428571427 0.0767578125
2.0 0.4074702380952381 0.619609375 0.14428571428571427 0.0941796875
2.0 0.1611904761904762 0.6228515625 0.11461309523809524 0.0737890625
2.0 0.05952380952380952 0.6112890625 0.10485119047619047 0.0727734375
2.0 0.2699107142857143 0.6071484375 0.10660714285714286 0.0616796875
2.0 0.1417857142857143 0.57921875 0.12443452380952381 0.052265625
2.0 0.9272321428571428 0.72234375 0.1617559523809524 0.1469140625
2.0 0.11276785714285714 0.5651953125 0.08696428571428572 0.0526953125
2.0 0.34348214285714285 0.588828125 0.10898809523809523 0.0590625
2.0 0.5139880952380952 0.5908203125 0.11380952380952382 0.0699609375
2.0 0.6982440476190477 0.61515625 0.165625 0.0787109375
2.0 0.8547916666666666 0.6133984375 0.1561607142857143 0.0754296875
