2.0 0.7443154761904762 0.83296875 0.22309523809523807 0.178125
2.0 0.14526785714285714 0.7496484375 0.29336309523809523 0.170234375
2.0 0.2947619047619048 0.6454296875 0.14428571428571427 0.0767578125
2.0 0.4074702380952381 0.619609375 0.14428571428571427 0.0941796875
2.0 0.1611904761904762 0.6228515625 0.11461309523809524 0.07375
2.0 0.05952380952380952 0.6112890625 0.10485119047619047 0.0727734375
2.0 0.2699107142857143 0.6071484375 0.10660714285714286 0.0616796875
2.0 0.1417857142857143 0.57921875 0.12443452380952381 0.052265625
2.0 0.9217559523809523 0.72234375 0.17270833333333332 0.1469140625
2.0 0.12830357142857143 0.566328125 0.08886904761904761 0.053828125
2.0 0.36717261904761905 0.5907421875 0.11136904761904762 0.0599609375
2.0 0.5383333333333333 0.5925 0.11616071428571428 0.0709765625
2.0 0.7374404761904761 0.618125 0.17020833333333332 0.0797265625
2.0 0.8835714285714286 0.6155078125 0.1593452380952381 0.0772265625
