2.0 0.7443154761904762 0.83296875 0.22309523809523807 0.178125
2.0 0.14526785714285714 0.7496484375 0.29336309523809523 0.170234375
2.0 0.2947619047619048 0.6454296875 0.14428571428571427 0.0767578125
2.0 0.4074702380952381 0.619609375 0.14428571428571427 0.0941796875
2.0 0.1611904761904762 0.6228515625 0.11461309523809524 0.07375
2.0 0.05952380952380952 0.6112890625 0.10485119047619047 0.0727734375
2.0 0.2699107142857143 0.6071484375 0.10660714285714286 0.0616796875
2.0 0.1417857142857143 0.57921875 0.12443452380952381 0.052265625
2.0 0.9231250000000001 0.72234375 0.1699702380952381 0.1469140625
2.0 0.12440476190476189 0.5660546875 0.08839285714285713 0.0535546875
2.0 0.36124999999999996 0.5902734375 0.11077380952380952 0.0597265625
2.0 0.5322619047619048 0.5920703125 0.11559523809523811 0.070703125
2.0 0.7276785714285714 0.6173828125 0.16904761904761903 0.079453125
2.0 0.8763988095238096 0.615 0.15854166666666666 0.0767578125
