2.0 0.7443154761904762 0.83296875 0.22309523809523807 0.178125
2.0 0.14526785714285714 0.7496484375 0.29336309523809523 0.170234375
2.0 0.2947619047619048 0.6454296875 0.14428571428571427 0.0767578125
2.0 0.4074702380952381 0.619609375 0.14428571428571427 0.0941796875
2.0 0.1611904761904762 0.6228125 0.11461309523809524 0.07375
2.0 0.05952380952380952 0.6112890625 0.10485119047619047 0.0727734375
2.0 0.2699107142857143 0.6071484375 0.10660714285714286 0.0616796875
2.0 0.1417857142857143 0.57921875 0.12443452380952381 0.052265625
2.0 0.9189880952380951 0.72234375 0.1781845238095238 0.1469140625
2.0 0.13604166666666667 0.566875 0.08982142857142857 0.054375
2.0 0.37898809523809524 0.591640625 0.1125595238095238 0.0604296875
2.0 0.5505357142857142 0.5933984375 0.11735119047619047 0.071484375
2.0 0.7570833333333333 0.6196484375 0.1724702380952381 0.0801953125
2.0 0.8979761904761906 0.6165625 0.16095238095238096 0.078125
