2.0 0.7443154761904762 0.83296875 0.22309523809523807 0.178125
2.0 0.14526785714285714 0.7496484375 0.29336309523809523 0.170234375
2.0 0.2947619047619048 0.6454296875 0.14428571428571427 0.0767578125
2.0 0.4074702380952381 0.619609375 0.14428571428571427 0.0941796875
2.0 0.1611904761904762 0.6228515625 0.11461309523809524 0.0737890625
2.0 0.05952380952380952 0.6112890625 0.10485119047619047 0.0727734375
2.0 0.2699107142857143 0.6071484375 0.10660714285714286 0.0616796875
2.0 0.1417857142857143 0.57921875 0.12443452380952381 0.052265625
2.0 0.9285714285714286 0.72234375 0.15901785714285716 0.1469140625
2.0 0.10889880952380954 0.564921875 0.08648809523809524 0.052421875
2.0 0.33758928571428576 0.588359375 0.10839285714285715 0.058828125
2.0 0.5079464285714286 0.5903515625 0.11321428571428571 0.0697265625
2.0 0.688422619047619 0.614375 0.16449404761904762 0.0784765625
2.0 0.8475595238095237 0.6129296875 0.15535714285714286 0.0749609375
