2.0 0.7443154761904762 0.83296875 0.22309523809523807 0.178125
2.0 0.14526785714285714 0.7496484375 0.29336309523809523 0.170234375
2.0 0.2947619047619048 0.6454296875 0.14428571428571427 0.0767578125
2.0 0.4074702380952381 0.619609375 0.14428571428571427 0.0941796875
2.0 0.1611904761904762 0.6228125 0.11461309523809524 0.07375
2.0 0.05952380952380952 0.6112890625 0.10485119047619047 0.0727734375
2.0 0.2699107142857143 0.6071484375 0.10660714285714286 0.0616796875
2.0 0.1417857142857143 0.57921875 0.12443452380952381 0.052265625
2.0 0.9169940476190477 0.72234375 0.18223214285714284 0.1469140625
2.0 0.13991071428571428 0.5671484375 0.09029761904761904 0.0546484375
2.0 0.3848511904761905 0.5921875 0.11315476190476191 0.0606640625
2.0 0.5566071428571429 0.593828125 0.11794642857142858 0.07171875
2.0 0.7668750000000001 0.620390625 0.17363095238095239 0.08046875
2.0 0.9051488095238095 0.617109375 0.1617559523809524 0.0785546875
