2.0 0.7443154761904762 0.83296875 0.22309523809523807 0.178125
2.0 0.14526785714285714 0.7496484375 0.29336309523809523 0.170234375
2.0 0.2947619047619048 0.6454296875 0.14428571428571427 0.0767578125
2.0 0.4074702380952381 0.619609375 0.14428571428571427 0.0941796875
2.0 0.1611904761904762 0.6228515625 0.11461309523809524 0.0737890625
2.0 0.05952380952380952 0.6112890625 0.10485119047619047 0.0727734375
2.0 0.2699107142857143 0.6071484375 0.10660714285714286 0.0616796875
2.0 0.1417857142857143 0.57921875 0.12443452380952381 0.052265625
2.0 0.9244642857142857 0.72234375 0.16723214285714286 0.1469140625
2.0 0.12050595238095238 0.565703125 0.08791666666666667 0.05328125
2.0 0.355327380952381 0.5898046875 0.11017857142857143 0.0594921875
2.0 0.5261904761904762 0.591640625 0.115 0.07046875
2.0 0.7178869047619048 0.616640625 0.16791666666666666 0.07921875
2.0 0.8692261904761904 0.6144921875 0.15773809523809523 0.076328125
