2.0 0.7443154761904762 0.83296875 0.22309523809523807 0.178125
2.0 0.14526785714285714 0.7496484375 0.29336309523809523 0.170234375
2.0 0.2947619047619048 0.6454296875 0.14428571428571427 0.0767578125
2.0 0.4074702380952381 0.619609375 0.14428571428571427 0.0941796875
2.0 0.1611904761904762 0.622890625 0.11461309523809524 0.073828125
2.0 0.05952380952380952 0.6112890625 0.10485119047619047 0.0727734375
2.0 0.2699107142857143 0.6071484375 0.10660714285714286 0.0616796875
2.0 0.1417857142857143 0.57921875 0.12443452380952381 0.052265625
2.0 0.9338095238095238 0.72234375 0.14857142857142858 0.1469140625
2.0 0.9104464285714287 0.6601171875 0.1907738095238095 0.142421875
2.0 0.07788690476190477 0.5626953125 0.08264880952380953 0.0501953125
2.0 0.29252976190476193 0.5845703125 0.10366071428571429 0.0569921875
2.0 0.4641369047619047 0.5869140625 0.10848214285714286 0.067734375
2.0 0.6183333333333333 0.6105078125 0.15535714285714286 0.075546875
2.0 0.7900595238095237 0.608671875 0.14895833333333333 0.0713671875
