2.0 0.7443154761904762 0.83296875 0.22309523809523807 0.178125
2.0 0.14526785714285714 0.7496484375 0.29336309523809523 0.170234375
2.0 0.2947619047619048 0.6454296875 0.14428571428571427 0.0767578125
2.0 0.4074702380952381 0.619609375 0.14428571428571427 0.0941796875
2.0 0.1611904761904762 0.622890625 0.11461309523809524 0.073828125
2.0 0.05952380952380952 0.6112890625 0.10485119047619047 0.0727734375
2.0 0.2699107142857143 0.6071484375 0.10660714285714286 0.0616796875
2.0 0.1417857142857143 0.57921875 0.12443452380952381 0.052265625
2.0 0.9333630952380952 0.72234375 0.14946428571428572 0.1469140625
2.0 0.08562499999999999 0.5632421875 0.08360119047619048 0.0507421875
2.0 0.30211309523809526 0.5855078125 0.10485119047619047 0.057421875
2.0 0.47491071428571424 0.5877734375 0.10967261904761905 0.068203125
2.0 0.6351785714285714 0.6112890625 0.15764880952380952 0.0763671875
2.0 0.8044047619047618 0.6097265625 0.1505654761904762 0.072265625
