2.0 0.7443154761904762 0.83296875 0.22309523809523807 0.178125
2.0 0.14526785714285714 0.7496484375 0.29336309523809523 0.170234375
2.0 0.2947619047619048 0.6454296875 0.14428571428571427 0.0767578125
2.0 0.4074702380952381 0.619609375 0.14428571428571427 0.0941796875
2.0 0.1611904761904762 0.6228515625 0.11461309523809524 0.0737890625
2.0 0.05952380952380952 0.6112890625 0.10485119047619047 0.0727734375
2.0 0.2699107142857143 0.6071484375 0.10660714285714286 0.0616796875
2.0 0.1417857142857143 0.57921875 0.12443452380952381 0.052265625
2.0 0.9299702380952382 0.72234375 0.1562797619047619 0.1469140625
2.0 0.1050297619047619 0.5646484375 0.08601190476190476 0.0521484375
2.0 0.33166666666666667 0.587890625 0.10782738095238094 0.05859375
2.0 0.5018452380952381 0.589921875 0.11261904761904763 0.069453125
2.0 0.6786309523809524 0.6136328125 0.16333333333333333 0.078203125
2.0 0.8404166666666667 0.61234375 0.15455357142857143 0.0744921875
