2.0 0.7443154761904762 0.83296875 0.22309523809523807 0.178125
2.0 0.14526785714285714 0.7496484375 0.29336309523809523 0.170234375
2.0 0.2947619047619048 0.6454296875 0.14428571428571427 0.0767578125
2.0 0.4074702380952381 0.619609375 0.14428571428571427 0.0941796875
2.0 0.1611904761904762 0.6228515625 0.11461309523809524 0.073828125
2.0 0.05952380952380952 0.6112890625 0.10485119047619047 0.0727734375
2.0 0.2699107142857143 0.6071484375 0.10660714285714286 0.0616796875
2.0 0.1417857142857143 0.57921875 0.12443452380952381 0.052265625
2.0 0.933154761904762 0.72234375 0.14991071428571429 0.1469140625
2.0 0.08952380952380952 0.5634765625 0.08407738095238096 0.0510546875
2.0 0.3080357142857143 0.5859765625 0.10544642857142857 0.05765625
2.0 0.48029761904761903 0.588203125 0.11026785714285714 0.0684765625
2.0 0.6436011904761905 0.6116796875 0.1587797619047619 0.0767578125
2.0 0.8116369047619048 0.6102734375 0.15133928571428573 0.0726953125
