2.0 0.7443154761904762 0.83296875 0.22309523809523807 0.178125
2.0 0.14526785714285714 0.7496484375 0.29336309523809523 0.170234375
2.0 0.2947619047619048 0.6454296875 0.14428571428571427 0.0767578125
2.0 0.4074702380952381 0.619609375 0.14428571428571427 0.0941796875
2.0 0.1611904761904762 0.622890625 0.11461309523809524 0.0738671875
2.0 0.05952380952380952 0.6112890625 0.10485119047619047 0.0727734375
2.0 0.2699107142857143 0.6071484375 0.10660714285714286 0.0616796875
2.0 0.1417857142857143 0.57921875 0.12443452380952381 0.052265625
2.0 0.9342261904761904 0.72234375 0.1476785714285714 0.1469140625
2.0 0.8975 0.6616015625 0.20607142857142854 0.1418359375
2.0 0.07011904761904761 0.5620703125 0.08169642857142857 0.0496484375
2.0 0.28291666666666665 0.58359375 0.1024702380952381 0.0565234375
2.0 0.45342261904761905 0.5860546875 0.10729166666666666 0.0672265625
2.0 0.6014880952380952 0.6096484375 0.1530654761904762 0.074765625
2.0 0.7756547619047619 0.60765625 0.14735119047619047 0.07046875
