2.0 0.7443154761904762 0.83296875 0.22309523809523807 0.178125
2.0 0.14526785714285714 0.7496484375 0.29336309523809523 0.170234375
2.0 0.2947619047619048 0.6454296875 0.14428571428571427 0.0767578125
2.0 0.4074702380952381 0.619609375 0.14428571428571427 0.0941796875
2.0 0.1611904761904762 0.6228515625 0.11461309523809524 0.073828125
2.0 0.05952380952380952 0.6112890625 0.10485119047619047 0.0727734375
2.0 0.2699107142857143 0.6071484375 0.10660714285714286 0.0616796875
2.0 0.1417857142857143 0.57921875 0.12443452380952381 0.052265625
2.0 0.9329166666666666 0.72234375 0.15032738095238093 0.1469140625
2.0 0.09339285714285714 0.5637890625 0.08455357142857142 0.051328125
2.0 0.31392857142857145 0.5864453125 0.10604166666666667 0.057890625
2.0 0.4856845238095238 0.588671875 0.11083333333333334 0.0687109375
2.0 0.6519940476190476 0.612109375 0.15991071428571427 0.0771484375
2.0 0.8188095238095239 0.61078125 0.15214285714285714 0.0731640625
