2.0 0.7443154761904762 0.83296875 0.22309523809523807 0.178125
2.0 0.14526785714285714 0.7496484375 0.29336309523809523 0.170234375
2.0 0.2947619047619048 0.6454296875 0.14428571428571427 0.0767578125
2.0 0.4074702380952381 0.619609375 0.14428571428571427 0.0941796875
2.0 0.1611904761904762 0.6228515625 0.11461309523809524 0.0737890625
2.0 0.05952380952380952 0.6112890625 0.10485119047619047 0.0727734375
2.0 0.2699107142857143 0.6071484375 0.10660714285714286 0.0616796875
2.0 0.1417857142857143 0.57921875 0.12443452380952381 0.052265625
2.0 0.9327083333333333 0.72234375 0.1507738095238095 0.1469140625
2.0 0.09723214285714286 0.5640625 0.0850297619047619 0.0516015625
2.0 0.3198511904761905 0.586953125 0.10663690476190475 0.058125
2.0 0.49107142857142855 0.5891015625 0.11142857142857142 0.068984375
2.0 0.6604166666666667 0.6125 0.16107142857142856 0.077578125
2.0 0.8260119047619048 0.611328125 0.15294642857142857 0.07359375
