2.0 0.7443154761904762 0.83296875 0.22309523809523807 0.178125
2.0 0.14526785714285714 0.7496484375 0.29336309523809523 0.170234375
2.0 0.2947619047619048 0.6454296875 0.14428571428571427 0.0767578125
2.0 0.4074702380952381 0.619609375 0.14428571428571427 0.0941796875
2.0 0.1611904761904762 0.622890625 0.11461309523809524 0.0738671875
2.0 0.05952380952380952 0.6112890625 0.10485119047619047 0.0727734375
2.0 0.2699107142857143 0.6071484375 0.10660714285714286 0.0616796875
2.0 0.1417857142857143 0.57921875 0.12443452380952381 0.052265625
2.0 0.9351488095238094 0.72234375 0.14592261904761905 0.1469140625
2.0 0.8716964285714285 0.664609375 0.23669642857142859 0.140625
2.0 0.05464285714285714 0.5609765625 0.07976190476190477 0.048515625
2.0 0.26375000000000004 0.5817578125 0.10008928571428573 0.0555859375
2.0 0.43187500000000006 0.584375 0.10491071428571429 0.0662109375
2.0 0.5678571428571428 0.608125 0.14851190476190476 0.0731640625
2.0 0.7512202380952381 0.606328125 0.14535714285714288 0.070078125
