2.0 0.7443154761904762 0.83296875 0.22309523809523807 0.178125
2.0 0.14526785714285714 0.7496484375 0.29336309523809523 0.170234375
2.0 0.2947619047619048 0.6454296875 0.14428571428571427 0.0767578125
2.0 0.4074702380952381 0.619609375 0.14428571428571427 0.0941796875
2.0 0.1611904761904762 0.6229296875 0.11461309523809524 0.07390625
2.0 0.05952380952380952 0.6112890625 0.10485119047619047 0.0727734375
2.0 0.2699107142857143 0.6071484375 0.10660714285714286 0.0616796875
2.0 0.1417857142857143 0.57921875 0.12443452380952381 0.052265625
2.0 0.9360119047619048 0.72234375 0.14416666666666667 0.1469140625
2.0 0.8458928571428572 0.6676171875 0.26729166666666665 0.1394140625
2.0 0.24458333333333335 0.57984375 0.09773809523809525 0.0546484375
2.0 0.41032738095238097 0.5826171875 0.10255952380952381 0.065234375
2.0 0.5358630952380953 0.60640625 0.14452380952380953 0.0716796875
2.0 0.7267857142857143 0.605 0.14336309523809523 0.0697265625
