2.0 0.7443154761904762 0.83296875 0.22309523809523807 0.178125
2.0 0.14526785714285714 0.7496484375 0.29336309523809523 0.170234375
2.0 0.2947619047619048 0.6454296875 0.14428571428571427 0.0767578125
2.0 0.4074702380952381 0.619609375 0.14428571428571427 0.0941796875
2.0 0.1611904761904762 0.622890625 0.11461309523809524 0.0738671875
2.0 0.05952380952380952 0.6112890625 0.10485119047619047 0.0727734375
2.0 0.2699107142857143 0.6071484375 0.10660714285714286 0.0616796875
2.0 0.1417857142857143 0.57921875 0.12443452380952381 0.052265625
2.0 0.934702380952381 0.72234375 0.1468154761904762 0.1469140625
2.0 0.8846130952380953 0.663125 0.2213690476190476 0.14125
2.0 0.062380952380952384 0.5615234375 0.08074404761904762 0.0491015625
2.0 0.2733333333333333 0.5826953125 0.10127976190476191 0.0560546875
2.0 0.44264880952380947 0.5851953125 0.10610119047619047 0.06671875
2.0 0.584672619047619 0.60890625 0.1507738095238095 0.0739453125
2.0 0.763422619047619 0.60703125 0.14633928571428573 0.0702734375
