2.0 0.7443154761904762 0.83296875 0.22309523809523807 0.178125
2.0 0.14526785714285714 0.7496484375 0.29336309523809523 0.170234375
2.0 0.2947619047619048 0.6454296875 0.14428571428571427 0.0767578125
2.0 0.4074702380952381 0.619609375 0.14428571428571427 0.0941796875
2.0 0.1611904761904762 0.6229296875 0.11461309523809524 0.073984375
2.0 0.05952380952380952 0.6112890625 0.10485119047619047 0.0727734375
2.0 0.2699107142857143 0.6071484375 0.10660714285714286 0.0616796875
2.0 0.1417857142857143 0.57921875 0.12443452380952381 0.052265625
2.0 0.9377976190476192 0.72234375 0.140625 0.1469140625
2.0 0.7640178571428571 0.667109375 0.27110119047619047 0.14640625
2.0 0.21032738095238096 0.5769140625 0.09336309523809525 0.0535546875
2.0 0.3672916666666667 0.5791796875 0.09782738095238094 0.063203125
2.0 0.48196428571428573 0.602421875 0.14008928571428572 0.06953125
2.0 0.6780059523809524 0.6023828125 0.139375 0.068984375
