2.0 0.7443154761904762 0.83296875 0.22309523809523807 0.178125
2.0 0.14526785714285714 0.7496484375 0.29336309523809523 0.170234375
2.0 0.2947619047619048 0.6454296875 0.14428571428571427 0.0767578125
2.0 0.4074702380952381 0.619609375 0.14428571428571427 0.0941796875
2.0 0.1611904761904762 0.6229296875 0.11461309523809524 0.073984375
2.0 0.05952380952380952 0.6112890625 0.10485119047619047 0.0727734375
2.0 0.2699107142857143 0.6071484375 0.10660714285714286 0.0616796875
2.0 0.1417857142857143 0.57921875 0.12443452380952381 0.052265625
2.0 0.9382142857142858 0.72234375 0.13973214285714286 0.1469140625
2.0 0.7435714285714285 0.6669921875 0.2720535714285714 0.1481640625
2.0 0.20238095238095238 0.5763671875 0.09232142857142857 0.053359375
2.0 0.3564880952380952 0.5783203125 0.09663690476190476 0.062734375
2.0 0.46848214285714285 0.6013671875 0.13898809523809524 0.068984375
2.0 0.6669345238095238 0.601796875 0.13815476190476192 0.0683984375
