2.0 0.7443154761904762 0.83296875 0.22309523809523807 0.178125
2.0 0.14526785714285714 0.7496484375 0.29336309523809523 0.170234375
2.0 0.2947619047619048 0.6454296875 0.14428571428571427 0.0767578125
2.0 0.4074702380952381 0.619609375 0.14428571428571427 0.0941796875
2.0 0.1611904761904762 0.6229296875 0.11461309523809524 0.0739453125
2.0 0.05952380952380952 0.6112890625 0.10485119047619047 0.0727734375
2.0 0.2699107142857143 0.6071484375 0.10660714285714286 0.0616796875
2.0 0.1417857142857143 0.57921875 0.12443452380952381 0.052265625
2.0 0.9371130952380953 0.72234375 0.1419642857142857 0.1469140625
2.0 0.7947321428571428 0.6673046875 0.269672619047619 0.1437890625
2.0 0.22223214285714285 0.5778515625 0.09491071428571429 0.0537890625
2.0 0.38339285714285715 0.5804296875 0.09958333333333333 0.063984375
2.0 0.502172619047619 0.60390625 0.1417559523809524 0.0703125
2.0 0.6962797619047618 0.603359375 0.14086309523809523 0.0692578125
