2.0 0.7443154761904762 0.83296875 0.22309523809523807 0.178125
2.0 0.14526785714285714 0.7496484375 0.29336309523809523 0.170234375
2.0 0.2947619047619048 0.6454296875 0.14428571428571427 0.0767578125
2.0 0.4074702380952381 0.619609375 0.14428571428571427 0.0941796875
2.0 0.1611904761904762 0.6229296875 0.11461309523809524 0.0739453125
2.0 0.05952380952380952 0.6112890625 0.10485119047619047 0.0727734375
2.0 0.2699107142857143 0.6071484375 0.10660714285714286 0.0616796875
2.0 0.1417857142857143 0.57921875 0.12443452380952381 0.052265625
2.0 0.9369047619047619 0.72234375 0.14238095238095239 0.1469140625
2.0 0.8049702380952382 0.66734375 0.26919642857142856 0.1429296875
2.0 0.2262202380952381 0.578125 0.09544642857142857 0.0538671875
2.0 0.3887797619047619 0.5809375 0.10017857142857142 0.06421875
2.0 0.5089285714285714 0.604375 0.14229166666666668 0.0705859375
2.0 0.7023809523809523 0.60375 0.14136904761904762 0.0693359375
