2.0 0.7443154761904762 0.83296875 0.22309523809523807 0.178125
2.0 0.14526785714285714 0.7496484375 0.29336309523809523 0.170234375
2.0 0.2947619047619048 0.6454296875 0.14428571428571427 0.0767578125
2.0 0.4074702380952381 0.619609375 0.14428571428571427 0.0941796875
2.0 0.1611904761904762 0.6229296875 0.11461309523809524 0.0739453125
2.0 0.05952380952380952 0.6112890625 0.10485119047619047 0.0727734375
2.0 0.2699107142857143 0.6071484375 0.10660714285714286 0.0616796875
2.0 0.1417857142857143 0.57921875 0.12443452380952381 0.052265625
2.0 0.9366964285714287 0.72234375 0.14282738095238096 0.1469140625
2.0 0.8152083333333334 0.667421875 0.2687202380952381 0.1420703125
2.0 0.23017857142857143 0.5783984375 0.09595238095238096 0.053984375
2.0 0.39416666666666667 0.581328125 0.10077380952380952 0.064453125
2.0 0.5156547619047619 0.6048828125 0.14285714285714285 0.070859375
2.0 0.7084821428571428 0.6040234375 0.14184523809523808 0.0694140625
