2.0 0.7443154761904762 0.83296875 0.22309523809523807 0.178125
2.0 0.14526785714285714 0.7496484375 0.29336309523809523 0.170234375
2.0 0.2947619047619048 0.6454296875 0.14428571428571427 0.0767578125
2.0 0.4074702380952381 0.619609375 0.14428571428571427 0.0941796875
2.0 0.1611904761904762 0.6230078125 0.11461309523809524 0.073984375
2.0 0.05952380952380952 0.6112890625 0.10485119047619047 0.0727734375
2.0 0.2699107142857143 0.6071484375 0.10660714285714286 0.0616796875
2.0 0.1417857142857143 0.57921875 0.12443452380952381 0.052265625
2.0 0.9386607142857143 0.72234375 0.13886904761904761 0.1469140625
2.0 0.7230654761904761 0.666875 0.2730059523809524 0.149921875
2.0 0.19446428571428573 0.5757421875 0.09130952380952381 0.053203125
2.0 0.3457142857142857 0.577421875 0.09544642857142857 0.0622265625
2.0 0.45499999999999996 0.600390625 0.13785714285714284 0.0684375
2.0 0.6558928571428572 0.60125 0.13696428571428573 0.0678125
