2.0 0.7443154761904762 0.83296875 0.22309523809523807 0.178125
2.0 0.14526785714285714 0.7496484375 0.29336309523809523 0.170234375
2.0 0.2947619047619048 0.6454296875 0.14428571428571427 0.0767578125
2.0 0.4074702380952381 0.619609375 0.14428571428571427 0.0941796875
2.0 0.1611904761904762 0.6230078125 0.11461309523809524 0.0740625
2.0 0.05952380952380952 0.6112890625 0.10485119047619047 0.0727734375
2.0 0.2699107142857143 0.6071484375 0.10660714285714286 0.0616796875
2.0 0.1417857142857143 0.57921875 0.12443452380952381 0.052265625
2.0 0.9408630952380952 0.72234375 0.1344642857142857 0.1469140625
2.0 0.6242559523809523 0.675859375 0.2787202380952381 0.1555078125
2.0 0.15473214285714287 0.5727734375 0.08613095238095239 0.05234375
2.0 0.2988392857142857 0.574609375 0.0906547619047619 0.0598046875
2.0 0.38764880952380953 0.5954296875 0.13232142857142856 0.065703125
2.0 0.6006845238095239 0.5984375 0.13098214285714285 0.0649609375
2.0 0.7614880952380952 0.619140625 0.16214285714285714 0.0848828125
