2.0 0.7443154761904762 0.83296875 0.22309523809523807 0.178125
2.0 0.14526785714285714 0.7496484375 0.29336309523809523 0.170234375
2.0 0.2947619047619048 0.6454296875 0.14428571428571427 0.0767578125
2.0 0.4074702380952381 0.619609375 0.14428571428571427 0.0941796875
2.0 0.1611904761904762 0.6230078125 0.11461309523809524 0.0740234375
2.0 0.05952380952380952 0.6112890625 0.10485119047619047 0.0727734375
2.0 0.2699107142857143 0.6071484375 0.10660714285714286 0.0616796875
2.0 0.1417857142857143 0.57921875 0.12443452380952381 0.052265625
2.0 0.9402083333333334 0.72234375 0.13577380952380952 0.1469140625
2.0 0.6542261904761905 0.6738671875 0.2774404761904762 0.154609375
2.0 0.16666666666666666 0.5736328125 0.08767857142857143 0.0526171875
2.0 0.31202380952380954 0.5752734375 0.09193452380952381 0.0605078125
2.0 0.40782738095238097 0.5969140625 0.13398809523809524 0.0665234375
2.0 0.6172321428571428 0.599296875 0.13276785714285713 0.0658203125
2.0 0.7993154761904762 0.6215625 0.16404761904761905 0.0865625
