2.0 0.7443154761904762 0.83296875 0.22309523809523807 0.178125
2.0 0.14526785714285714 0.7496484375 0.29336309523809523 0.170234375
2.0 0.2947619047619048 0.6454296875 0.14428571428571427 0.0767578125
2.0 0.4074702380952381 0.619609375 0.14428571428571427 0.0941796875
2.0 0.1611904761904762 0.6230078125 0.11461309523809524 0.0740234375
2.0 0.05952380952380952 0.6112890625 0.10485119047619047 0.0727734375
2.0 0.2699107142857143 0.6071484375 0.10660714285714286 0.0616796875
2.0 0.1417857142857143 0.57921875 0.12443452380952381 0.052265625
2.0 0.9393154761904763 0.72234375 0.1375297619047619 0.1469140625
2.0 0.6936011904761905 0.6698828125 0.2749107142857143 0.1519140625
2.0 0.1825595238095238 0.57484375 0.08973214285714286 0.05296875
2.0 0.32958333333333334 0.576171875 0.09366071428571428 0.061484375
2.0 0.4347916666666667 0.59890625 0.13622023809523812 0.0676171875
2.0 0.6393154761904762 0.600390625 0.13517857142857143 0.066953125
2.0 0.8497619047619047 0.624765625 0.16663690476190476 0.088828125
