2.0 0.7443154761904762 0.83296875 0.22309523809523807 0.178125
2.0 0.14526785714285714 0.7496484375 0.29336309523809523 0.170234375
2.0 0.2947619047619048 0.6454296875 0.14428571428571427 0.0767578125
2.0 0.4074702380952381 0.619609375 0.14428571428571427 0.0941796875
2.0 0.1611904761904762 0.6230078125 0.11461309523809524 0.0740234375
2.0 0.05952380952380952 0.6112890625 0.10485119047619047 0.0727734375
2.0 0.2699107142857143 0.6071484375 0.10660714285714286 0.0616796875
2.0 0.1417857142857143 0.57921875 0.12443452380952381 0.052265625
2.0 0.9395535714285714 0.72234375 0.13711309523809523 0.1469140625
2.0 0.6837797619047619 0.6708984375 0.2755357142857143 0.152578125
2.0 0.17857142857142858 0.5745703125 0.08922619047619047 0.052890625
2.0 0.32517857142857143 0.5759375 0.09324404761904762 0.06125
2.0 0.42806547619047625 0.5983984375 0.1356547619047619 0.06734375
2.0 0.6337797619047618 0.6001171875 0.13458333333333333 0.0666796875
2.0 0.8371726190476191 0.623984375 0.16598214285714286 0.08828125
