2.0 0.7443154761904762 0.83296875 0.22309523809523807 0.178125
2.0 0.14526785714285714 0.7496484375 0.29336309523809523 0.170234375
2.0 0.2947619047619048 0.6454296875 0.14428571428571427 0.0767578125
2.0 0.4074702380952381 0.619609375 0.14428571428571427 0.0941796875
2.0 0.1611904761904762 0.6230078125 0.11461309523809524 0.0740625
2.0 0.05952380952380952 0.6112890625 0.10485119047619047 0.0727734375
2.0 0.2699107142857143 0.6071484375 0.10660714285714286 0.0616796875
2.0 0.1417857142857143 0.57921875 0.12443452380952381 0.052265625
2.0 0.9406547619047619 0.72234375 0.13488095238095238 0.1469140625
2.0 0.6345833333333333 0.675859375 0.2787202380952381 0.1559375
2.0 0.15872023809523808 0.573046875 0.08663690476190476 0.0524609375
2.0 0.3032142857142857 0.57484375 0.09107142857142858 0.0600390625
2.0 0.394375 0.5959375 0.13288690476190476 0.0659765625
2.0 0.6062202380952381 0.598671875 0.13157738095238095 0.065234375
2.0 0.7741071428571429 0.619921875 0.16276785714285713 0.08546875
