2.0 0.7443154761904762 0.83296875 0.22309523809523807 0.178125
2.0 0.14526785714285714 0.7496484375 0.29336309523809523 0.170234375
2.0 0.2947619047619048 0.6454296875 0.14428571428571427 0.0767578125
2.0 0.4074702380952381 0.619609375 0.14428571428571427 0.0941796875
2.0 0.1611904761904762 0.6230078125 0.11461309523809524 0.0740234375
2.0 0.05952380952380952 0.6112890625 0.10485119047619047 0.0727734375
2.0 0.2699107142857143 0.6071484375 0.10660714285714286 0.0616796875
2.0 0.1417857142857143 0.57921875 0.12443452380952381 0.052265625
2.0 0.9388988095238096 0.72234375 0.13842261904761904 0.1469140625
2.0 0.7132440476190476 0.667890625 0.27363095238095236 0.1505859375
2.0 0.19047619047619047 0.5754296875 0.09077380952380952 0.053125
2.0 0.3403273809523809 0.57703125 0.09485119047619048 0.061953125
2.0 0.4482738095238095 0.5998828125 0.13732142857142857 0.0681640625
2.0 0.650327380952381 0.6009375 0.1363690476190476 0.0675390625
2.0 0.8750297619047619 0.6263671875 0.16791666666666666 0.0899609375
