2.0 0.7443154761904762 0.83296875 0.22309523809523807 0.178125
2.0 0.14526785714285714 0.7496484375 0.29336309523809523 0.170234375
2.0 0.2947619047619048 0.6454296875 0.14428571428571427 0.0767578125
2.0 0.4074702380952381 0.619609375 0.14428571428571427 0.0941796875
2.0 0.1611904761904762 0.6230078125 0.11461309523809524 0.0740234375
2.0 0.05952380952380952 0.6112890625 0.10485119047619047 0.0727734375
2.0 0.2699107142857143 0.6071484375 0.10660714285714286 0.0616796875
2.0 0.1417857142857143 0.57921875 0.12443452380952381 0.052265625
2.0 0.9391071428571429 0.72234375 0.13797619047619047 0.1469140625
2.0 0.703422619047619 0.66890625 0.2742857142857143 0.15125
2.0 0.18651785714285715 0.57515625 0.09026785714285714 0.053046875
2.0 0.33494047619047623 0.576640625 0.09425595238095238 0.06171875
2.0 0.4415476190476191 0.5994140625 0.1367559523809524 0.067890625
2.0 0.6448511904761904 0.6006640625 0.13577380952380952 0.067265625
2.0 0.8623809523809524 0.625625 0.16726190476190478 0.0894140625
