2.0 0.7443154761904762 0.83296875 0.22309523809523807 0.178125
2.0 0.14526785714285714 0.7496484375 0.29336309523809523 0.170234375
2.0 0.2947619047619048 0.6454296875 0.14428571428571427 0.0767578125
2.0 0.4074702380952381 0.619609375 0.14428571428571427 0.0941796875
2.0 0.1611904761904762 0.6230078125 0.11461309523809524 0.0740234375
2.0 0.05952380952380952 0.6112890625 0.10485119047619047 0.0727734375
2.0 0.2699107142857143 0.6071484375 0.10660714285714286 0.0616796875
2.0 0.1417857142857143 0.57921875 0.12443452380952381 0.052265625
2.0 0.9397619047619047 0.72234375 0.13666666666666666 0.1469140625
2.0 0.6739285714285714 0.671875 0.2761904761904762 0.1532421875
2.0 0.1745833333333333 0.57421875 0.08872023809523809 0.0527734375
2.0 0.3207738095238095 0.5757421875 0.09279761904761905 0.0609765625
2.0 0.4213095238095238 0.597890625 0.13508928571428572 0.0670703125
2.0 0.6283035714285715 0.59984375 0.13398809523809524 0.06640625
2.0 0.8245535714285714 0.6231640625 0.16535714285714287 0.0876953125
