2.0 0.7443154761904762 0.83296875 0.22309523809523807 0.178125
2.0 0.14526785714285714 0.7496484375 0.29336309523809523 0.170234375
2.0 0.2947619047619048 0.6454296875 0.14428571428571427 0.0767578125
2.0 0.4074702380952381 0.619609375 0.14428571428571427 0.0941796875
2.0 0.1611904761904762 0.623046875 0.11461309523809524 0.074140625
2.0 0.05952380952380952 0.6112890625 0.10485119047619047 0.0727734375
2.0 0.2699107142857143 0.6071484375 0.10660714285714286 0.0616796875
2.0 0.1417857142857143 0.57921875 0.12443452380952381 0.052265625
2.0 0.9424107142857142 0.72234375 0.1313690476190476 0.1469140625
2.0 0.5202678571428572 0.6791796875 0.28133928571428574 0.1529296875
2.0 0.11583333333333334 0.5684765625 0.08095238095238096 0.0515234375
2.0 0.25494047619047616 0.5723828125 0.08633928571428572 0.057421875
2.0 0.3244345238095238 0.590390625 0.12678571428571428 0.06296875
2.0 0.5470535714285715 0.59546875 0.12455357142857143 0.0625
2.0 0.6549404761904762 0.6136328125 0.15571428571428572 0.0792578125
2.0 0.8832440476190475 0.610078125 0.17985119047619047 0.0962890625
