2.0 0.7443154761904762 0.83296875 0.22309523809523807 0.178125
2.0 0.14526785714285714 0.7496484375 0.29336309523809523 0.170234375
2.0 0.2947619047619048 0.6454296875 0.14428571428571427 0.0767578125
2.0 0.4074702380952381 0.619609375 0.14428571428571427 0.0941796875
2.0 0.1611904761904762 0.623046875 0.11461309523809524 0.0741015625
2.0 0.05952380952380952 0.6112890625 0.10485119047619047 0.0727734375
2.0 0.2699107142857143 0.6071484375 0.10660714285714286 0.0616796875
2.0 0.1417857142857143 0.57921875 0.12443452380952381 0.052265625
2.0 0.9419642857142857 0.72234375 0.13226190476190475 0.1469140625
2.0 0.5728571428571428 0.6758203125 0.2787202380952381 0.153359375
2.0 0.13491071428571427 0.5712890625 0.08354166666666667 0.051953125
2.0 0.276875 0.5734765625 0.08848214285714286 0.0586328125
2.0 0.35464285714285715 0.5929296875 0.12955357142857143 0.0643359375
2.0 0.5730952380952381 0.596953125 0.1280059523809524 0.0635546875
2.0 0.7070833333333334 0.6162109375 0.15892857142857142 0.0820703125
