2.0 0.7443154761904762 0.83296875 0.22309523809523807 0.178125
2.0 0.14526785714285714 0.7496484375 0.29336309523809523 0.170234375
2.0 0.2947619047619048 0.6454296875 0.14428571428571427 0.0767578125
2.0 0.4074702380952381 0.619609375 0.14428571428571427 0.0941796875
2.0 0.1611904761904762 0.623046875 0.11461309523809524 0.0741015625
2.0 0.05952380952380952 0.6112890625 0.10485119047619047 0.0727734375
2.0 0.2699107142857143 0.6071484375 0.10660714285714286 0.0616796875
2.0 0.1417857142857143 0.57921875 0.12443452380952381 0.052265625
2.0 0.9424107142857142 0.72234375 0.1313690476190476 0.1469140625
2.0 0.5519940476190476 0.6766796875 0.27937500000000004 0.1529296875
2.0 0.12726190476190474 0.57015625 0.08249999999999999 0.0517578125
2.0 0.2680952380952381 0.573046875 0.08761904761904762 0.058125
2.0 0.3425595238095238 0.591875 0.12845238095238093 0.0637890625
2.0 0.5620238095238095 0.59640625 0.12678571428571428 0.06296875
2.0 0.686220238095238 0.615234375 0.15764880952380952 0.0809765625
2.0 0.9053869047619048 0.61109375 0.17946428571428572 0.09828125
