2.0 0.7443154761904762 0.83296875 0.22309523809523807 0.178125
2.0 0.14526785714285714 0.7496484375 0.29336309523809523 0.170234375
2.0 0.2947619047619048 0.6454296875 0.14428571428571427 0.0767578125
2.0 0.4074702380952381 0.619609375 0.14428571428571427 0.0941796875
2.0 0.1611904761904762 0.623046875 0.11461309523809524 0.074140625
2.0 0.05952380952380952 0.6112890625 0.10485119047619047 0.0727734375
2.0 0.2699107142857143 0.6071484375 0.10660714285714286 0.0616796875
2.0 0.1417857142857143 0.57921875 0.12443452380952381 0.052265625
2.0 0.9424107142857142 0.72234375 0.1313690476190476 0.1469140625
2.0 0.5308630952380953 0.6783203125 0.2806845238095238 0.1529296875
2.0 0.11964285714285715 0.568984375 0.08145833333333334 0.0516015625
2.0 0.2592857142857143 0.572578125 0.08675595238095238 0.05765625
2.0 0.3304761904761905 0.5909375 0.12735119047619048 0.0632421875
2.0 0.5520535714285715 0.59578125 0.12529761904761905 0.06265625
2.0 0.6653869047619048 0.614140625 0.1563392857142857 0.07984375
2.0 0.890625 0.6103515625 0.17973214285714287 0.096953125
