2.0 0.7443154761904762 0.83296875 0.22309523809523807 0.178125
2.0 0.14526785714285714 0.7496484375 0.29336309523809523 0.170234375
2.0 0.2947619047619048 0.6454296875 0.14428571428571427 0.0767578125
2.0 0.4074702380952381 0.619609375 0.14428571428571427 0.0941796875
2.0 0.1611904761904762 0.623046875 0.11461309523809524 0.0741015625
2.0 0.05952380952380952 0.6112890625 0.10485119047619047 0.0727734375
2.0 0.2699107142857143 0.6071484375 0.10660714285714286 0.0616796875
2.0 0.1417857142857143 0.57921875 0.12443452380952381 0.052265625
2.0 0.9424107142857142 0.72234375 0.1313690476190476 0.1469140625
2.0 0.5414285714285714 0.6775 0.2800297619047619 0.1529296875
2.0 0.12345238095238094 0.569609375 0.08199404761904762 0.0516796875
2.0 0.2637202380952381 0.5728125 0.08720238095238095 0.057890625
2.0 0.33651785714285715 0.5914453125 0.12791666666666665 0.063515625
2.0 0.5570535714285714 0.59609375 0.12604166666666666 0.0628125
2.0 0.6758035714285714 0.6147265625 0.15699404761904762 0.080390625
2.0 0.8980059523809525 0.610703125 0.17958333333333334 0.0976171875
