2.0 0.7443154761904762 0.83296875 0.22309523809523807 0.178125
2.0 0.14526785714285714 0.7496484375 0.29336309523809523 0.170234375
2.0 0.2947619047619048 0.6454296875 0.14428571428571427 0.0767578125
2.0 0.4074702380952381 0.619609375 0.14428571428571427 0.0941796875
2.0 0.1611904761904762 0.623046875 0.11461309523809524 0.0741796875
2.0 0.05952380952380952 0.6112890625 0.10485119047619047 0.0727734375
2.0 0.2699107142857143 0.6071484375 0.10660714285714286 0.0616796875
2.0 0.1417857142857143 0.57921875 0.12443452380952381 0.052265625
2.0 0.9424107142857142 0.72234375 0.1313690476190476 0.1469140625
2.0 0.45752976190476186 0.6843359375 0.28482142857142856 0.1529296875
2.0 0.09294642857142857 0.5650390625 0.07785714285714286 0.051015625
2.0 0.23169642857142855 0.5704296875 0.08375 0.056015625
2.0 0.29788690476190477 0.5887109375 0.12279761904761904 0.062578125
2.0 0.5171130952380952 0.5936328125 0.12005952380952382 0.0615625
2.0 0.5995535714285714 0.61 0.15184523809523812 0.0758984375
2.0 0.8391071428571428 0.608046875 0.1805952380952381 0.0923046875
