2.0 0.7443154761904762 0.83296875 0.22309523809523807 0.178125
2.0 0.14526785714285714 0.7496484375 0.29336309523809523 0.170234375
2.0 0.2947619047619048 0.6454296875 0.14428571428571427 0.0767578125
2.0 0.4074702380952381 0.619609375 0.14428571428571427 0.0941796875
2.0 0.1611904761904762 0.623046875 0.11461309523809524 0.074140625
2.0 0.05952380952380952 0.6112890625 0.10485119047619047 0.0727734375
2.0 0.2699107142857143 0.6071484375 0.10660714285714286 0.0616796875
2.0 0.1417857142857143 0.57921875 0.12443452380952381 0.052265625
2.0 0.9424107142857142 0.72234375 0.1313690476190476 0.1469140625
2.0 0.4991071428571428 0.6808203125 0.2826488095238095 0.1529296875
2.0 0.10821428571428571 0.5673046875 0.0799107142857143 0.051328125
2.0 0.2461309523809524 0.5719140625 0.08544642857142858 0.056953125
2.0 0.3155952380952381 0.58984375 0.12547619047619046 0.0628515625
2.0 0.5370535714285714 0.59484375 0.12303571428571429 0.0621875
2.0 0.634047619047619 0.61265625 0.1544345238095238 0.0781640625
2.0 0.8685119047619048 0.609375 0.1800892857142857 0.0949609375
