2.0 0.7443154761904762 0.83296875 0.22309523809523807 0.178125
2.0 0.14526785714285714 0.7496484375 0.29336309523809523 0.170234375
2.0 0.2947619047619048 0.6454296875 0.14428571428571427 0.0767578125
2.0 0.4074702380952381 0.619609375 0.14428571428571427 0.0941796875
2.0 0.1611904761904762 0.623046875 0.11461309523809524 0.07421875
2.0 0.05952380952380952 0.6112890625 0.10485119047619047 0.0727734375
2.0 0.2699107142857143 0.6071484375 0.10660714285714286 0.0616796875
2.0 0.1417857142857143 0.57921875 0.12443452380952381 0.052265625
2.0 0.9424107142857142 0.72234375 0.1313690476190476 0.1469140625
2.0 0.41788690476190476 0.6856640625 0.2868452380952381 0.1529296875
2.0 0.07770833333333334 0.5627734375 0.07577380952380952 0.0506640625
2.0 0.21726190476190477 0.5689453125 0.08199404761904762 0.0550390625
2.0 0.2801488095238095 0.5876171875 0.12011904761904761 0.06234375
2.0 0.4971130952380952 0.59234375 0.11705357142857142 0.0609375
2.0 0.5650595238095238 0.6073828125 0.14928571428571427 0.073671875
2.0 0.8096726190476191 0.60671875 0.18110119047619047 0.089609375
