2.0 0.7443154761904762 0.83296875 0.22309523809523807 0.178125
2.0 0.14526785714285714 0.7496484375 0.29336309523809523 0.170234375
2.0 0.2947619047619048 0.6454296875 0.14428571428571427 0.0767578125
2.0 0.4074702380952381 0.619609375 0.14428571428571427 0.0941796875
2.0 0.1611904761904762 0.623046875 0.11461309523809524 0.0741796875
2.0 0.05952380952380952 0.6112890625 0.10485119047619047 0.0727734375
2.0 0.2699107142857143 0.6071484375 0.10660714285714286 0.0616796875
2.0 0.1417857142857143 0.57921875 0.12443452380952381 0.052265625
2.0 0.9424107142857142 0.72234375 0.1313690476190476 0.1469140625
2.0 0.4475892857142857 0.6847265625 0.28532738095238097 0.1529296875
2.0 0.08913690476190476 0.564453125 0.07732142857142857 0.0509375
2.0 0.22806547619047618 0.5700390625 0.08330357142857142 0.05578125
2.0 0.2934523809523809 0.5884375 0.12211309523809524 0.0625390625
2.0 0.5121130952380952 0.59328125 0.1193154761904762 0.06140625
2.0 0.590952380952381 0.609375 0.1512202380952381 0.0753515625
2.0 0.8317261904761905 0.6076953125 0.1807440476190476 0.0916015625
