2.0 0.7443154761904762 0.83296875 0.22309523809523807 0.178125
2.0 0.14526785714285714 0.7496484375 0.29336309523809523 0.170234375
2.0 0.2947619047619048 0.6454296875 0.14428571428571427 0.0767578125
2.0 0.4074702380952381 0.619609375 0.14428571428571427 0.0941796875
2.0 0.1611904761904762 0.623046875 0.11461309523809524 0.0741796875
2.0 0.05952380952380952 0.6112890625 0.10485119047619047 0.0727734375
2.0 0.2699107142857143 0.6071484375 0.10660714285714286 0.0616796875
2.0 0.1417857142857143 0.57921875 0.12443452380952381 0.052265625
2.0 0.9424107142857142 0.72234375 0.1313690476190476 0.1469140625
2.0 0.4674404761904762 0.6840234375 0.2843154761904762 0.1529296875
2.0 0.0967857142857143 0.565546875 0.07836309523809523 0.05109375
2.0 0.23529761904761906 0.57078125 0.08416666666666667 0.05625
2.0 0.3022916666666666 0.588984375 0.12345238095238094 0.06265625
2.0 0.5221130952380952 0.5939453125 0.12080357142857144 0.06171875
2.0 0.6081547619047619 0.6106640625 0.1525 0.0764453125
2.0 0.8464880952380953 0.6083984375 0.18047619047619048 0.09296875
