2.0 0.7443154761904762 0.83296875 0.22309523809523807 0.178125
2.0 0.14526785714285714 0.7496484375 0.29336309523809523 0.170234375
2.0 0.2947619047619048 0.6454296875 0.14428571428571427 0.0767578125
2.0 0.4074702380952381 0.619609375 0.14428571428571427 0.0941796875
2.0 0.1611904761904762 0.623046875 0.11461309523809524 0.074140625
2.0 0.05952380952380952 0.6112890625 0.10485119047619047 0.0727734375
2.0 0.2699107142857143 0.6071484375 0.10660714285714286 0.0616796875
2.0 0.1417857142857143 0.57921875 0.12443452380952381 0.052265625
2.0 0.9424107142857142 0.72234375 0.1313690476190476 0.1469140625
2.0 0.4872321428571429 0.683359375 0.28327380952380954 0.1529296875
2.0 0.1044047619047619 0.56671875 0.07940476190476191 0.05125
2.0 0.2425297619047619 0.5715625 0.0850297619047619 0.05671875
2.0 0.3111607142857143 0.5895703125 0.12479166666666666 0.0627734375
2.0 0.5320535714285715 0.59453125 0.12229166666666667 0.06203125
2.0 0.6254166666666666 0.611953125 0.15377976190476192 0.077578125
2.0 0.8611904761904763 0.6090234375 0.18023809523809525 0.094296875
