2.0 0.7443154761904762 0.83296875 0.22309523809523807 0.178125
2.0 0.14526785714285714 0.7496484375 0.29336309523809523 0.170234375
2.0 0.2947619047619048 0.6454296875 0.14428571428571427 0.0767578125
2.0 0.4074702380952381 0.619609375 0.14428571428571427 0.0941796875
2.0 0.1611904761904762 0.623046875 0.11461309523809524 0.0741796875
2.0 0.05952380952380952 0.6112890625 0.10485119047619047 0.0727734375
2.0 0.2699107142857143 0.6071484375 0.10660714285714286 0.0616796875
2.0 0.1417857142857143 0.57921875 0.12443452380952381 0.052265625
2.0 0.9424107142857142 0.72234375 0.1313690476190476 0.1469140625
2.0 0.4376785714285714 0.6850390625 0.28583333333333333 0.1529296875
2.0 0.08532738095238096 0.56390625 0.07681547619047618 0.0508203125
2.0 0.22446428571428573 0.5696484375 0.08285714285714285 0.0555078125
2.0 0.28901785714285716 0.588125 0.12145833333333333 0.0624609375
2.0 0.5071428571428571 0.5930078125 0.11857142857142858 0.06125
2.0 0.5823214285714285 0.608671875 0.1505654761904762 0.074765625
2.0 0.8243750000000001 0.607421875 0.18086309523809524 0.0909375
