2.0 0.7443154761904762 0.83296875 0.22309523809523807 0.178125
2.0 0.14526785714285714 0.7496484375 0.29336309523809523 0.170234375
2.0 0.2947619047619048 0.6454296875 0.14428571428571427 0.0767578125
2.0 0.4074702380952381 0.619609375 0.14428571428571427 0.0941796875
2.0 0.1611904761904762 0.623046875 0.11461309523809524 0.074140625
2.0 0.05952380952380952 0.6112890625 0.10485119047619047 0.0727734375
2.0 0.2699107142857143 0.6071484375 0.10660714285714286 0.0616796875
2.0 0.1417857142857143 0.57921875 0.12443452380952381 0.052265625
2.0 0.9424107142857142 0.72234375 0.1313690476190476 0.1469140625
2.0 0.47732142857142856 0.683671875 0.2838095238095238 0.1529296875
2.0 0.10056547619047619 0.566171875 0.07886904761904762 0.051171875
2.0 0.2388988095238095 0.571171875 0.08461309523809524 0.056484375
2.0 0.3067261904761905 0.589296875 0.12413690476190477 0.062734375
2.0 0.5270833333333333 0.59421875 0.12154761904761906 0.061875
2.0 0.6168154761904762 0.6112890625 0.153125 0.07703125
2.0 0.8538095238095238 0.6087109375 0.18035714285714285 0.0936328125
