2.0 0.7443154761904762 0.83296875 0.22309523809523807 0.178125
2.0 0.14526785714285714 0.7496484375 0.29336309523809523 0.170234375
2.0 0.2947619047619048 0.6454296875 0.14428571428571427 0.0767578125
2.0 0.4074702380952381 0.619609375 0.14428571428571427 0.0941796875
2.0 0.1611904761904762 0.6230859375 0.11461309523809524 0.0742578125
2.0 0.05952380952380952 0.6112890625 0.10485119047619047 0.0727734375
2.0 0.2699107142857143 0.6071484375 0.10660714285714286 0.0616796875
2.0 0.1417857142857143 0.57921875 0.12443452380952381 0.052265625
2.0 0.9424107142857142 0.72234375 0.1313690476190476 0.1469140625
2.0 0.350625 0.6883984375 0.28422619047619047 0.1515625
2.0 0.8982440476190476 0.6666796875 0.19452380952380952 0.1380859375
2.0 0.051011904761904765 0.5587109375 0.07217261904761904 0.050078125
2.0 0.19196428571428573 0.5662890625 0.07898809523809523 0.0533984375
2.0 0.24916666666666668 0.585625 0.11547619047619047 0.0619140625
2.0 0.462202380952381 0.590234375 0.11181547619047619 0.0598046875
2.0 0.509345238095238 0.6030078125 0.1424702380952381 0.07078125
2.0 0.7592857142857143 0.6034765625 0.18038690476190475 0.0856640625
