2.0 0.7443154761904762 0.83296875 0.22309523809523807 0.178125
2.0 0.14526785714285714 0.7496484375 0.29336309523809523 0.170234375
2.0 0.2947619047619048 0.6454296875 0.14428571428571427 0.0767578125
2.0 0.4074702380952381 0.619609375 0.14428571428571427 0.0941796875
2.0 0.1611904761904762 0.6230859375 0.11461309523809524 0.07421875
2.0 0.05952380952380952 0.6112890625 0.10485119047619047 0.0727734375
2.0 0.2699107142857143 0.6071484375 0.10660714285714286 0.0616796875
2.0 0.1417857142857143 0.57921875 0.12443452380952381 0.052265625
2.0 0.9424107142857142 0.72234375 0.1313690476190476 0.1469140625
2.0 0.38860119047619046 0.6867578125 0.28711309523809525 0.15265625
2.0 0.0662797619047619 0.561015625 0.07422619047619047 0.050390625
2.0 0.20642857142857143 0.5678125 0.08071428571428571 0.0543359375
2.0 0.26687500000000003 0.58671875 0.118125 0.0621484375
2.0 0.48217261904761904 0.591484375 0.11482142857142856 0.06046875
2.0 0.5391666666666667 0.6054296875 0.14735119047619047 0.071953125
2.0 0.7875595238095239 0.605703125 0.18148809523809523 0.0876171875
