2.0 0.7443154761904762 0.83296875 0.22309523809523807 0.178125
2.0 0.14526785714285714 0.7496484375 0.29336309523809523 0.170234375
2.0 0.2947619047619048 0.6454296875 0.14428571428571427 0.0767578125
2.0 0.4074702380952381 0.619609375 0.14428571428571427 0.0941796875
2.0 0.1611904761904762 0.6230859375 0.11461309523809524 0.0742578125
2.0 0.05952380952380952 0.6112890625 0.10485119047619047 0.0727734375
2.0 0.2699107142857143 0.6071484375 0.10660714285714286 0.0616796875
2.0 0.1417857142857143 0.57921875 0.12443452380952381 0.052265625
2.0 0.9424107142857142 0.72234375 0.1313690476190476 0.1469140625
2.0 0.33157738095238093 0.68921875 0.2827678571428572 0.151015625
2.0 0.8855654761904762 0.666484375 0.21074404761904764 0.1401953125
2.0 0.04639880952380952 0.5598828125 0.07113095238095238 0.0498828125
2.0 0.18476190476190477 0.5655078125 0.078125 0.0529296875
2.0 0.24032738095238096 0.585078125 0.11413690476190477 0.061796875
2.0 0.4535416666666666 0.5894921875 0.11098214285714285 0.0594921875
2.0 0.4944047619047619 0.601796875 0.1400297619047619 0.07015625
2.0 0.7453273809523809 0.6021875 0.17958333333333334 0.0848046875
