2.0 0.7443154761904762 0.83296875 0.22309523809523807 0.178125
2.0 0.14526785714285714 0.7496484375 0.29336309523809523 0.170234375
2.0 0.2947619047619048 0.6454296875 0.14428571428571427 0.0767578125
2.0 0.4074702380952381 0.619609375 0.14428571428571427 0.0941796875
2.0 0.1611904761904762 0.6230859375 0.11461309523809524 0.07421875
2.0 0.05952380952380952 0.6112890625 0.10485119047619047 0.0727734375
2.0 0.2699107142857143 0.6071484375 0.10660714285714286 0.0616796875
2.0 0.1417857142857143 0.57921875 0.12443452380952381 0.052265625
2.0 0.9424107142857142 0.72234375 0.1313690476190476 0.1469140625
2.0 0.37910714285714286 0.6871484375 0.2863988095238095 0.1523828125
2.0 0.9172916666666666 0.666875 0.17020833333333332 0.134921875
2.0 0.06244047619047619 0.56046875 0.07372023809523809 0.0503125
2.0 0.20279761904761906 0.5673828125 0.08026785714285714 0.0541015625
2.0 0.26247023809523806 0.5864453125 0.11747023809523809 0.062109375
2.0 0.4771726190476191 0.591171875 0.11407738095238094 0.0603125
2.0 0.5317559523809523 0.6048046875 0.1461309523809524 0.0716796875
2.0 0.7802083333333333 0.6054296875 0.18160714285714286 0.086953125
