2.0 0.7443154761904762 0.83296875 0.22309523809523807 0.178125
2.0 0.14526785714285714 0.7496484375 0.29336309523809523 0.170234375
2.0 0.2947619047619048 0.6454296875 0.14428571428571427 0.0767578125
2.0 0.4074702380952381 0.619609375 0.14428571428571427 0.0941796875
2.0 0.1611904761904762 0.6230859375 0.11461309523809524 0.0742578125
2.0 0.05952380952380952 0.6112890625 0.10485119047619047 0.0727734375
2.0 0.2699107142857143 0.6071484375 0.10660714285714286 0.0616796875
2.0 0.1417857142857143 0.57921875 0.12443452380952381 0.052265625
2.0 0.9424107142857142 0.72234375 0.1313690476190476 0.1469140625
2.0 0.32208333333333333 0.6896484375 0.2820535714285714 0.1507421875
2.0 0.8792559523809524 0.6664453125 0.21886904761904763 0.14125
2.0 0.04407738095238095 0.5604296875 0.07059523809523809 0.0498046875
2.0 0.18116071428571429 0.56515625 0.07767857142857143 0.05265625
2.0 0.23589285714285715 0.58484375 0.11345238095238094 0.06171875
2.0 0.4491964285714286 0.5891015625 0.11056547619047619 0.0593359375
2.0 0.48696428571428574 0.60125 0.13883928571428572 0.0698828125
2.0 0.7383333333333334 0.6015625 0.17916666666666667 0.084375
