2.0 0.7443154761904762 0.83296875 0.22309523809523807 0.178125
2.0 0.14526785714285714 0.7496484375 0.29336309523809523 0.170234375
2.0 0.2947619047619048 0.6454296875 0.14428571428571427 0.0767578125
2.0 0.4074702380952381 0.619609375 0.14428571428571427 0.0941796875
2.0 0.1611904761904762 0.6230859375 0.11461309523809524 0.0742578125
2.0 0.05952380952380952 0.6112890625 0.10485119047619047 0.0727734375
2.0 0.2699107142857143 0.6071484375 0.10660714285714286 0.0616796875
2.0 0.1417857142857143 0.57921875 0.12443452380952381 0.052265625
2.0 0.9424107142857142 0.72234375 0.1313690476190476 0.1469140625
2.0 0.3600892857142857 0.68796875 0.2849404761904762 0.1518359375
2.0 0.9045833333333333 0.66671875 0.18642857142857144 0.13703125
2.0 0.05485119047619048 0.5593359375 0.07267857142857144 0.05015625
2.0 0.1955952380952381 0.566640625 0.07940476190476191 0.0536328125
2.0 0.25360119047619045 0.5858984375 0.11613095238095239 0.061953125
2.0 0.4672321428571429 0.590546875 0.1125595238095238 0.06
2.0 0.5167857142857143 0.6036328125 0.1436904761904762 0.0710546875
2.0 0.76625 0.604140625 0.18080357142857142 0.08609375
