2.0 0.7443154761904762 0.83296875 0.22309523809523807 0.178125
2.0 0.14526785714285714 0.7496484375 0.29336309523809523 0.170234375
2.0 0.2947619047619048 0.6454296875 0.14428571428571427 0.0767578125
2.0 0.4074702380952381 0.619609375 0.14428571428571427 0.0941796875
2.0 0.1611904761904762 0.623125 0.11461309523809524 0.0743359375
2.0 0.05952380952380952 0.6112890625 0.10485119047619047 0.0727734375
2.0 0.2699107142857143 0.6071484375 0.10660714285714286 0.0616796875
2.0 0.1417857142857143 0.57921875 0.12443452380952381 0.052265625
2.0 0.9424107142857142 0.72234375 0.1313690476190476 0.1469140625
2.0 0.22916666666666666 0.6912890625 0.28672619047619047 0.1508203125
2.0 0.7999404761904761 0.670703125 0.25511904761904763 0.1429296875
2.0 0.14863095238095236 0.5617578125 0.07380952380952381 0.050546875
2.0 0.1994345238095238 0.581171875 0.10732142857142858 0.06
2.0 0.41011904761904766 0.585703125 0.1068154761904762 0.0579296875
2.0 0.42071428571428576 0.5958203125 0.12785714285714286 0.0671875
2.0 0.6761607142857142 0.5959375 0.17514880952380954 0.0805859375
