2.0 0.7443154761904762 0.83296875 0.22309523809523807 0.178125
2.0 0.14526785714285714 0.7496484375 0.29336309523809523 0.170234375
2.0 0.2947619047619048 0.6454296875 0.14428571428571427 0.0767578125
2.0 0.4074702380952381 0.619609375 0.14428571428571427 0.0941796875
2.0 0.1611904761904762 0.623125 0.11461309523809524 0.074296875
2.0 0.05952380952380952 0.6112890625 0.10485119047619047 0.0727734375
2.0 0.2699107142857143 0.6071484375 0.10660714285714286 0.0616796875
2.0 0.1417857142857143 0.57921875 0.12443452380952381 0.052265625
2.0 0.9424107142857142 0.72234375 0.1313690476190476 0.1469140625
2.0 0.2613690476190476 0.6910546875 0.28327380952380954 0.150390625
2.0 0.8322916666666667 0.66796875 0.25282738095238094 0.1444140625
2.0 0.1594642857142857 0.562890625 0.07508928571428572 0.05125
2.0 0.21071428571428572 0.5826953125 0.1094047619047619 0.0608984375
2.0 0.4230952380952381 0.586875 0.1080654761904762 0.0583984375
2.0 0.44214285714285717 0.5976171875 0.13151785714285713 0.0680859375
2.0 0.6965178571428572 0.5976953125 0.17672619047619048 0.0818359375
