2.0 0.7443154761904762 0.83296875 0.22309523809523807 0.178125
2.0 0.14526785714285714 0.7496484375 0.29336309523809523 0.170234375
2.0 0.2947619047619048 0.6454296875 0.14428571428571427 0.0767578125
2.0 0.4074702380952381 0.619609375 0.14428571428571427 0.0941796875
2.0 0.1611904761904762 0.623125 0.11461309523809524 0.0743359375
2.0 0.05952380952380952 0.6112890625 0.10485119047619047 0.0727734375
2.0 0.2699107142857143 0.6071484375 0.10660714285714286 0.0616796875
2.0 0.1417857142857143 0.57921875 0.12443452380952381 0.052265625
2.0 0.9424107142857142 0.72234375 0.1313690476190476 0.1469140625
2.0 0.23991071428571428 0.6912109375 0.2855654761904762 0.1506640625
2.0 0.8107142857142856 0.6698046875 0.25434523809523807 0.1434375
2.0 0.15223214285714284 0.5621484375 0.07422619047619047 0.05078125
2.0 0.2031845238095238 0.5816796875 0.10803571428571428 0.0603125
2.0 0.41443452380952384 0.5861328125 0.10723214285714286 0.0580859375
2.0 0.4272619047619048 0.59640625 0.12907738095238094 0.0674609375
2.0 0.6825297619047619 0.59640625 0.17592261904761905 0.0809765625
