2.0 0.7443154761904762 0.83296875 0.22309523809523807 0.178125
2.0 0.14526785714285714 0.7496484375 0.29336309523809523 0.170234375
2.0 0.2947619047619048 0.6454296875 0.14428571428571427 0.0767578125
2.0 0.4074702380952381 0.619609375 0.14428571428571427 0.0941796875
2.0 0.1611904761904762 0.6230859375 0.11461309523809524 0.074296875
2.0 0.05952380952380952 0.6112890625 0.10485119047619047 0.0727734375
2.0 0.2699107142857143 0.6071484375 0.10660714285714286 0.0616796875
2.0 0.1417857142857143 0.57921875 0.12443452380952381 0.052265625
2.0 0.9424107142857142 0.72234375 0.1313690476190476 0.1469140625
2.0 0.2935714285714286 0.6908984375 0.2798511904761905 0.149921875
2.0 0.8602380952380952 0.66625 0.2431845238095238 0.144375
2.0 0.03720238095238095 0.562109375 0.06904761904761905 0.0495703125
2.0 0.17032738095238095 0.5640234375 0.07639880952380954 0.051953125
2.0 0.2226190476190476 0.5839453125 0.11145833333333334 0.0615234375
2.0 0.43613095238095234 0.58796875 0.10931547619047619 0.0588671875
2.0 0.46455357142857145 0.5994140625 0.13517857142857143 0.068984375
2.0 0.7174404761904762 0.599609375 0.17794642857142856 0.0830859375
