2.0 0.7443154761904762 0.83296875 0.22309523809523807 0.178125
2.0 0.14526785714285714 0.7496484375 0.29336309523809523 0.170234375
2.0 0.2947619047619048 0.6454296875 0.14428571428571427 0.0767578125
2.0 0.4074702380952381 0.619609375 0.14428571428571427 0.0941796875
2.0 0.1611904761904762 0.623125 0.11461309523809524 0.0743359375
2.0 0.05952380952380952 0.6112890625 0.10485119047619047 0.0727734375
2.0 0.2699107142857143 0.6071484375 0.10660714285714286 0.0616796875
2.0 0.1417857142857143 0.57921875 0.12443452380952381 0.052265625
2.0 0.9424107142857142 0.72234375 0.1313690476190476 0.1469140625
2.0 0.21845238095238098 0.69140625 0.28785714285714287 0.1509765625
2.0 0.7891369047619047 0.6716015625 0.25586309523809525 0.142421875
2.0 0.14502976190476188 0.561328125 0.07336309523809523 0.0503125
2.0 0.1956845238095238 0.580703125 0.10663690476190475 0.0597265625
2.0 0.40574404761904764 0.5853125 0.10639880952380952 0.0577734375
2.0 0.4141666666666667 0.5951953125 0.12663690476190476 0.066875
2.0 0.6697916666666667 0.5955078125 0.174375 0.0801953125
