2.0 0.7443154761904762 0.83296875 0.22309523809523807 0.178125
2.0 0.14526785714285714 0.7496484375 0.29336309523809523 0.170234375
2.0 0.2947619047619048 0.6454296875 0.14428571428571427 0.0767578125
2.0 0.4074702380952381 0.619609375 0.14428571428571427 0.0941796875
2.0 0.1611904761904762 0.623125 0.11461309523809524 0.074296875
2.0 0.05952380952380952 0.6112890625 0.10485119047619047 0.0727734375
2.0 0.2699107142857143 0.6071484375 0.10660714285714286 0.0616796875
2.0 0.1417857142857143 0.57921875 0.12443452380952381 0.052265625
2.0 0.9424107142857142 0.72234375 0.1313690476190476 0.1469140625
2.0 0.2506547619047619 0.691171875 0.2844345238095238 0.1505078125
2.0 0.8215178571428571 0.66890625 0.25357142857142856 0.1439453125
2.0 0.15583333333333332 0.5625 0.07467261904761904 0.051015625
2.0 0.20693452380952382 0.5821484375 0.10872023809523809 0.0605859375
2.0 0.4188095238095238 0.586484375 0.10764880952380954 0.0582421875
2.0 0.43470238095238095 0.5969921875 0.13029761904761905 0.0677734375
2.0 0.6895238095238095 0.59703125 0.1763095238095238 0.08140625
