2.0 0.7443154761904762 0.83296875 0.22309523809523807 0.178125
2.0 0.14541666666666667 0.7496484375 0.2936011904761905 0.170234375
2.0 0.2947619047619048 0.6454296875 0.14428571428571427 0.0767578125
2.0 0.4074702380952381 0.619609375 0.14428571428571427 0.0941796875
2.0 0.1611904761904762 0.623125 0.11461309523809524 0.074375
2.0 0.05952380952380952 0.6112890625 0.10485119047619047 0.0727734375
2.0 0.2699107142857143 0.6071484375 0.10660714285714286 0.0616796875
2.0 0.1417857142857143 0.57921875 0.12443452380952381 0.052265625
2.0 0.9424107142857142 0.72234375 0.1313690476190476 0.1469140625
2.0 0.18619047619047618 0.691640625 0.2912797619047619 0.1514453125
2.0 0.7568154761904762 0.674375 0.2581547619047619 0.1409375
2.0 0.1356547619047619 0.5604296875 0.07208333333333333 0.0495703125
2.0 0.1844047619047619 0.57921875 0.10455357142857144 0.058828125
2.0 0.3927380952380953 0.58421875 0.10514880952380952 0.0573046875
2.0 0.39452380952380955 0.5934375 0.12297619047619048 0.0659765625
2.0 0.6506547619047619 0.59421875 0.17211309523809523 0.0791015625
