2.0 0.7443154761904762 0.83296875 0.22309523809523807 0.178125
2.0 0.14526785714285714 0.7496484375 0.29336309523809523 0.170234375
2.0 0.2947619047619048 0.6454296875 0.14428571428571427 0.0767578125
2.0 0.4074702380952381 0.619609375 0.14428571428571427 0.0941796875
2.0 0.1611904761904762 0.623125 0.11461309523809524 0.0743359375
2.0 0.05952380952380952 0.6112890625 0.10485119047619047 0.0727734375
2.0 0.2699107142857143 0.6071484375 0.10660714285714286 0.0616796875
2.0 0.1417857142857143 0.57921875 0.12443452380952381 0.052265625
2.0 0.9424107142857142 0.72234375 0.1313690476190476 0.1469140625
2.0 0.20767857142857143 0.6914453125 0.2889880952380952 0.1511328125
2.0 0.7783630952380951 0.6725390625 0.25663690476190476 0.1419140625
2.0 0.1413988095238095 0.561015625 0.07294642857142858 0.0500390625
2.0 0.1919047619047619 0.5801953125 0.10595238095238095 0.0594140625
2.0 0.4014285714285714 0.585 0.10598214285714286 0.0576171875
2.0 0.40758928571428565 0.594609375 0.12541666666666668 0.0665625
2.0 0.663422619047619 0.595078125 0.17363095238095239 0.07984375
