2.0 0.7443154761904762 0.83296875 0.22309523809523807 0.178125
2.0 0.14568452380952382 0.7496484375 0.2942261904761905 0.170234375
2.0 0.2947619047619048 0.6454296875 0.14428571428571427 0.0767578125
2.0 0.4074702380952381 0.619609375 0.14428571428571427 0.0941796875
2.0 0.1611904761904762 0.6231640625 0.11461309523809524 0.0744140625
2.0 0.05952380952380952 0.6112890625 0.10485119047619047 0.0727734375
2.0 0.2699107142857143 0.6071484375 0.10660714285714286 0.0616796875
2.0 0.1417857142857143 0.57921875 0.12443452380952381 0.052265625
2.0 0.9424107142857142 0.72234375 0.1313690476190476 0.1469140625
2.0 0.14339285714285716 0.6791015625 0.27032738095238096 0.1320703125
2.0 0.7059523809523809 0.678359375 0.26083333333333336 0.1409375
2.0 0.12122023809523809 0.5590625 0.06991071428571428 0.0483984375
2.0 0.1656547619047619 0.57671875 0.10107142857142858 0.05734375
2.0 0.37101190476190476 0.58234375 0.1030654761904762 0.0565234375
2.0 0.3617559523809524 0.590390625 0.11690476190476191 0.064453125
2.0 0.6187797619047619 0.59203125 0.1683035714285714 0.0772265625
