2.0 0.7443154761904762 0.83296875 0.22309523809523807 0.178125
2.0 0.14577380952380953 0.7496484375 0.2943452380952381 0.170234375
2.0 0.2947619047619048 0.6454296875 0.14428571428571427 0.0767578125
2.0 0.4074702380952381 0.619609375 0.14428571428571427 0.0941796875
2.0 0.1611904761904762 0.6231640625 0.11461309523809524 0.0744140625
2.0 0.05952380952380952 0.6112890625 0.10485119047619047 0.0727734375
2.0 0.2699107142857143 0.6071484375 0.10660714285714286 0.0616796875
2.0 0.1417857142857143 0.57921875 0.12443452380952381 0.052265625
2.0 0.9424107142857142 0.72234375 0.1313690476190476 0.1469140625
2.0 0.13482142857142856 0.675859375 0.2661607142857143 0.1289453125
2.0 0.6958035714285714 0.6791796875 0.2613392857142857 0.1409375
2.0 0.11836309523809525 0.5587109375 0.06949404761904762 0.0481640625
2.0 0.161875 0.5762109375 0.10038690476190475 0.0570703125
2.0 0.3666666666666667 0.5819921875 0.10264880952380953 0.0563671875
2.0 0.35517857142857145 0.5898046875 0.1156845238095238 0.0641796875
2.0 0.6124107142857144 0.5915625 0.1675297619047619 0.0768359375
