2.0 0.7443154761904762 0.83296875 0.22309523809523807 0.178125
2.0 0.1455654761904762 0.7496484375 0.2939583333333333 0.170234375
2.0 0.2947619047619048 0.6454296875 0.14428571428571427 0.0767578125
2.0 0.4074702380952381 0.619609375 0.14428571428571427 0.0941796875
2.0 0.1611904761904762 0.6231640625 0.11461309523809524 0.074375
2.0 0.05952380952380952 0.6112890625 0.10485119047619047 0.0727734375
2.0 0.2699107142857143 0.6071484375 0.10660714285714286 0.0616796875
2.0 0.1417857142857143 0.57921875 0.12443452380952381 0.052265625
2.0 0.9424107142857142 0.72234375 0.1313690476190476 0.1469140625
2.0 0.16053571428571428 0.6855078125 0.2787202380952381 0.138359375
2.0 0.726279761904762 0.6767578125 0.25976190476190475 0.1409375
2.0 0.12699404761904762 0.559609375 0.07077380952380953 0.0488671875
2.0 0.173125 0.577734375 0.1024702380952381 0.0579296875
2.0 0.37970238095238096 0.583125 0.10389880952380952 0.0568359375
2.0 0.3748511904761905 0.5916015625 0.1193154761904762 0.065078125
2.0 0.6315178571428571 0.592890625 0.16982142857142857 0.07796875
