2.0 0.7443154761904762 0.83296875 0.22309523809523807 0.178125
2.0 0.1456547619047619 0.7496484375 0.29407738095238095 0.170234375
2.0 0.2947619047619048 0.6454296875 0.14428571428571427 0.0767578125
2.0 0.4074702380952381 0.619609375 0.14428571428571427 0.0941796875
2.0 0.1611904761904762 0.6231640625 0.11461309523809524 0.074375
2.0 0.05952380952380952 0.6112890625 0.10485119047619047 0.0727734375
2.0 0.2699107142857143 0.6071484375 0.10660714285714286 0.0616796875
2.0 0.1417857142857143 0.57921875 0.12443452380952381 0.052265625
2.0 0.9424107142857142 0.72234375 0.1313690476190476 0.1469140625
2.0 0.15196428571428572 0.6823046875 0.2745238095238095 0.135234375
2.0 0.7161011904761905 0.677578125 0.26029761904761906 0.1409375
2.0 0.12410714285714286 0.559296875 0.07035714285714285 0.0486328125
2.0 0.169375 0.5771875 0.1017857142857143 0.05765625
2.0 0.3753571428571429 0.5826953125 0.10348214285714287 0.0566796875
2.0 0.36830357142857145 0.5910546875 0.118125 0.064765625
2.0 0.6251785714285715 0.5924609375 0.16904761904761903 0.077578125
