2.0 0.7443154761904762 0.83296875 0.22309523809523807 0.178125
2.0 0.14553571428571427 0.7496484375 0.29383928571428575 0.170234375
2.0 0.2947619047619048 0.6454296875 0.14428571428571427 0.0767578125
2.0 0.4074702380952381 0.619609375 0.14428571428571427 0.0941796875
2.0 0.1611904761904762 0.623125 0.11461309523809524 0.074375
2.0 0.05952380952380952 0.6112890625 0.10485119047619047 0.0727734375
2.0 0.2699107142857143 0.6071484375 0.10660714285714286 0.0616796875
2.0 0.1417857142857143 0.57921875 0.12443452380952381 0.052265625
2.0 0.9424107142857142 0.72234375 0.1313690476190476 0.1469140625
2.0 0.16907738095238095 0.68875 0.28291666666666665 0.1415234375
2.0 0.7364583333333333 0.6759765625 0.25922619047619044 0.1409375
2.0 0.12988095238095237 0.5598828125 0.0712202380952381 0.0491015625
2.0 0.176875 0.578203125 0.10315476190476189 0.0582421875
2.0 0.384047619047619 0.583515625 0.10431547619047618 0.0569921875
2.0 0.38139880952380956 0.5922265625 0.12056547619047618 0.0653515625
2.0 0.6379166666666667 0.5933203125 0.17056547619047618 0.0783203125
