2.0 0.7443154761904762 0.83296875 0.22309523809523807 0.178125
2.0 0.14642857142857144 0.7496484375 0.2957142857142857 0.170234375
2.0 0.2947619047619048 0.6454296875 0.14428571428571427 0.0767578125
2.0 0.4074702380952381 0.619609375 0.14428571428571427 0.0941796875
2.0 0.1611904761904762 0.6232421875 0.11461309523809524 0.0744921875
2.0 0.05952380952380952 0.6112890625 0.10485119047619047 0.0727734375
2.0 0.2699107142857143 0.6071484375 0.10660714285714286 0.0616796875
2.0 0.1417857142857143 0.57921875 0.12443452380952381 0.052265625
2.0 0.9424107142857142 0.72234375 0.1313690476190476 0.1469140625
2.0 0.5833333333333334 0.68703125 0.2669047619047619 0.1409375
2.0 0.08666666666666667 0.5556640625 0.06473214285714286 0.045546875
2.0 0.12449404761904762 0.5718359375 0.09273809523809524 0.053828125
2.0 0.32196428571428576 0.578671875 0.09071428571428572 0.0546484375
2.0 0.2957738095238095 0.5853125 0.10761904761904761 0.0616796875
2.0 0.5542261904761905 0.587578125 0.1594047619047619 0.073671875
