2.0 0.7443154761904762 0.83296875 0.22309523809523807 0.178125
2.0 0.1463095238095238 0.7496484375 0.29544642857142855 0.170234375
2.0 0.2947619047619048 0.6454296875 0.14428571428571427 0.0767578125
2.0 0.4074702380952381 0.619609375 0.14428571428571427 0.0941796875
2.0 0.1611904761904762 0.6232421875 0.11461309523809524 0.074453125
2.0 0.05952380952380952 0.6112890625 0.10485119047619047 0.0727734375
2.0 0.2699107142857143 0.6071484375 0.10660714285714286 0.0616796875
2.0 0.1417857142857143 0.57921875 0.12443452380952381 0.052265625
2.0 0.9424107142857142 0.72234375 0.1313690476190476 0.1469140625
2.0 0.08285714285714285 0.683359375 0.15991071428571427 0.1289453125
2.0 0.6043154761904762 0.686328125 0.2661607142857143 0.1409375
2.0 0.09241071428571429 0.5562109375 0.0655952380952381 0.046015625
2.0 0.13104166666666667 0.5725390625 0.09413690476190475 0.0544140625
2.0 0.3300297619047619 0.5792578125 0.09300595238095238 0.0549609375
2.0 0.3057440476190476 0.5859375 0.10854166666666666 0.06203125
2.0 0.5646130952380952 0.58828125 0.16086309523809522 0.07421875
