2.0 0.7443154761904762 0.83296875 0.22309523809523807 0.178125
2.0 0.14598214285714284 0.7496484375 0.29470238095238094 0.170234375
2.0 0.2947619047619048 0.6454296875 0.14428571428571427 0.0767578125
2.0 0.4074702380952381 0.619609375 0.14428571428571427 0.0941796875
2.0 0.1611904761904762 0.6231640625 0.11461309523809524 0.0744140625
2.0 0.05952380952380952 0.6112890625 0.10485119047619047 0.0727734375
2.0 0.2699107142857143 0.6071484375 0.10660714285714286 0.0616796875
2.0 0.1417857142857143 0.57921875 0.12443452380952381 0.052265625
2.0 0.9424107142857142 0.72234375 0.1313690476190476 0.1469140625
2.0 0.11747023809523809 0.6793359375 0.23074404761904763 0.1269921875
2.0 0.665297619047619 0.6815625 0.2629464285714286 0.1409375
2.0 0.10973214285714285 0.557890625 0.0681845238095238 0.0474609375
2.0 0.150625 0.574765625 0.09830357142857143 0.056171875
2.0 0.35425595238095237 0.5810546875 0.09994047619047619 0.0558984375
2.0 0.33556547619047616 0.5880078125 0.11202380952380953 0.06328125
2.0 0.595625 0.59046875 0.16529761904761905 0.0758984375
