2.0 0.7443154761904762 0.83296875 0.22309523809523807 0.178125
2.0 0.14639880952380951 0.7496484375 0.2955654761904762 0.170234375
2.0 0.2947619047619048 0.6454296875 0.14428571428571427 0.0767578125
2.0 0.4074702380952381 0.619609375 0.14428571428571427 0.0941796875
2.0 0.1611904761904762 0.6232421875 0.11461309523809524 0.074453125
2.0 0.05952380952380952 0.6112890625 0.10485119047619047 0.0727734375
2.0 0.2699107142857143 0.6071484375 0.10660714285714286 0.0616796875
2.0 0.1417857142857143 0.57921875 0.12443452380952381 0.052265625
2.0 0.9424107142857142 0.72234375 0.1313690476190476 0.1469140625
2.0 0.5938392857142857 0.686640625 0.26654761904761903 0.1409375
2.0 0.08955357142857143 0.5559375 0.06517857142857142 0.04578125
2.0 0.12773809523809523 0.5721875 0.09345238095238095 0.054140625
2.0 0.3259821428571429 0.5789453125 0.091875 0.0548046875
2.0 0.30077380952380955 0.585625 0.1080654761904762 0.061875
2.0 0.559404761904762 0.5879296875 0.1601190476190476 0.0739453125
