2.0 0.7443154761904762 0.83296875 0.22309523809523807 0.178125
2.0 0.1462797619047619 0.7496484375 0.295327380952381 0.170234375
2.0 0.2947619047619048 0.6454296875 0.14428571428571427 0.0767578125
2.0 0.4074702380952381 0.619609375 0.14428571428571427 0.0941796875
2.0 0.1611904761904762 0.6232421875 0.11461309523809524 0.074453125
2.0 0.05952380952380952 0.6112890625 0.10485119047619047 0.0727734375
2.0 0.2699107142857143 0.6071484375 0.10660714285714286 0.0616796875
2.0 0.1417857142857143 0.57921875 0.12443452380952381 0.052265625
2.0 0.9424107142857142 0.72234375 0.1313690476190476 0.1469140625
2.0 0.08860119047619047 0.683671875 0.17172619047619048 0.1266796875
2.0 0.6144642857142857 0.685546875 0.265625 0.1409375
2.0 0.09529761904761906 0.556484375 0.06604166666666667 0.04625
2.0 0.13428571428571429 0.57296875 0.09482142857142857 0.0547265625
2.0 0.33407738095238093 0.5795703125 0.09416666666666666 0.0551171875
2.0 0.3107440476190476 0.5862109375 0.10898809523809523 0.0622265625
2.0 0.5697619047619048 0.5886328125 0.16160714285714284 0.0744921875
