2.0 0.7443154761904762 0.83296875 0.22309523809523807 0.178125
2.0 0.1461011904761905 0.7496484375 0.2949702380952381 0.170234375
2.0 0.2947619047619048 0.6454296875 0.14428571428571427 0.0767578125
2.0 0.4074702380952381 0.619609375 0.14428571428571427 0.0941796875
2.0 0.1611904761904762 0.6231640625 0.11461309523809524 0.0744140625
2.0 0.05952380952380952 0.6112890625 0.10485119047619047 0.0727734375
2.0 0.2699107142857143 0.6071484375 0.10660714285714286 0.0616796875
2.0 0.1417857142857143 0.57921875 0.12443452380952381 0.052265625
2.0 0.9424107142857142 0.72234375 0.1313690476190476 0.1469140625
2.0 0.10595238095238095 0.681640625 0.20714285714285713 0.1257421875
2.0 0.6449404761904761 0.683125 0.26401785714285714 0.1409375
2.0 0.10392857142857144 0.5573828125 0.06732142857142857 0.046953125
2.0 0.14407738095238093 0.573984375 0.09690476190476191 0.0555859375
2.0 0.34619047619047616 0.5804296875 0.0976190476190476 0.0555859375
2.0 0.3244047619047619 0.587109375 0.11035714285714285 0.0627734375
2.0 0.585297619047619 0.589765625 0.1638095238095238 0.0753515625
