2.0 0.7443154761904762 0.83296875 0.22309523809523807 0.178125
2.0 0.14616071428571428 0.7496484375 0.2950892857142857 0.170234375
2.0 0.2947619047619048 0.6454296875 0.14428571428571427 0.0767578125
2.0 0.4074702380952381 0.619609375 0.14428571428571427 0.0941796875
2.0 0.1611904761904762 0.6231640625 0.11461309523809524 0.074453125
2.0 0.05952380952380952 0.6112890625 0.10485119047619047 0.0727734375
2.0 0.2699107142857143 0.6071484375 0.10660714285714286 0.0616796875
2.0 0.1417857142857143 0.57921875 0.12443452380952381 0.052265625
2.0 0.9424107142857142 0.72234375 0.1313690476190476 0.1469140625
2.0 0.10017857142857142 0.6827734375 0.19532738095238095 0.125078125
2.0 0.6348214285714286 0.683984375 0.26455357142857144 0.1409375
2.0 0.10107142857142858 0.55703125 0.06690476190476191 0.04671875
2.0 0.14080357142857144 0.573671875 0.0962202380952381 0.0553125
2.0 0.34211309523809524 0.5801171875 0.09645833333333333 0.0554296875
2.0 0.3198511904761905 0.5868359375 0.10988095238095238 0.062578125
2.0 0.5801190476190475 0.589375 0.1630952380952381 0.0750390625
