2.0 0.7443154761904762 0.83296875 0.22309523809523807 0.178125
2.0 0.1468452380952381 0.7496484375 0.29642857142857143 0.170234375
2.0 0.2947619047619048 0.6454296875 0.14428571428571427 0.0767578125
2.0 0.4074702380952381 0.619609375 0.14428571428571427 0.0941796875
2.0 0.1611904761904762 0.6232421875 0.11461309523809524 0.07453125
2.0 0.05952380952380952 0.6112890625 0.10485119047619047 0.0727734375
2.0 0.2699107142857143 0.6071484375 0.10660714285714286 0.0616796875
2.0 0.1417857142857143 0.57921875 0.12443452380952381 0.052265625
2.0 0.9426488095238096 0.72234375 0.1313690476190476 0.1469140625
2.0 0.49973214285714285 0.690078125 0.26958333333333334 0.1409375
2.0 0.06360119047619048 0.5533984375 0.061279761904761906 0.0436328125
2.0 0.09836309523809524 0.5688671875 0.08720238095238095 0.051484375
2.0 0.28964285714285715 0.5762890625 0.08151785714285714 0.053359375
2.0 0.25586309523809525 0.58296875 0.10398809523809523 0.0601953125
2.0 0.512827380952381 0.5846875 0.15348214285714284 0.07140625
