2.0 0.7443154761904762 0.83296875 0.22309523809523807 0.178125
2.0 0.14654761904761907 0.7496484375 0.29595238095238097 0.170234375
2.0 0.2947619047619048 0.6454296875 0.14428571428571427 0.0767578125
2.0 0.4074702380952381 0.619609375 0.14428571428571427 0.0941796875
2.0 0.1611904761904762 0.6232421875 0.11461309523809524 0.0744921875
2.0 0.05952380952380952 0.6112890625 0.10485119047619047 0.0727734375
2.0 0.2699107142857143 0.6071484375 0.10660714285714286 0.0616796875
2.0 0.1417857142857143 0.57921875 0.12443452380952381 0.052265625
2.0 0.9424107142857142 0.72234375 0.1313690476190476 0.1469140625
2.0 0.5624107142857143 0.6876953125 0.26767857142857143 0.1409375
2.0 0.08086309523809525 0.555078125 0.06386904761904762 0.045078125
2.0 0.11794642857142858 0.57109375 0.09136904761904761 0.0532421875
2.0 0.3138988095238095 0.5780859375 0.08842261904761906 0.0543359375
2.0 0.28580357142857143 0.5847265625 0.10672619047619047 0.0612890625
2.0 0.5438988095238095 0.586875 0.15791666666666668 0.0730859375
