2.0 0.7443154761904762 0.83296875 0.22309523809523807 0.178125
2.0 0.14651785714285714 0.7496484375 0.29583333333333334 0.170234375
2.0 0.2947619047619048 0.6454296875 0.14428571428571427 0.0767578125
2.0 0.4074702380952381 0.619609375 0.14428571428571427 0.0941796875
2.0 0.1611904761904762 0.6232421875 0.11461309523809524 0.0744921875
2.0 0.05952380952380952 0.6112890625 0.10485119047619047 0.0727734375
2.0 0.2699107142857143 0.6071484375 0.10660714285714286 0.0616796875
2.0 0.1417857142857143 0.57921875 0.12443452380952381 0.052265625
2.0 0.9424107142857142 0.72234375 0.1313690476190476 0.1469140625
2.0 0.5728869047619047 0.6873828125 0.26729166666666665 0.1409375
2.0 0.0837797619047619 0.5553515625 0.06431547619047619 0.0453125
2.0 0.12122023809523809 0.5714453125 0.09205357142857143 0.053515625
2.0 0.3179464285714286 0.578359375 0.08955357142857143 0.0544921875
2.0 0.29077380952380955 0.5850390625 0.10717261904761904 0.061484375
2.0 0.549077380952381 0.5871875 0.1586607142857143 0.073359375
