2.0 0.7443154761904762 0.83296875 0.22309523809523807 0.178125
2.0 0.1468452380952381 0.7496484375 0.29642857142857143 0.170234375
2.0 0.2947619047619048 0.6454296875 0.14428571428571427 0.0767578125
2.0 0.4074702380952381 0.619609375 0.14428571428571427 0.0941796875
2.0 0.1611904761904762 0.6232421875 0.11461309523809524 0.07453125
2.0 0.05952380952380952 0.6112890625 0.10485119047619047 0.0727734375
2.0 0.2699107142857143 0.6071484375 0.10660714285714286 0.0616796875
2.0 0.1417857142857143 0.57921875 0.12443452380952381 0.052265625
2.0 0.9424107142857142 0.72234375 0.1313690476190476 0.1469140625
2.0 0.5100595238095238 0.689375 0.26958333333333334 0.1409375
2.0 0.06648809523809524 0.5537109375 0.061696428571428576 0.0438671875
2.0 0.10163690476190476 0.569296875 0.08788690476190476 0.0517578125
2.0 0.2936904761904762 0.5766015625 0.08264880952380953 0.053515625
2.0 0.26086309523809526 0.5832421875 0.10443452380952382 0.060390625
2.0 0.5180059523809524 0.585078125 0.1542261904761905 0.0716796875
