2.0 0.7443154761904762 0.83296875 0.22309523809523807 0.178125
2.0 0.1468452380952381 0.7496484375 0.29642857142857143 0.170234375
2.0 0.2947619047619048 0.6454296875 0.14428571428571427 0.0767578125
2.0 0.4074702380952381 0.619609375 0.14428571428571427 0.0941796875
2.0 0.1611904761904762 0.6232421875 0.11461309523809524 0.07453125
2.0 0.05952380952380952 0.6112890625 0.10485119047619047 0.0727734375
2.0 0.2699107142857143 0.6071484375 0.10660714285714286 0.0616796875
2.0 0.1417857142857143 0.57921875 0.12443452380952381 0.052265625
2.0 0.9424107142857142 0.72234375 0.1313690476190476 0.1469140625
2.0 0.5205059523809523 0.688984375 0.26919642857142856 0.1409375
2.0 0.0693452380952381 0.5539453125 0.06214285714285714 0.0441015625
2.0 0.10488095238095238 0.569609375 0.08857142857142858 0.0520703125
2.0 0.29773809523809525 0.5769140625 0.0838095238095238 0.053671875
2.0 0.2658333333333333 0.583515625 0.10491071428571429 0.0605859375
2.0 0.5232142857142857 0.5854296875 0.1549702380952381 0.071953125
