2.0 0.7443154761904762 0.83296875 0.22309523809523807 0.178125
2.0 0.14663690476190477 0.7496484375 0.2960714285714286 0.170234375
2.0 0.2947619047619048 0.6454296875 0.14428571428571427 0.0767578125
2.0 0.4074702380952381 0.619609375 0.14428571428571427 0.0941796875
2.0 0.1611904761904762 0.6232421875 0.11461309523809524 0.0744921875
2.0 0.05952380952380952 0.6112890625 0.10485119047619047 0.0727734375
2.0 0.2699107142857143 0.6071484375 0.10660714285714286 0.0616796875
2.0 0.1417857142857143 0.57921875 0.12443452380952381 0.052265625
2.0 0.9424107142857142 0.72234375 0.1313690476190476 0.1469140625
2.0 0.5519345238095238 0.688046875 0.26806547619047616 0.1409375
2.0 0.07797619047619048 0.554765625 0.06345238095238095 0.04484375
2.0 0.11467261904761905 0.5707421875 0.0906547619047619 0.0529296875
2.0 0.3098511904761905 0.5777734375 0.08726190476190476 0.0541796875
2.0 0.28080357142857143 0.584453125 0.10625000000000001 0.0611328125
2.0 0.5387202380952381 0.586484375 0.15717261904761906 0.0728125
