2.0 0.7443154761904762 0.83296875 0.22309523809523807 0.178125
2.0 0.1468452380952381 0.7496484375 0.29642857142857143 0.170234375
2.0 0.2947619047619048 0.6454296875 0.14428571428571427 0.0767578125
2.0 0.4074702380952381 0.619609375 0.14428571428571427 0.0941796875
2.0 0.1611904761904762 0.62328125 0.11461309523809524 0.074609375
2.0 0.05952380952380952 0.6112890625 0.10485119047619047 0.0727734375
2.0 0.2699107142857143 0.6071484375 0.10660714285714286 0.0616796875
2.0 0.1417857142857143 0.57921875 0.12443452380952381 0.052265625
2.0 0.9456547619047619 0.72234375 0.1313690476190476 0.1469140625
2.0 0.37407738095238097 0.699375 0.2704761904761905 0.1409375
2.0 0.05919642857142857 0.56453125 0.07886904761904762 0.0479296875
2.0 0.24229166666666666 0.5726171875 0.06973214285714285 0.051484375
2.0 0.2016666666666667 0.579375 0.09854166666666667 0.05796875
2.0 0.45071428571428573 0.5803515625 0.14464285714285716 0.0680078125
