2.0 0.7443154761904762 0.83296875 0.22309523809523807 0.178125
2.0 0.1468452380952381 0.7496484375 0.29642857142857143 0.170234375
2.0 0.2947619047619048 0.6454296875 0.14428571428571427 0.0767578125
2.0 0.4074702380952381 0.619609375 0.14428571428571427 0.0941796875
2.0 0.1611904761904762 0.62328125 0.11461309523809524 0.0745703125
2.0 0.05952380952380952 0.6112890625 0.10485119047619047 0.0727734375
2.0 0.2699107142857143 0.6071484375 0.10660714285714286 0.0616796875
2.0 0.1417857142857143 0.57921875 0.12443452380952381 0.052265625
2.0 0.944375 0.72234375 0.1313690476190476 0.1469140625
2.0 0.4261904761904762 0.69578125 0.27154761904761904 0.1409375
2.0 0.04342261904761905 0.55140625 0.05824404761904762 0.0419921875
2.0 0.07550595238095238 0.5663671875 0.08232142857142857 0.0494140625
2.0 0.2613690476190476 0.5742578125 0.07345238095238095 0.052265625
2.0 0.22098214285714285 0.580859375 0.10083333333333334 0.05890625
2.0 0.47660714285714284 0.5821484375 0.14833333333333334 0.0694140625
