2.0 0.7443154761904762 0.83296875 0.22309523809523807 0.178125
2.0 0.1468452380952381 0.7496484375 0.29642857142857143 0.170234375
2.0 0.2947619047619048 0.6454296875 0.14428571428571427 0.0767578125
2.0 0.4074702380952381 0.619609375 0.14428571428571427 0.0941796875
2.0 0.1611904761904762 0.62328125 0.11461309523809524 0.074609375
2.0 0.05952380952380952 0.6112890625 0.10485119047619047 0.0727734375
2.0 0.2699107142857143 0.6071484375 0.10660714285714286 0.0616796875
2.0 0.1417857142857143 0.57921875 0.12443452380952381 0.052265625
2.0 0.9453869047619047 0.72234375 0.1313690476190476 0.1469140625
2.0 0.384077380952381 0.6988671875 0.27172619047619045 0.1409375
2.0 0.06244047619047619 0.5648828125 0.07955357142857143 0.0482421875
2.0 0.2457738095238095 0.5730078125 0.06985119047619047 0.051640625
2.0 0.20526785714285714 0.5796484375 0.09901785714285716 0.0581640625
2.0 0.45589285714285716 0.58078125 0.14538690476190477 0.0683203125
