2.0 0.7443154761904762 0.83296875 0.22309523809523807 0.178125
2.0 0.1468452380952381 0.7496484375 0.29642857142857143 0.170234375
2.0 0.2947619047619048 0.6454296875 0.14428571428571427 0.0767578125
2.0 0.4074702380952381 0.619609375 0.14428571428571427 0.0941796875
2.0 0.1611904761904762 0.62328125 0.11461309523809524 0.074609375
2.0 0.05952380952380952 0.6112890625 0.10485119047619047 0.0727734375
2.0 0.2699107142857143 0.6071484375 0.10660714285714286 0.0616796875
2.0 0.1417857142857143 0.57921875 0.12443452380952381 0.052265625
2.0 0.9451488095238095 0.72234375 0.1313690476190476 0.1469140625
2.0 0.3941071428571428 0.698359375 0.2730059523809524 0.1409375
2.0 0.06571428571428571 0.565234375 0.08023809523809525 0.0485546875
2.0 0.2492857142857143 0.573359375 0.06999999999999999 0.051796875
2.0 0.2088095238095238 0.5799609375 0.09946428571428571 0.058359375
2.0 0.46110119047619047 0.58109375 0.1461011904761905 0.06859375
