2.0 0.7443154761904762 0.83296875 0.22309523809523807 0.178125
2.0 0.1468452380952381 0.7496484375 0.29642857142857143 0.170234375
2.0 0.2947619047619048 0.6454296875 0.14428571428571427 0.0767578125
2.0 0.4074702380952381 0.619609375 0.14428571428571427 0.0941796875
2.0 0.1611904761904762 0.62328125 0.11461309523809524 0.0745703125
2.0 0.05952380952380952 0.6112890625 0.10485119047619047 0.0727734375
2.0 0.2699107142857143 0.6071484375 0.10660714285714286 0.0616796875
2.0 0.1417857142857143 0.57921875 0.12443452380952381 0.052265625
2.0 0.9438988095238094 0.72234375 0.1313690476190476 0.1469140625
2.0 0.4475297619047619 0.6940625 0.27056547619047616 0.1409375
2.0 0.04919642857142857 0.5519921875 0.05910714285714286 0.0424609375
2.0 0.08205357142857143 0.567109375 0.0837202380952381 0.05
2.0 0.2694642857142857 0.5748828125 0.07574404761904761 0.052578125
2.0 0.23092261904761907 0.581484375 0.10172619047619047 0.0592578125
2.0 0.48696428571428574 0.582890625 0.14982142857142858 0.07
