2.0 0.7443154761904762 0.83296875 0.22309523809523807 0.178125
2.0 0.1468452380952381 0.7496484375 0.29642857142857143 0.170234375
2.0 0.2947619047619048 0.6454296875 0.14428571428571427 0.0767578125
2.0 0.4074702380952381 0.619609375 0.14428571428571427 0.0941796875
2.0 0.1611904761904762 0.62328125 0.11461309523809524 0.074609375
2.0 0.05952380952380952 0.6112890625 0.10485119047619047 0.0727734375
2.0 0.2699107142857143 0.6071484375 0.10660714285714286 0.0616796875
2.0 0.1417857142857143 0.57921875 0.12443452380952381 0.052265625
2.0 0.9449107142857143 0.72234375 0.1313690476190476 0.1469140625
2.0 0.4048214285714286 0.6975 0.27252976190476186 0.1409375
2.0 0.06898809523809524 0.5655859375 0.08095238095238096 0.048828125
2.0 0.2533035714285714 0.5737109375 0.07116071428571429 0.051953125
2.0 0.21241071428571429 0.5802734375 0.09991071428571428 0.058515625
2.0 0.4662797619047619 0.581484375 0.1468452380952381 0.0688671875
