2.0 0.7443154761904762 0.83296875 0.22309523809523807 0.178125
2.0 0.1468452380952381 0.7496484375 0.29642857142857143 0.170234375
2.0 0.2947619047619048 0.6454296875 0.14428571428571427 0.0767578125
2.0 0.4074702380952381 0.619609375 0.14428571428571427 0.0941796875
2.0 0.1611904761904762 0.62328125 0.11461309523809524 0.0746484375
2.0 0.05952380952380952 0.6112890625 0.10485119047619047 0.0727734375
2.0 0.2699107142857143 0.6071484375 0.10660714285714286 0.0616796875
2.0 0.1417857142857143 0.57921875 0.12443452380952381 0.052265625
2.0 0.9463988095238095 0.72234375 0.1313690476190476 0.1469140625
2.0 0.34398809523809526 0.700859375 0.26666666666666666 0.1409375
2.0 0.04940476190476191 0.5634375 0.07678571428571429 0.0470703125
2.0 0.23178571428571426 0.57140625 0.0693452380952381 0.051015625
2.0 0.19095238095238093 0.5784765625 0.09720238095238094 0.057421875
2.0 0.4352083333333333 0.579296875 0.1424404761904762 0.0671875
