2.0 0.7443154761904762 0.83296875 0.22309523809523807 0.178125
2.0 0.1468452380952381 0.7496484375 0.29642857142857143 0.170234375
2.0 0.2947619047619048 0.6454296875 0.14428571428571427 0.0767578125
2.0 0.4074702380952381 0.619609375 0.14428571428571427 0.0941796875
2.0 0.1611904761904762 0.62328125 0.11461309523809524 0.0746484375
2.0 0.05952380952380952 0.6112890625 0.10485119047619047 0.0727734375
2.0 0.2699107142857143 0.6071484375 0.10660714285714286 0.0616796875
2.0 0.1417857142857143 0.57921875 0.12443452380952381 0.052265625
2.0 0.9461011904761905 0.72234375 0.1313690476190476 0.1469140625
2.0 0.35401785714285716 0.7003125 0.26791666666666664 0.1409375
2.0 0.05264880952380953 0.56375 0.07747023809523809 0.04734375
2.0 0.23529761904761906 0.571796875 0.06946428571428571 0.051171875
2.0 0.19452380952380952 0.57875 0.09764880952380953 0.0576171875
2.0 0.4403869047619048 0.5796875 0.1431547619047619 0.0674609375
