2.0 0.7443154761904762 0.83296875 0.22309523809523807 0.178125
2.0 0.1468452380952381 0.7496484375 0.29642857142857143 0.170234375
2.0 0.2947619047619048 0.6454296875 0.14428571428571427 0.0767578125
2.0 0.4074702380952381 0.619609375 0.14428571428571427 0.0941796875
2.0 0.1611904761904762 0.62328125 0.11461309523809524 0.0746875
2.0 0.05952380952380952 0.6112890625 0.10485119047619047 0.0727734375
2.0 0.2699107142857143 0.6071484375 0.10660714285714286 0.0616796875
2.0 0.1417857142857143 0.57921875 0.12443452380952381 0.052265625
2.0 0.9478869047619047 0.72234375 0.1313690476190476 0.1469140625
2.0 0.28035714285714286 0.701953125 0.2638690476190476 0.1409375
2.0 0.21080357142857142 0.5690234375 0.06854166666666667 0.050078125
2.0 0.16949404761904763 0.5766796875 0.09446428571428571 0.056328125
2.0 0.4041369047619047 0.5771484375 0.13800595238095237 0.0655078125
