2.0 0.7443154761904762 0.83296875 0.22309523809523807 0.178125
2.0 0.1468452380952381 0.7496484375 0.29642857142857143 0.170234375
2.0 0.2947619047619048 0.6454296875 0.14428571428571427 0.0767578125
2.0 0.4074702380952381 0.619609375 0.14428571428571427 0.0941796875
2.0 0.1611904761904762 0.6233203125 0.11461309523809524 0.0747265625
2.0 0.05952380952380952 0.6112890625 0.10485119047619047 0.0727734375
2.0 0.2699107142857143 0.6071484375 0.10660714285714286 0.0616796875
2.0 0.1417857142857143 0.57921875 0.12443452380952381 0.052265625
2.0 0.16907738095238095 0.6940625 0.2627380952380952 0.1323046875
2.0 0.17577380952380953 0.565078125 0.06723214285714285 0.048515625
2.0 0.1337202380952381 0.5737109375 0.08994047619047618 0.054453125
2.0 0.3538392857142857 0.57359375 0.13083333333333333 0.0627734375
