2.0 0.7443154761904762 0.83296875 0.22309523809523807 0.178125
2.0 0.1468452380952381 0.7496484375 0.29642857142857143 0.170234375
2.0 0.2947619047619048 0.6454296875 0.14428571428571427 0.0767578125
2.0 0.4074702380952381 0.619609375 0.14428571428571427 0.0941796875
2.0 0.1611904761904762 0.6233203125 0.11461309523809524 0.0747265625
2.0 0.05952380952380952 0.6112890625 0.10485119047619047 0.0727734375
2.0 0.2699107142857143 0.6071484375 0.10660714285714286 0.0616796875
2.0 0.1417857142857143 0.57921875 0.12443452380952381 0.052265625
2.0 0.1980059523809524 0.698828125 0.271875 0.1409375
2.0 0.18627976190476192 0.5662890625 0.06761904761904762 0.048984375
2.0 0.14443452380952382 0.574609375 0.0912797619047619 0.0550390625
2.0 0.36791666666666667 0.5746484375 0.13282738095238095 0.063515625
