2.0 0.7443154761904762 0.83296875 0.22309523809523807 0.178125
2.0 0.1468452380952381 0.7496484375 0.29642857142857143 0.170234375
2.0 0.2947619047619048 0.6454296875 0.14428571428571427 0.0767578125
2.0 0.4074702380952381 0.619609375 0.14428571428571427 0.0941796875
2.0 0.1611904761904762 0.6233203125 0.11461309523809524 0.0746875
2.0 0.05952380952380952 0.6112890625 0.10485119047619047 0.0727734375
2.0 0.2699107142857143 0.6071484375 0.10660714285714286 0.0616796875
2.0 0.1417857142857143 0.57921875 0.12443452380952381 0.052265625
2.0 0.23327380952380952 0.70015625 0.26842261904761905 0.1409375
2.0 0.19678571428571429 0.5674609375 0.06803571428571428 0.049453125
2.0 0.15517857142857144 0.57546875 0.09264880952380952 0.0555859375
2.0 0.383452380952381 0.575703125 0.13505952380952382 0.064375
