2.0 0.7443154761904762 0.83296875 0.22309523809523807 0.178125
2.0 0.1468452380952381 0.7496484375 0.29642857142857143 0.170234375
2.0 0.2947619047619048 0.6454296875 0.14428571428571427 0.0767578125
2.0 0.4074702380952381 0.619609375 0.14428571428571427 0.0941796875
2.0 0.1611904761904762 0.623359375 0.11461309523809524 0.0748046875
2.0 0.05952380952380952 0.6112890625 0.10485119047619047 0.0727734375
2.0 0.2699107142857143 0.6071484375 0.10660714285714286 0.0616796875
2.0 0.1417857142857143 0.57921875 0.12443452380952381 0.052265625
2.0 0.14077380952380952 0.561171875 0.06592261904761905 0.0469140625
2.0 0.09794642857142856 0.5707421875 0.08538690476190476 0.0526171875
2.0 0.31651785714285713 0.570859375 0.12547619047619046 0.0608984375
