2.0 0.7443154761904762 0.83296875 0.22309523809523807 0.178125
2.0 0.1468452380952381 0.7496484375 0.29642857142857143 0.170234375
2.0 0.2947619047619048 0.6454296875 0.14428571428571427 0.0767578125
2.0 0.4074702380952381 0.619609375 0.14428571428571427 0.0941796875
2.0 0.1611904761904762 0.6233203125 0.11461309523809524 0.074765625
2.0 0.05952380952380952 0.6112890625 0.10485119047619047 0.0727734375
2.0 0.2699107142857143 0.6071484375 0.10660714285714286 0.0616796875
2.0 0.1417857142857143 0.57921875 0.12443452380952381 0.052265625
2.0 0.14336309523809523 0.687578125 0.2472916666666667 0.119375
2.0 0.16529761904761905 0.56390625 0.0668452380952381 0.0480078125
2.0 0.12297619047619048 0.5728125 0.08857142857142858 0.05390625
2.0 0.3426488095238095 0.5727734375 0.1292261904761905 0.0622265625
