2.0 0.7443154761904762 0.83296875 0.22309523809523807 0.178125
2.0 0.1468452380952381 0.7496484375 0.29642857142857143 0.170234375
2.0 0.2947619047619048 0.6454296875 0.14428571428571427 0.0767578125
2.0 0.4074702380952381 0.619609375 0.14428571428571427 0.0941796875
2.0 0.1611904761904762 0.6233984375 0.11461309523809524 0.0748828125
2.0 0.05952380952380952 0.6112890625 0.10485119047619047 0.0727734375
2.0 0.2699107142857143 0.6071484375 0.10660714285714286 0.0616796875
2.0 0.1417857142857143 0.57921875 0.12443452380952381 0.052265625
2.0 0.10580357142857141 0.5572265625 0.06461309523809525 0.0453515625
2.0 0.062172619047619046 0.567734375 0.08086309523809525 0.05078125
2.0 0.27922619047619046 0.568046875 0.12011904761904761 0.0590234375
2.0 0.04261904761904762 0.529453125 0.05988095238095238 0.0330859375
