2.0 0.7443154761904762 0.83296875 0.22309523809523807 0.178125
2.0 0.1468452380952381 0.7496484375 0.29642857142857143 0.170234375
2.0 0.2947619047619048 0.6454296875 0.14428571428571427 0.0767578125
2.0 0.4074702380952381 0.619609375 0.14428571428571427 0.0941796875
2.0 0.1611904761904762 0.6233984375 0.11461309523809524 0.0748828125
2.0 0.05952380952380952 0.6112890625 0.10485119047619047 0.0727734375
2.0 0.2699107142857143 0.6071484375 0.10660714285714286 0.0616796875
2.0 0.1417857142857143 0.57921875 0.12443452380952381 0.052265625
2.0 0.10229166666666666 0.5568359375 0.06446428571428571 0.0451953125
2.0 0.05863095238095238 0.567421875 0.08038690476190477 0.0505859375
2.0 0.2755059523809524 0.567734375 0.11958333333333333 0.058828125
2.0 0.04479166666666667 0.529375 0.059851190476190474 0.03296875
