2.0 0.7443154761904762 0.83296875 0.22309523809523807 0.178125
2.0 0.1468452380952381 0.7496484375 0.29642857142857143 0.170234375
2.0 0.2947619047619048 0.6454296875 0.14428571428571427 0.0767578125
2.0 0.4074702380952381 0.619609375 0.14428571428571427 0.0941796875
2.0 0.1611904761904762 0.6234375 0.11461309523809524 0.0749609375
2.0 0.05952380952380952 0.6112890625 0.10485119047619047 0.0727734375
2.0 0.2699107142857143 0.6071484375 0.10660714285714286 0.0616796875
2.0 0.1417857142857143 0.57921875 0.12443452380952381 0.052265625
2.0 0.07407738095238095 0.5545703125 0.06303571428571428 0.0434765625
2.0 0.2350297619047619 0.5646875 0.11410714285714287 0.0569140625
2.0 0.06964285714285715 0.529453125 0.06053571428571428 0.033359375
