2.0 0.7443154761904762 0.83296875 0.22309523809523807 0.178125
2.0 0.1468452380952381 0.7496484375 0.29642857142857143 0.170234375
2.0 0.2975297619047619 0.644296875 0.1431547619047619 0.0767578125
2.0 0.4074702380952381 0.619609375 0.14428571428571427 0.0941796875
2.0 0.1611904761904762 0.6226953125 0.11461309523809524 0.0734765625
2.0 0.05952380952380952 0.6112890625 0.10485119047619047 0.0727734375
2.0 0.2699107142857143 0.6071484375 0.10660714285714286 0.0616796875
2.0 0.1417857142857143 0.57921875 0.12443452380952381 0.052265625
2.0 0.4544345238095238 0.6023046875 0.1398511904761905 0.0723046875
2.0 0.11175595238095237 0.525546875 0.06145833333333333 0.03515625
