2.0 0.7443154761904762 0.83296875 0.22309523809523807 0.178125
2.0 0.1468452380952381 0.7496484375 0.29642857142857143 0.170234375
2.0 0.29946428571428574 0.6435546875 0.14241071428571428 0.0767578125
2.0 0.40815476190476185 0.619609375 0.14428571428571427 0.0941796875
2.0 0.1611904761904762 0.6224609375 0.11461309523809524 0.07296875
2.0 0.05952380952380952 0.6112890625 0.10485119047619047 0.0727734375
2.0 0.2699107142857143 0.6071484375 0.10660714285714286 0.0616796875
2.0 0.1417857142857143 0.57921875 0.12443452380952381 0.052265625
2.0 0.25068452380952383 0.5797265625 0.11404761904761905 0.0526953125
2.0 0.13452380952380955 0.5253125 0.060476190476190475 0.03515625
