2.0 0.7443154761904762 0.83296875 0.22309523809523807 0.178125
2.0 0.1468452380952381 0.7496484375 0.29642857142857143 0.170234375
2.0 0.2997619047619048 0.6433984375 0.14229166666666668 0.0767578125
2.0 0.40922619047619047 0.619609375 0.14428571428571427 0.0941796875
2.0 0.1611904761904762 0.622421875 0.11461309523809524 0.072890625
2.0 0.05952380952380952 0.6112890625 0.10485119047619047 0.0727734375
2.0 0.2699107142857143 0.6071484375 0.10660714285714286 0.0616796875
2.0 0.1417857142857143 0.57921875 0.12443452380952381 0.052265625
2.0 0.22666666666666666 0.57734375 0.10997023809523811 0.0523828125
2.0 0.13595238095238096 0.5253125 0.05758928571428572 0.03515625
