2.0 0.7443154761904762 0.83296875 0.22309523809523807 0.178125
2.0 0.1468452380952381 0.7496484375 0.29642857142857143 0.170234375
2.0 0.30023809523809525 0.6432421875 0.14208333333333334 0.0767578125
2.0 0.410952380952381 0.619609375 0.14428571428571427 0.0941796875
2.0 0.1611904761904762 0.62234375 0.11461309523809524 0.0727734375
2.0 0.05952380952380952 0.6112890625 0.10485119047619047 0.0727734375
2.0 0.2699107142857143 0.6071484375 0.10660714285714286 0.0616796875
2.0 0.1417857142857143 0.57921875 0.12443452380952381 0.052265625
2.0 0.18669642857142857 0.573359375 0.10318452380952381 0.051875
2.0 0.13836309523809526 0.5253125 0.052767857142857144 0.03515625
