2.0 0.7443154761904762 0.83296875 0.22309523809523807 0.178125
2.0 0.1468452380952381 0.7496484375 0.29642857142857143 0.170234375
2.0 0.2999404761904762 0.6433203125 0.14220238095238097 0.0767578125
2.0 0.4098809523809524 0.619609375 0.14428571428571427 0.0941796875
2.0 0.1611904761904762 0.6223828125 0.11461309523809524 0.0728515625
2.0 0.05952380952380952 0.6112890625 0.10485119047619047 0.0727734375
2.0 0.2699107142857143 0.6071484375 0.10660714285714286 0.0616796875
2.0 0.1417857142857143 0.57921875 0.12443452380952381 0.052265625
2.0 0.21071428571428572 0.57578125 0.10726190476190475 0.0521875
2.0 0.13690476190476192 0.5253125 0.0556547619047619 0.03515625
