2.0 0.7443154761904762 0.83296875 0.22309523809523807 0.178125
2.0 0.1468452380952381 0.7496484375 0.29642857142857143 0.170234375
2.0 0.4301190476190476 0.659140625 0.17330357142857142 0.09203125
2.0 0.6423511904761905 0.642421875 0.1775297619047619 0.10703125
2.0 0.16907738095238095 0.6230078125 0.11461309523809524 0.071328125
2.0 0.05952380952380952 0.6112890625 0.10485119047619047 0.0727734375
2.0 0.34488095238095234 0.6181640625 0.12907738095238094 0.067109375
2.0 0.1518154761904762 0.5856640625 0.13148809523809524 0.065078125
2.0 0.10398809523809523 0.8067578125 0.21407738095238096 0.1754296875
2.0 0.07785714285714286 0.524765625 0.07642857142857143 0.0403125
