2.0 0.7443154761904762 0.83296875 0.22309523809523807 0.178125
2.0 0.1468452380952381 0.7496484375 0.29642857142857143 0.170234375
2.0 0.4572619047619047 0.661484375 0.17607142857142857 0.0946875
2.0 0.6744047619047618 0.644921875 0.18342261904761906 0.1101171875
2.0 0.17175595238095237 0.6232421875 0.11494047619047618 0.071328125
2.0 0.059583333333333335 0.6112890625 0.10485119047619047 0.0727734375
2.0 0.3614583333333333 0.62015625 0.13580357142857144 0.06875
2.0 0.15330357142857143 0.5866015625 0.1325297619047619 0.066953125
2.0 0.12488095238095238 0.808828125 0.254047619047619 0.1754296875
2.0 0.08252976190476191 0.524765625 0.07642857142857143 0.0403125
