2.0 0.7443154761904762 0.83296875 0.22309523809523807 0.178125
2.0 0.1468452380952381 0.7496484375 0.29642857142857143 0.170234375
2.0 0.46812499999999996 0.6625 0.17720238095238094 0.0957421875
2.0 0.6872321428571428 0.6447265625 0.18580357142857143 0.1113671875
2.0 0.17342261904761905 0.6232421875 0.11529761904761905 0.071328125
2.0 0.05979166666666667 0.6112890625 0.10485119047619047 0.0727734375
2.0 0.3680654761904762 0.6208984375 0.13848214285714286 0.0694140625
2.0 0.15389880952380952 0.5869140625 0.13294642857142858 0.067734375
2.0 0.13208333333333333 0.809140625 0.2693452380952381 0.1754296875
2.0 0.0843452380952381 0.524765625 0.07642857142857143 0.0403125
