2.0 0.7443154761904762 0.83296875 0.22309523809523807 0.178125
2.0 0.1468452380952381 0.7496484375 0.29642857142857143 0.170234375
2.0 0.4355654761904762 0.6595703125 0.17386904761904762 0.092578125
2.0 0.648720238095238 0.6429296875 0.1787202380952381 0.10765625
2.0 0.1694345238095238 0.6230859375 0.11461309523809524 0.071328125
2.0 0.05952380952380952 0.6112890625 0.10485119047619047 0.0727734375
2.0 0.3481845238095238 0.6185546875 0.13044642857142857 0.067421875
2.0 0.15211309523809524 0.5858203125 0.13169642857142858 0.06546875
2.0 0.10854166666666666 0.8073828125 0.22229166666666667 0.1754296875
2.0 0.07880952380952382 0.524765625 0.07642857142857143 0.0403125
