2.0 0.7443154761904762 0.83296875 0.22309523809523807 0.178125
2.0 0.1468452380952381 0.7496484375 0.29642857142857143 0.170234375
2.0 0.44642857142857145 0.660546875 0.1749702380952381 0.0936328125
2.0 0.6616071428571428 0.64390625 0.18107142857142858 0.1088671875
2.0 0.17008928571428572 0.6232421875 0.11461309523809524 0.071328125
2.0 0.05952380952380952 0.6112890625 0.10485119047619047 0.0727734375
2.0 0.35482142857142857 0.6193359375 0.133125 0.0680859375
2.0 0.1526785714285714 0.586171875 0.13211309523809525 0.0662109375
2.0 0.11767857142857142 0.8085546875 0.23875 0.1754296875
2.0 0.08065476190476191 0.524765625 0.07642857142857143 0.0403125
