2.0 0.7443154761904762 0.83296875 0.22309523809523807 0.178125
2.0 0.1468452380952381 0.7496484375 0.29642857142857143 0.170234375
2.0 0.422202380952381 0.658125 0.17029761904761903 0.0909765625
2.0 0.6294940476190476 0.6414453125 0.17517857142857143 0.10578125
2.0 0.16842261904761907 0.6229296875 0.11461309523809524 0.071328125
2.0 0.05952380952380952 0.6112890625 0.10485119047619047 0.0727734375
2.0 0.33827380952380953 0.617421875 0.12639880952380952 0.06640625
2.0 0.1512202380952381 0.585234375 0.13110119047619045 0.0643359375
2.0 0.09482142857142857 0.8055859375 0.19761904761904764 0.1754296875
2.0 0.07601190476190475 0.524765625 0.07642857142857143 0.0403125
