2.0 0.7443154761904762 0.83296875 0.22309523809523807 0.178125
2.0 0.1468452380952381 0.7496484375 0.29642857142857143 0.170234375
2.0 0.48982142857142863 0.6644140625 0.1794047619047619 0.0978515625
2.0 0.7162797619047618 0.64609375 0.19080357142857143 0.1140625
2.0 0.17741071428571428 0.6233203125 0.11616071428571428 0.0716015625
2.0 0.06017857142857143 0.6112890625 0.10485119047619047 0.0727734375
2.0 0.38663690476190476 0.623359375 0.14238095238095239 0.0733203125
2.0 0.1550595238095238 0.5876953125 0.1337797619047619 0.06921875
2.0 0.14645833333333333 0.8097265625 0.2999702380952381 0.1754296875
2.0 0.0880952380952381 0.524765625 0.07642857142857143 0.0403125
