2.0 0.7443154761904762 0.83296875 0.22309523809523807 0.178125
2.0 0.1468452380952381 0.7496484375 0.29642857142857143 0.170234375
2.0 0.484375 0.66390625 0.17883928571428573 0.09734375
2.0 0.7081547619047619 0.644765625 0.1894642857142857 0.1133203125
2.0 0.17595238095238094 0.6232421875 0.11580357142857142 0.071328125
2.0 0.060059523809523806 0.6112890625 0.10485119047619047 0.0727734375
2.0 0.3819642857142857 0.6227734375 0.1413988095238095 0.07234375
2.0 0.15476190476190477 0.5875390625 0.1335714285714286 0.0688671875
2.0 0.14288690476190474 0.8095703125 0.29232142857142857 0.1754296875
2.0 0.08714285714285715 0.524765625 0.07642857142857143 0.0403125
