2.0 0.7443154761904762 0.83296875 0.22309523809523807 0.178125
2.0 0.1468452380952381 0.7496484375 0.29642857142857143 0.170234375
2.0 0.5236309523809524 0.667734375 0.1918154761904762 0.101171875
2.0 0.7569642857142858 0.6526953125 0.19738095238095235 0.1176953125
2.0 0.18461309523809524 0.623984375 0.11791666666666666 0.072890625
2.0 0.0606547619047619 0.6112890625 0.10485119047619047 0.0727734375
2.0 0.40979166666666667 0.6264453125 0.14723214285714287 0.078203125
2.0 0.15651785714285715 0.5886328125 0.13482142857142856 0.0711328125
2.0 0.16529761904761905 0.808671875 0.32839285714285715 0.1754296875
2.0 0.09273809523809524 0.524765625 0.07642857142857143 0.0403125
