2.0 0.7443154761904762 0.83296875 0.22309523809523807 0.178125
2.0 0.1468452380952381 0.7496484375 0.29642857142857143 0.170234375
2.0 0.5094940476190476 0.665546875 0.18860119047619048 0.098984375
2.0 0.7407142857142857 0.650078125 0.19476190476190475 0.11625
2.0 0.18172619047619049 0.62375 0.11720238095238096 0.0723828125
2.0 0.060476190476190475 0.6112890625 0.10485119047619047 0.0727734375
2.0 0.4005059523809524 0.625234375 0.14529761904761904 0.07625
2.0 0.15595238095238095 0.5882421875 0.1344047619047619 0.0703515625
2.0 0.15755952380952382 0.8095703125 0.3196428571428572 0.1754296875
2.0 0.09089285714285714 0.524765625 0.07642857142857143 0.0403125
