2.0 0.7443154761904762 0.83296875 0.22309523809523807 0.178125
2.0 0.1468452380952381 0.7496484375 0.29642857142857143 0.170234375
2.0 0.4735714285714286 0.66296875 0.17773809523809522 0.0962890625
2.0 0.6936011904761905 0.6440625 0.18696428571428572 0.1119921875
2.0 0.1742857142857143 0.6232421875 0.11544642857142857 0.071328125
2.0 0.05988095238095238 0.6112890625 0.10485119047619047 0.0727734375
2.0 0.37270833333333336 0.6215234375 0.1394642857142857 0.070390625
2.0 0.15419642857142857 0.5871484375 0.13315476190476191 0.0680859375
2.0 0.1356845238095238 0.8093359375 0.2769940476190476 0.1754296875
2.0 0.08529761904761905 0.524765625 0.07642857142857143 0.0403125
