2.0 0.7443154761904762 0.83296875 0.22309523809523807 0.178125
2.0 0.1468452380952381 0.7496484375 0.29642857142857143 0.170234375
2.0 0.5869940476190476 0.677734375 0.20622023809523812 0.1111328125
2.0 0.8382440476190476 0.6594140625 0.20925595238095238 0.1242578125
2.0 0.1975595238095238 0.6251171875 0.12110119047619047 0.0751953125
2.0 0.06148809523809524 0.6112890625 0.10485119047619047 0.0727734375
2.0 0.45145833333333335 0.63203125 0.15598214285714285 0.0869921875
2.0 0.16514880952380953 0.590078125 0.13407738095238095 0.0740234375
2.0 0.2105654761904762 0.8044921875 0.3469345238095238 0.1754296875
2.0 0.10113095238095238 0.524765625 0.07642857142857143 0.0403125
