2.0 0.7443154761904762 0.83296875 0.22309523809523807 0.178125
2.0 0.1468452380952381 0.7496484375 0.29642857142857143 0.170234375
2.0 0.594047619047619 0.6787890625 0.20782738095238096 0.112265625
2.0 0.8479464285714287 0.6604296875 0.2105059523809524 0.124921875
2.0 0.1995535714285714 0.625703125 0.12157738095238095 0.0753125
2.0 0.06160714285714285 0.6112890625 0.10485119047619047 0.0727734375
2.0 0.45610119047619047 0.6326171875 0.1569345238095238 0.08796875
2.0 0.1662797619047619 0.5902734375 0.13389880952380953 0.074296875
2.0 0.21708333333333332 0.8040234375 0.3461011904761905 0.1754296875
2.0 0.10202380952380953 0.524765625 0.07642857142857143 0.0403125
