2.0 0.7443154761904762 0.83296875 0.22309523809523807 0.178125
2.0 0.1468452380952381 0.7496484375 0.29642857142857143 0.170234375
2.0 0.5376785714285715 0.67 0.19499999999999998 0.1033984375
2.0 0.7738988095238094 0.65453125 0.20002976190476188 0.1187109375
2.0 0.1874702380952381 0.6242578125 0.11863095238095238 0.0733984375
2.0 0.060833333333333336 0.6112890625 0.10485119047619047 0.0727734375
2.0 0.41904761904761906 0.6276953125 0.14916666666666667 0.08015625
2.0 0.15714285714285714 0.588984375 0.13523809523809524 0.071875
2.0 0.1730654761904762 0.8077734375 0.33714285714285713 0.1754296875
2.0 0.09458333333333334 0.524765625 0.07642857142857143 0.0403125
