2.0 0.7443154761904762 0.83296875 0.22309523809523807 0.178125
2.0 0.1468452380952381 0.7496484375 0.29642857142857143 0.170234375
2.0 0.5447321428571429 0.67109375 0.19660714285714287 0.1044921875
2.0 0.7827380952380952 0.6549609375 0.20133928571428572 0.118984375
2.0 0.18889880952380952 0.6243359375 0.11898809523809523 0.073671875
2.0 0.060922619047619045 0.6112890625 0.10485119047619047 0.0727734375
2.0 0.42369047619047623 0.6283203125 0.15014880952380955 0.0811328125
2.0 0.1582738095238095 0.589140625 0.13505952380952382 0.0721875
2.0 0.1769047619047619 0.8073046875 0.3414880952380952 0.1754296875
2.0 0.0955357142857143 0.524765625 0.07642857142857143 0.0403125
