2.0 0.7443154761904762 0.83296875 0.22309523809523807 0.178125
2.0 0.1468452380952381 0.7496484375 0.29642857142857143 0.170234375
2.0 0.5799404761904763 0.676640625 0.20461309523809523 0.1100390625
2.0 0.828125 0.658125 0.20791666666666667 0.1221875
2.0 0.19610119047619048 0.625 0.12077380952380952 0.0749609375
2.0 0.06136904761904762 0.6112890625 0.10485119047619047 0.0727734375
2.0 0.4468154761904762 0.6313671875 0.155 0.086015625
2.0 0.16398809523809524 0.5899609375 0.13422619047619047 0.0737109375
2.0 0.20410714285714285 0.8049609375 0.34776785714285713 0.1754296875
2.0 0.10017857142857142 0.524765625 0.07642857142857143 0.0403125
