2.0 0.7443154761904762 0.83296875 0.22309523809523807 0.178125
2.0 0.1468452380952381 0.7496484375 0.29642857142857143 0.170234375
2.0 0.5729166666666666 0.67546875 0.2030357142857143 0.1089453125
2.0 0.8179464285714285 0.65671875 0.20660714285714285 0.12015625
2.0 0.19467261904761904 0.6248828125 0.12041666666666667 0.0746875
2.0 0.061309523809523814 0.6112890625 0.10485119047619047 0.0727734375
2.0 0.442202380952381 0.63078125 0.15404761904761904 0.0850390625
2.0 0.16285714285714287 0.5898046875 0.1344047619047619 0.0733984375
2.0 0.1976488095238095 0.8054296875 0.3486011904761905 0.1754296875
2.0 0.09922619047619048 0.524765625 0.07642857142857143 0.0403125
