2.0 0.7443154761904762 0.83296875 0.22309523809523807 0.178125
2.0 0.1468452380952381 0.7496484375 0.29642857142857143 0.170234375
2.0 0.6010714285714286 0.679921875 0.20943452380952382 0.113359375
2.0 0.8576785714285714 0.66140625 0.21178571428571427 0.1255859375
2.0 0.20154761904761903 0.6262109375 0.12202380952380952 0.075390625
2.0 0.061696428571428576 0.6112890625 0.10485119047619047 0.0727734375
2.0 0.461875 0.6329296875 0.15875 0.0877734375
2.0 0.16741071428571427 0.590390625 0.13374999999999998 0.074609375
2.0 0.2223214285714286 0.8033203125 0.3454761904761905 0.1750390625
2.0 0.10297619047619049 0.524765625 0.07642857142857143 0.0403125
