2.0 0.7443154761904762 0.83296875 0.22309523809523807 0.178125
2.0 0.1468452380952381 0.7496484375 0.29642857142857143 0.170234375
2.0 0.5517261904761904 0.6721875 0.1982142857142857 0.105625
2.0 0.7915178571428572 0.6554296875 0.20264880952380954 0.119296875
2.0 0.19032738095238097 0.62453125 0.1193452380952381 0.0739453125
2.0 0.06101190476190476 0.6112890625 0.10485119047619047 0.0727734375
2.0 0.4283035714285714 0.62890625 0.1511309523809524 0.082109375
2.0 0.1594047619047619 0.5893359375 0.13491071428571427 0.0724609375
2.0 0.18080357142857142 0.8068359375 0.3458630952380952 0.1754296875
2.0 0.09645833333333333 0.524765625 0.07642857142857143 0.0403125
