2.0 0.7292559523809524 0.8342578125 0.19654761904761905 0.1858203125
2.0 0.11559523809523811 0.709140625 0.23232142857142857 0.1378125
2.0 0.9202380952380952 0.6699609375 0.16773809523809524 0.1078515625
2.0 0.6101190476190477 0.606328125 0.15851190476190474 0.0827734375
2.0 0.3812797619047619 0.64453125 0.2194047619047619 0.111015625
2.0 0.3786309523809524 0.588359375 0.18110119047619047 0.12625
2.0 0.21178571428571427 0.6288671875 0.12476190476190477 0.073359375
2.0 0.20922619047619045 0.602109375 0.11690476190476191 0.050859375
2.0 0.11413690476190477 0.611953125 0.09303571428571429 0.068828125
2.0 0.08419642857142857 0.5335546875 0.17479166666666665 0.1317578125
