2.0 0.7292559523809524 0.8342578125 0.19654761904761905 0.1858203125
2.0 0.17181547619047619 0.7119140625 0.26553571428571426 0.1378125
2.0 0.9506845238095238 0.6765625 0.10791666666666666 0.104375
2.0 0.6640476190476191 0.6091796875 0.16101190476190477 0.0868359375
2.0 0.24413690476190478 0.5714453125 0.07693452380952381 0.0682421875
2.0 0.3812797619047619 0.64453125 0.2194047619047619 0.111015625
2.0 0.3786309523809524 0.588359375 0.18110119047619047 0.12625
2.0 0.2105059523809524 0.623671875 0.12413690476190477 0.0655078125
2.0 0.20922619047619045 0.602109375 0.11690476190476191 0.050859375
2.0 0.11413690476190477 0.611953125 0.09303571428571429 0.068828125
2.0 0.08419642857142857 0.5335546875 0.17479166666666665 0.1317578125
