2.0 0.7443154761904762 0.83296875 0.22309523809523807 0.178125
2.0 0.1468452380952381 0.7496484375 0.29642857142857143 0.170234375
2.0 0.608095238095238 0.681015625 0.21104166666666666 0.114453125
2.0 0.8673809523809524 0.662421875 0.21303571428571427 0.12625
2.0 0.2035714285714286 0.626796875 0.12249999999999998 0.07546875
2.0 0.06178571428571429 0.6112890625 0.10485119047619047 0.0727734375
2.0 0.46770833333333334 0.63328125 0.16053571428571428 0.0875390625
2.0 0.16857142857142857 0.590546875 0.1335714285714286 0.074921875
2.0 0.2275297619047619 0.802578125 0.34482142857142856 0.1746484375
2.0 0.10389880952380952 0.524765625 0.07642857142857143 0.0403125
