2.0 0.7292559523809524 0.8342578125 0.19654761904761905 0.1858203125
2.0 0.1363095238095238 0.70796875 0.26654761904761903 0.1378125
2.0 0.9358035714285714 0.66984375 0.13770833333333335 0.1075
2.0 0.6370833333333333 0.6077734375 0.15976190476190477 0.0848046875
2.0 0.22919642857142858 0.5705859375 0.07693452380952381 0.0600390625
2.0 0.3812797619047619 0.64453125 0.2194047619047619 0.111015625
2.0 0.3786309523809524 0.588359375 0.18110119047619047 0.12625
2.0 0.21113095238095236 0.6262109375 0.12443452380952381 0.069453125
2.0 0.20922619047619045 0.602109375 0.11690476190476191 0.050859375
2.0 0.11413690476190477 0.611953125 0.09303571428571429 0.068828125
2.0 0.08419642857142857 0.5335546875 0.17479166666666665 0.1317578125
