2.0 0.7292559523809524 0.8342578125 0.19654761904761905 0.1858203125
2.0 0.18354166666666666 0.7119140625 0.2650297619047619 0.1378125
2.0 0.955654761904762 0.6788671875 0.09800595238095237 0.103359375
2.0 0.6730357142857143 0.6096875 0.16139880952380953 0.0875
2.0 0.24916666666666668 0.57171875 0.07693452380952381 0.0709765625
2.0 0.3812797619047619 0.64453125 0.2194047619047619 0.111015625
2.0 0.3786309523809524 0.588359375 0.18110119047619047 0.12625
2.0 0.21029761904761904 0.6228125 0.12401785714285715 0.06421875
2.0 0.20922619047619045 0.602109375 0.11690476190476191 0.050859375
2.0 0.11413690476190477 0.611953125 0.09303571428571429 0.068828125
2.0 0.08419642857142857 0.5335546875 0.17479166666666665 0.1317578125
