2.0 0.7292559523809524 0.8342578125 0.19654761904761905 0.1858203125
2.0 0.1086904761904762 0.70953125 0.22092261904761906 0.1378125
2.0 0.9149702380952381 0.6712109375 0.17779761904761907 0.1075
2.0 0.6011309523809524 0.6058984375 0.1580952380952381 0.0820703125
2.0 0.3812797619047619 0.64453125 0.2194047619047619 0.111015625
2.0 0.3786309523809524 0.588359375 0.18110119047619047 0.12625
2.0 0.21196428571428572 0.6296875 0.12485119047619049 0.0746875
2.0 0.20922619047619045 0.602109375 0.11690476190476191 0.050859375
2.0 0.11413690476190477 0.611953125 0.09303571428571429 0.068828125
2.0 0.08419642857142857 0.5335546875 0.17479166666666665 0.1317578125
