2.0 0.7292559523809524 0.8342578125 0.19654761904761905 0.1858203125
2.0 0.14827380952380953 0.7119140625 0.26654761904761903 0.1378125
2.0 0.9407440476190475 0.6720703125 0.12776785714285716 0.106484375
2.0 0.6460416666666666 0.60828125 0.16017857142857142 0.08546875
2.0 0.23419642857142856 0.5709375 0.07693452380952381 0.0627734375
2.0 0.3812797619047619 0.64453125 0.2194047619047619 0.111015625
2.0 0.3786309523809524 0.588359375 0.18110119047619047 0.12625
2.0 0.21092261904761905 0.625390625 0.12434523809523809 0.068125
2.0 0.20922619047619045 0.602109375 0.11690476190476191 0.050859375
2.0 0.11413690476190477 0.611953125 0.09303571428571429 0.068828125
2.0 0.08419642857142857 0.5335546875 0.17479166666666665 0.1317578125
