2.0 0.7292559523809524 0.8342578125 0.19654761904761905 0.1858203125
2.0 0.04776785714285715 0.712890625 0.10297619047619049 0.14171875
2.0 0.8580357142857143 0.676484375 0.24538690476190478 0.1134765625
2.0 0.5219642857142857 0.6014453125 0.15297619047619046 0.0763671875
2.0 0.8561011904761904 0.6047265625 0.16217261904761907 0.0872265625
2.0 0.3812797619047619 0.64453125 0.2194047619047619 0.111015625
2.0 0.3786309523809524 0.588359375 0.18110119047619047 0.12625
2.0 0.21282738095238096 0.6331640625 0.12526785714285715 0.079921875
2.0 0.20922619047619045 0.602109375 0.11690476190476191 0.050859375
2.0 0.11413690476190477 0.611953125 0.09303571428571429 0.068828125
2.0 0.08419642857142857 0.5335546875 0.17479166666666665 0.1317578125
