2.0 0.7292559523809524 0.8342578125 0.19654761904761905 0.1858203125
2.0 0.08875 0.714609375 0.1849107142857143 0.139375
2.0 0.8996130952380952 0.6742578125 0.20773809523809522 0.108671875
2.0 0.5741964285714286 0.604453125 0.15687500000000001 0.0800390625
2.0 0.3812797619047619 0.64453125 0.2194047619047619 0.111015625
2.0 0.3786309523809524 0.588359375 0.18110119047619047 0.12625
2.0 0.21261904761904762 0.632265625 0.12517857142857144 0.07859375
2.0 0.20922619047619045 0.602109375 0.11690476190476191 0.050859375
2.0 0.11413690476190477 0.611953125 0.09303571428571429 0.068828125
2.0 0.08419642857142857 0.5335546875 0.17479166666666665 0.1317578125
