2.0 0.7292559523809524 0.8342578125 0.19654761904761905 0.1858203125
2.0 0.061279761904761906 0.71484375 0.13300595238095236 0.14171875
2.0 0.8775595238095238 0.67609375 0.24398809523809525 0.1141796875
2.0 0.5382142857142858 0.6025390625 0.15520833333333334 0.07734375
2.0 0.8725 0.6056640625 0.1638095238095238 0.0876171875
2.0 0.3812797619047619 0.64453125 0.2194047619047619 0.111015625
2.0 0.3786309523809524 0.588359375 0.18110119047619047 0.12625
2.0 0.21282738095238096 0.6331640625 0.12526785714285715 0.079921875
2.0 0.20922619047619045 0.602109375 0.11690476190476191 0.050859375
2.0 0.11413690476190477 0.611953125 0.09303571428571429 0.068828125
2.0 0.08419642857142857 0.5335546875 0.17479166666666665 0.1317578125
