2.0 0.7292559523809524 0.8342578125 0.19654761904761905 0.1858203125
2.0 0.029017857142857144 0.7158203125 0.08797619047619047 0.14171875
2.0 0.8385119047619047 0.6768359375 0.2467857142857143 0.112734375
2.0 0.5073809523809524 0.600078125 0.14928571428571427 0.07578125
2.0 0.27455357142857145 0.57125 0.06523809523809525 0.059921875
2.0 0.8397321428571428 0.6038671875 0.16053571428571428 0.086875
2.0 0.3812797619047619 0.64453125 0.2194047619047619 0.111015625
2.0 0.3786309523809524 0.588359375 0.18110119047619047 0.12625
2.0 0.21282738095238096 0.6331640625 0.12526785714285715 0.079921875
2.0 0.20922619047619045 0.602109375 0.11690476190476191 0.050859375
2.0 0.11413690476190477 0.611953125 0.09303571428571429 0.068828125
2.0 0.08419642857142857 0.5335546875 0.17479166666666665 0.1317578125
