2.0 0.7292559523809524 0.8342578125 0.19654761904761905 0.1858203125
2.0 0.005 0.7237109375 0.08797619047619047 0.14171875
2.0 0.8190178571428571 0.6772265625 0.2481845238095238 0.1119921875
2.0 0.4927976190476191 0.59875 0.1455952380952381 0.0751953125
2.0 0.2692857142857143 0.571640625 0.07217261904761904 0.0596484375
2.0 0.8233333333333333 0.60296875 0.15892857142857142 0.0865234375
2.0 0.3812797619047619 0.64453125 0.2194047619047619 0.111015625
2.0 0.3786309523809524 0.588359375 0.18110119047619047 0.12625
2.0 0.21282738095238096 0.6331640625 0.12526785714285715 0.079921875
2.0 0.20922619047619045 0.602109375 0.11690476190476191 0.050859375
2.0 0.11413690476190477 0.611953125 0.09303571428571429 0.068828125
2.0 0.08419642857142857 0.5335546875 0.17479166666666665 0.1317578125
