2.0 0.7292559523809524 0.8342578125 0.19654761904761905 0.1858203125
2.0 0.017023809523809524 0.719765625 0.08797619047619047 0.14171875
2.0 0.828779761904762 0.67703125 0.2475 0.11234375
2.0 0.5000892857142857 0.5994140625 0.14744047619047618 0.07546875
2.0 0.2719047619047619 0.5714453125 0.0687202380952381 0.059765625
2.0 0.831547619047619 0.6033984375 0.15973214285714285 0.08671875
2.0 0.3812797619047619 0.64453125 0.2194047619047619 0.111015625
2.0 0.3786309523809524 0.588359375 0.18110119047619047 0.12625
2.0 0.21282738095238096 0.6331640625 0.12526785714285715 0.079921875
2.0 0.20922619047619045 0.602109375 0.11690476190476191 0.050859375
2.0 0.11413690476190477 0.611953125 0.09303571428571429 0.068828125
2.0 0.08419642857142857 0.5335546875 0.17479166666666665 0.1317578125
