2.0 0.7292559523809524 0.8342578125 0.19654761904761905 0.1858203125
2.0 0.7288392857142857 0.6828125 0.25229166666666664 0.111953125
2.0 0.4272321428571429 0.5927734375 0.12901785714285716 0.072578125
2.0 0.23092261904761907 0.571796875 0.08488095238095238 0.0596484375
2.0 0.7495535714285714 0.5989453125 0.15160714285714286 0.084921875
2.0 0.3812797619047619 0.64453125 0.2194047619047619 0.111015625
2.0 0.3786309523809524 0.588359375 0.18110119047619047 0.12625
2.0 0.21282738095238096 0.6331640625 0.12526785714285715 0.079921875
2.0 0.20922619047619045 0.602109375 0.11690476190476191 0.050859375
2.0 0.11413690476190477 0.611953125 0.09303571428571429 0.068828125
2.0 0.08419642857142857 0.5335546875 0.17479166666666665 0.1317578125
