2.0 0.7292559523809524 0.8342578125 0.19654761904761905 0.1858203125
2.0 0.49669642857142854 0.6999609375 0.2611011904761905 0.1142578125
2.0 0.2648809523809524 0.577578125 0.09657738095238096 0.06734375
2.0 0.5749702380952381 0.5898828125 0.1386011904761905 0.0741015625
2.0 0.8571428571428571 0.629609375 0.1768452380952381 0.0878125
2.0 0.3812797619047619 0.64453125 0.2194047619047619 0.111015625
2.0 0.3786309523809524 0.588359375 0.18110119047619047 0.12625
2.0 0.21282738095238096 0.6331640625 0.12526785714285715 0.079921875
2.0 0.20922619047619045 0.602109375 0.11690476190476191 0.050859375
2.0 0.11413690476190477 0.611953125 0.09303571428571429 0.068828125
2.0 0.08419642857142857 0.5335546875 0.17479166666666665 0.1317578125
