2.0 0.7292559523809524 0.8342578125 0.19654761904761905 0.1858203125
2.0 0.47654761904761905 0.7014453125 0.26187499999999997 0.114453125
2.0 0.25550595238095236 0.5762109375 0.10282738095238095 0.0682421875
2.0 0.5599107142857143 0.5890625 0.1375 0.073125
2.0 0.841220238095238 0.6284375 0.18425595238095238 0.0878515625
2.0 0.3812797619047619 0.64453125 0.2194047619047619 0.111015625
2.0 0.3786309523809524 0.588359375 0.18110119047619047 0.12625
2.0 0.21282738095238096 0.6331640625 0.12526785714285715 0.079921875
2.0 0.20922619047619045 0.602109375 0.11690476190476191 0.050859375
2.0 0.11413690476190477 0.611953125 0.09303571428571429 0.068828125
2.0 0.08419642857142857 0.5335546875 0.17479166666666665 0.1317578125
