2.0 0.7292559523809524 0.8342578125 0.19654761904761905 0.1858203125
2.0 0.48660714285714285 0.700703125 0.26148809523809524 0.114375
2.0 0.2602083333333334 0.5769140625 0.09970238095238096 0.0677734375
2.0 0.5674702380952381 0.589453125 0.13806547619047618 0.0736328125
2.0 0.8491964285714285 0.628984375 0.18053571428571427 0.0878515625
2.0 0.3812797619047619 0.64453125 0.2194047619047619 0.111015625
2.0 0.3786309523809524 0.588359375 0.18110119047619047 0.12625
2.0 0.21282738095238096 0.6331640625 0.12526785714285715 0.079921875
2.0 0.20922619047619045 0.602109375 0.11690476190476191 0.050859375
2.0 0.11413690476190477 0.611953125 0.09303571428571429 0.068828125
2.0 0.08419642857142857 0.5335546875 0.17479166666666665 0.1317578125
