2.0 0.7292559523809524 0.8342578125 0.19654761904761905 0.1858203125
2.0 0.27348214285714284 0.7128125 0.2670238095238095 0.1214453125
2.0 0.43755952380952384 0.5823046875 0.12264880952380952 0.0700390625
2.0 0.6563988095238096 0.6152734375 0.17172619047619048 0.080390625
2.0 0.7526785714285714 0.6064453125 0.15026785714285715 0.0810546875
2.0 0.3812797619047619 0.64453125 0.2194047619047619 0.111015625
2.0 0.3786309523809524 0.588359375 0.18110119047619047 0.12625
2.0 0.21282738095238096 0.6331640625 0.12526785714285715 0.079921875
2.0 0.20922619047619045 0.602109375 0.11690476190476191 0.050859375
2.0 0.11413690476190477 0.611953125 0.09303571428571429 0.068828125
2.0 0.08419642857142857 0.5335546875 0.17479166666666665 0.1317578125
