2.0 0.7292559523809524 0.8342578125 0.19654761904761905 0.1858203125
2.0 0.2386904761904762 0.7155859375 0.26877976190476194 0.1230859375
2.0 0.4206845238095238 0.5809765625 0.1200297619047619 0.0691796875
2.0 0.6269047619047619 0.6132421875 0.16904761904761903 0.079140625
2.0 0.7297916666666667 0.605234375 0.14830357142857142 0.07984375
2.0 0.3812797619047619 0.64453125 0.2194047619047619 0.111015625
2.0 0.3786309523809524 0.588359375 0.18110119047619047 0.12625
2.0 0.21282738095238096 0.6331640625 0.12526785714285715 0.079921875
2.0 0.20922619047619045 0.602109375 0.11690476190476191 0.050859375
2.0 0.11413690476190477 0.611953125 0.09303571428571429 0.068828125
2.0 0.08419642857142857 0.5335546875 0.17479166666666665 0.1317578125
