2.0 0.7292559523809524 0.8342578125 0.19654761904761905 0.1858203125
2.0 0.2619047619047619 0.713671875 0.26761904761904765 0.1219921875
2.0 0.4319047619047619 0.5818359375 0.12178571428571429 0.069765625
2.0 0.6465773809523809 0.6146484375 0.17083333333333334 0.0799609375
2.0 0.7441964285714286 0.60609375 0.15026785714285715 0.0810546875
2.0 0.3812797619047619 0.64453125 0.2194047619047619 0.111015625
2.0 0.3786309523809524 0.588359375 0.18110119047619047 0.12625
2.0 0.21282738095238096 0.6331640625 0.12526785714285715 0.079921875
2.0 0.20922619047619045 0.602109375 0.11690476190476191 0.050859375
2.0 0.11413690476190477 0.611953125 0.09303571428571429 0.068828125
2.0 0.08419642857142857 0.5335546875 0.17479166666666665 0.1317578125
