2.0 0.7292559523809524 0.8342578125 0.19654761904761905 0.1858203125
2.0 0.16907738095238095 0.7211328125 0.27232142857142855 0.1263671875
2.0 0.386875 0.5783203125 0.11485119047619048 0.067421875
2.0 0.5707738095238095 0.609609375 0.16592261904761904 0.0767578125
2.0 0.6867261904761905 0.6026953125 0.14238095238095239 0.0762109375
2.0 0.3812797619047619 0.64453125 0.2194047619047619 0.111015625
2.0 0.3786309523809524 0.588359375 0.18110119047619047 0.12625
2.0 0.21282738095238096 0.6331640625 0.12526785714285715 0.079921875
2.0 0.20922619047619045 0.602109375 0.11690476190476191 0.050859375
2.0 0.11413690476190477 0.611953125 0.09303571428571429 0.068828125
2.0 0.08419642857142857 0.5335546875 0.17479166666666665 0.1317578125
