2.0 0.7292559523809524 0.8342578125 0.19654761904761905 0.1858203125
2.0 0.09285714285714286 0.723125 0.1911904761904762 0.126484375
2.0 0.33053571428571427 0.5739453125 0.10616071428571429 0.064453125
2.0 0.4911607142857143 0.603203125 0.1530952380952381 0.0734765625
2.0 0.6149702380952381 0.598515625 0.1325595238095238 0.0701171875
2.0 0.3812797619047619 0.64453125 0.2194047619047619 0.111015625
2.0 0.3786309523809524 0.588359375 0.18110119047619047 0.12625
2.0 0.21282738095238096 0.6331640625 0.12526785714285715 0.079921875
2.0 0.20922619047619045 0.602109375 0.11690476190476191 0.050859375
2.0 0.11413690476190477 0.611953125 0.09303571428571429 0.068828125
2.0 0.08419642857142857 0.5335546875 0.17479166666666665 0.1317578125
