2.0 0.7292559523809524 0.8342578125 0.19654761904761905 0.1858203125
2.0 0.11035714285714285 0.722890625 0.2262797619047619 0.1259765625
2.0 0.3474702380952381 0.5751953125 0.10877976190476189 0.0653515625
2.0 0.5124404761904762 0.605234375 0.15863095238095237 0.0743359375
2.0 0.6364880952380952 0.5998046875 0.1355059523809524 0.071953125
2.0 0.3812797619047619 0.64453125 0.2194047619047619 0.111015625
2.0 0.3786309523809524 0.588359375 0.18110119047619047 0.12625
2.0 0.21282738095238096 0.6331640625 0.12526785714285715 0.079921875
2.0 0.20922619047619045 0.602109375 0.11690476190476191 0.050859375
2.0 0.11413690476190477 0.611953125 0.09303571428571429 0.068828125
2.0 0.08419642857142857 0.5335546875 0.17479166666666665 0.1317578125
