2.0 0.7292559523809524 0.8342578125 0.19654761904761905 0.1858203125
2.0 0.09839285714285714 0.7223828125 0.20235119047619046 0.1249609375
2.0 0.3361607142857143 0.5743359375 0.10705357142857143 0.064765625
2.0 0.4982440476190476 0.60390625 0.15494047619047618 0.07375
2.0 0.6221130952380952 0.5989453125 0.13354166666666667 0.0707421875
2.0 0.3812797619047619 0.64453125 0.2194047619047619 0.111015625
2.0 0.3786309523809524 0.588359375 0.18110119047619047 0.12625
2.0 0.21282738095238096 0.6331640625 0.12526785714285715 0.079921875
2.0 0.20922619047619045 0.602109375 0.11690476190476191 0.050859375
2.0 0.11413690476190477 0.611953125 0.09303571428571429 0.068828125
2.0 0.08419642857142857 0.5335546875 0.17479166666666665 0.1317578125
