2.0 0.7292559523809524 0.8342578125 0.19654761904761905 0.1858203125
2.0 0.08163690476190476 0.7246484375 0.1688392857142857 0.1295703125
2.0 0.3192857142857143 0.573046875 0.10443452380952382 0.0638671875
2.0 0.4769642857142857 0.6018359375 0.14943452380952382 0.072890625
2.0 0.6005952380952382 0.5976953125 0.1305952380952381 0.06890625
2.0 0.3812797619047619 0.64453125 0.2194047619047619 0.111015625
2.0 0.3786309523809524 0.588359375 0.18110119047619047 0.12625
2.0 0.21282738095238096 0.6331640625 0.12526785714285715 0.079921875
2.0 0.20922619047619045 0.602109375 0.11690476190476191 0.050859375
2.0 0.11413690476190477 0.611953125 0.09303571428571429 0.068828125
2.0 0.08419642857142857 0.5335546875 0.17479166666666665 0.1317578125
