2.0 0.7292559523809524 0.8342578125 0.19654761904761905 0.1858203125
2.0 0.9590773809523809 0.68578125 0.13342261904761904 0.119453125
2.0 0.22508928571428571 0.5673046875 0.08991071428571429 0.0609375
2.0 0.3350892857142857 0.588359375 0.11267857142857143 0.067109375
2.0 0.4718154761904762 0.58984375 0.12300595238095238 0.06625
2.0 0.8729464285714286 0.6175 0.19017857142857142 0.10109375
2.0 0.3812797619047619 0.64453125 0.2194047619047619 0.111015625
2.0 0.3786309523809524 0.588359375 0.18110119047619047 0.12625
2.0 0.21282738095238096 0.6331640625 0.12526785714285715 0.079921875
2.0 0.20922619047619045 0.602109375 0.11690476190476191 0.050859375
2.0 0.11413690476190477 0.611953125 0.09303571428571429 0.068828125
2.0 0.08419642857142857 0.5335546875 0.17479166666666665 0.1317578125
