2.0 0.7292559523809524 0.8342578125 0.19654761904761905 0.1858203125
2.0 0.9354464285714286 0.6841015625 0.16020833333333334 0.1205859375
2.0 0.21782738095238094 0.565390625 0.08113095238095239 0.0609375
2.0 0.3138095238095238 0.586328125 0.10714285714285714 0.06625
2.0 0.45449404761904766 0.58859375 0.12023809523809523 0.0659375
2.0 0.8444642857142858 0.6157421875 0.18726190476190477 0.1
2.0 0.8030357142857143 0.5976171875 0.16238095238095238 0.0955859375
2.0 0.3812797619047619 0.64453125 0.2194047619047619 0.111015625
2.0 0.3786309523809524 0.588359375 0.18110119047619047 0.12625
2.0 0.21282738095238096 0.6331640625 0.12526785714285715 0.079921875
2.0 0.20922619047619045 0.602109375 0.11690476190476191 0.050859375
2.0 0.11413690476190477 0.611953125 0.09303571428571429 0.068828125
2.0 0.08419642857142857 0.5335546875 0.17479166666666665 0.1317578125
