2.0 0.7292559523809524 0.8342578125 0.19654761904761905 0.1858203125
2.0 0.9433035714285714 0.6846484375 0.1512797619047619 0.1201953125
2.0 0.22023809523809523 0.5660546875 0.08407738095238096 0.0609375
2.0 0.32086309523809525 0.5869921875 0.10898809523809523 0.0665234375
2.0 0.4602380952380952 0.5890234375 0.12116071428571429 0.0660546875
2.0 0.8539285714285715 0.616328125 0.18824404761904762 0.100390625
2.0 0.8115178571428572 0.5980078125 0.16324404761904762 0.096015625
2.0 0.3812797619047619 0.64453125 0.2194047619047619 0.111015625
2.0 0.3786309523809524 0.588359375 0.18110119047619047 0.12625
2.0 0.21282738095238096 0.6331640625 0.12526785714285715 0.079921875
2.0 0.20922619047619045 0.602109375 0.11690476190476191 0.050859375
2.0 0.11413690476190477 0.611953125 0.09303571428571429 0.068828125
2.0 0.08419642857142857 0.5335546875 0.17479166666666665 0.1317578125
