2.0 0.7292559523809524 0.8342578125 0.19654761904761905 0.1858203125
2.0 0.9197023809523809 0.6830078125 0.1780654761904762 0.121328125
2.0 0.2136309523809524 0.565390625 0.07282738095238095 0.0609375
2.0 0.2995833333333333 0.5849609375 0.10348214285714287 0.0656640625
2.0 0.44294642857142863 0.58765625 0.11839285714285715 0.0657421875
2.0 0.8254464285714287 0.6145703125 0.18532738095238097 0.099296875
2.0 0.7860714285714285 0.596796875 0.1605952380952381 0.0946875
2.0 0.3812797619047619 0.64453125 0.2194047619047619 0.111015625
2.0 0.3786309523809524 0.588359375 0.18110119047619047 0.12625
2.0 0.21282738095238096 0.6331640625 0.12526785714285715 0.079921875
2.0 0.20922619047619045 0.602109375 0.11690476190476191 0.050859375
2.0 0.11413690476190477 0.611953125 0.09303571428571429 0.068828125
2.0 0.08419642857142857 0.5335546875 0.17479166666666665 0.1317578125
