2.0 0.7292559523809524 0.8342578125 0.19654761904761905 0.1858203125
2.0 0.9118452380952381 0.682421875 0.18702380952380954 0.1216796875
2.0 0.21157738095238096 0.565390625 0.06869047619047619 0.0609375
2.0 0.2925 0.5843359375 0.10163690476190476 0.0653515625
2.0 0.43720238095238095 0.5871875 0.1175 0.0656640625
2.0 0.815922619047619 0.6140234375 0.184375 0.0989453125
2.0 0.7775892857142856 0.59640625 0.15970238095238093 0.09421875
2.0 0.3812797619047619 0.64453125 0.2194047619047619 0.111015625
2.0 0.3786309523809524 0.588359375 0.18110119047619047 0.12625
2.0 0.21282738095238096 0.6331640625 0.12526785714285715 0.079921875
2.0 0.20922619047619045 0.602109375 0.11690476190476191 0.050859375
2.0 0.11413690476190477 0.611953125 0.09303571428571429 0.068828125
2.0 0.08419642857142857 0.5335546875 0.17479166666666665 0.1317578125
