2.0 0.7292559523809524 0.8342578125 0.19654761904761905 0.1858203125
2.0 0.9053869047619048 0.6834375 0.19892857142857143 0.1191796875
2.0 0.2094940476190476 0.565390625 0.06455357142857143 0.0609375
2.0 0.28538690476190476 0.5836328125 0.09979166666666667 0.065078125
2.0 0.4313988095238095 0.5867578125 0.11657738095238096 0.0655859375
2.0 0.8064285714285714 0.6133984375 0.18339285714285714 0.09859375
2.0 0.7691666666666667 0.5959765625 0.1588392857142857 0.0937890625
2.0 0.3812797619047619 0.64453125 0.2194047619047619 0.111015625
2.0 0.3786309523809524 0.588359375 0.18110119047619047 0.12625
2.0 0.21282738095238096 0.6331640625 0.12526785714285715 0.079921875
2.0 0.20922619047619045 0.602109375 0.11690476190476191 0.050859375
2.0 0.11413690476190477 0.611953125 0.09303571428571429 0.068828125
2.0 0.08419642857142857 0.5335546875 0.17479166666666665 0.1317578125
