2.0 0.7292559523809524 0.8342578125 0.19654761904761905 0.1858203125
2.0 0.8859821428571428 0.6863671875 0.23464285714285715 0.111640625
2.0 0.2641071428571428 0.5815625 0.09428571428571428 0.06421875
2.0 0.41410714285714284 0.58546875 0.11380952380952382 0.0652734375
2.0 0.7779166666666667 0.611640625 0.18050595238095238 0.0975390625
2.0 0.7436904761904761 0.5948046875 0.15619047619047619 0.0924609375
2.0 0.3812797619047619 0.64453125 0.2194047619047619 0.111015625
2.0 0.3786309523809524 0.588359375 0.18110119047619047 0.12625
2.0 0.21282738095238096 0.6331640625 0.12526785714285715 0.079921875
2.0 0.20922619047619045 0.602109375 0.11690476190476191 0.050859375
2.0 0.11413690476190477 0.611953125 0.09303571428571429 0.068828125
2.0 0.08419642857142857 0.5335546875 0.17479166666666665 0.1317578125
