2.0 0.7292559523809524 0.8342578125 0.19654761904761905 0.1858203125
2.0 0.8276785714285715 0.6888671875 0.2467857142857143 0.1112109375
2.0 0.25586309523809525 0.579453125 0.09244047619047618 0.0608984375
2.0 0.3852678571428571 0.5832421875 0.10919642857142857 0.0648046875
2.0 0.7303869047619047 0.60875 0.17565476190476192 0.0957421875
2.0 0.7013392857142857 0.5927734375 0.15175595238095238 0.0901953125
2.0 0.3812797619047619 0.64453125 0.2194047619047619 0.111015625
2.0 0.3786309523809524 0.588359375 0.18110119047619047 0.12625
2.0 0.21282738095238096 0.6331640625 0.12526785714285715 0.079921875
2.0 0.20922619047619045 0.602109375 0.11690476190476191 0.050859375
2.0 0.11413690476190477 0.611953125 0.09303571428571429 0.068828125
2.0 0.08419642857142857 0.5335546875 0.17479166666666665 0.1317578125
