2.0 0.7292559523809524 0.8342578125 0.19654761904761905 0.1858203125
2.0 0.470922619047619 0.709921875 0.2584821428571428 0.1159375
2.0 0.2382440476190476 0.574453125 0.099375 0.0596484375
2.0 0.4872619047619048 0.59421875 0.1448511904761905 0.0853515625
2.0 0.4841666666666667 0.5819140625 0.1282142857142857 0.080390625
2.0 0.3812797619047619 0.64453125 0.2194047619047619 0.111015625
2.0 0.3786309523809524 0.588359375 0.18110119047619047 0.12625
2.0 0.21282738095238096 0.6331640625 0.12526785714285715 0.079921875
2.0 0.20922619047619045 0.602109375 0.11690476190476191 0.050859375
2.0 0.11413690476190477 0.611953125 0.09303571428571429 0.068828125
2.0 0.08419642857142857 0.5335546875 0.17479166666666665 0.1317578125
