2.0 0.7292559523809524 0.8342578125 0.19654761904761905 0.1858203125
2.0 0.3816369047619047 0.7147265625 0.2577083333333333 0.1169921875
2.0 0.21520833333333333 0.5732421875 0.07681547619047618 0.05609375
2.0 0.4353571428571429 0.5912890625 0.1356845238095238 0.082578125
2.0 0.4482440476190477 0.5794921875 0.12348214285714286 0.080390625
2.0 0.3812797619047619 0.64453125 0.2194047619047619 0.111015625
2.0 0.3786309523809524 0.588359375 0.18110119047619047 0.12625
2.0 0.21282738095238096 0.6331640625 0.12526785714285715 0.079921875
2.0 0.20922619047619045 0.602109375 0.11690476190476191 0.050859375
2.0 0.11413690476190477 0.611953125 0.09303571428571429 0.068828125
2.0 0.08419642857142857 0.5335546875 0.17479166666666665 0.1317578125
