2.0 0.7292559523809524 0.8342578125 0.19654761904761905 0.1858203125
2.0 0.4071130952380952 0.713359375 0.2579464285714286 0.1166796875
2.0 0.22089285714285714 0.5733984375 0.08654761904761904 0.0571484375
2.0 0.45017857142857143 0.592109375 0.13830357142857141 0.083359375
2.0 0.4584821428571429 0.5801953125 0.12485119047619049 0.080390625
2.0 0.3812797619047619 0.64453125 0.2194047619047619 0.111015625
2.0 0.3786309523809524 0.588359375 0.18110119047619047 0.12625
2.0 0.21282738095238096 0.6331640625 0.12526785714285715 0.079921875
2.0 0.20922619047619045 0.602109375 0.11690476190476191 0.050859375
2.0 0.11413690476190477 0.611953125 0.09303571428571429 0.068828125
2.0 0.08419642857142857 0.5335546875 0.17479166666666665 0.1317578125
