2.0 0.7292559523809524 0.8342578125 0.19654761904761905 0.1858203125
2.0 0.21580357142857146 0.723671875 0.2562797619047619 0.1188671875
2.0 0.9295238095238095 0.6892578125 0.15630952380952381 0.1298046875
2.0 0.33895833333333336 0.5858984375 0.1187202380952381 0.077421875
2.0 0.38148809523809524 0.5750390625 0.11467261904761905 0.080390625
2.0 0.8696130952380953 0.6183984375 0.17967261904761905 0.100703125
2.0 0.3812797619047619 0.64453125 0.2194047619047619 0.111015625
2.0 0.3786309523809524 0.588359375 0.18110119047619047 0.12625
2.0 0.21282738095238096 0.6331640625 0.12526785714285715 0.079921875
2.0 0.20922619047619045 0.602109375 0.11690476190476191 0.050859375
2.0 0.11413690476190477 0.611953125 0.09303571428571429 0.068828125
2.0 0.08419642857142857 0.5335546875 0.17479166666666665 0.1317578125
