2.0 0.7292559523809524 0.8342578125 0.19654761904761905 0.1858203125
2.0 0.3305952380952381 0.7175 0.25726190476190475 0.117578125
2.0 0.4056845238095238 0.589609375 0.1304761904761905 0.081015625
2.0 0.4276785714285714 0.578125 0.12077380952380952 0.080390625
2.0 0.9322023809523811 0.6209765625 0.14764880952380952 0.107578125
2.0 0.3812797619047619 0.64453125 0.2194047619047619 0.111015625
2.0 0.3786309523809524 0.588359375 0.18110119047619047 0.12625
2.0 0.21282738095238096 0.6331640625 0.12526785714285715 0.079921875
2.0 0.20922619047619045 0.602109375 0.11690476190476191 0.050859375
2.0 0.11413690476190477 0.611953125 0.09303571428571429 0.068828125
2.0 0.08419642857142857 0.5335546875 0.17479166666666665 0.1317578125
