2.0 0.7292559523809524 0.8342578125 0.19654761904761905 0.1858203125
2.0 0.31785714285714284 0.7181640625 0.257172619047619 0.1176953125
2.0 0.39827380952380953 0.58921875 0.12916666666666665 0.080625
2.0 0.4225595238095238 0.5777734375 0.12008928571428572 0.080390625
2.0 0.927797619047619 0.620625 0.15645833333333334 0.1069140625
2.0 0.3812797619047619 0.64453125 0.2194047619047619 0.111015625
2.0 0.3786309523809524 0.588359375 0.18110119047619047 0.12625
2.0 0.21282738095238096 0.6331640625 0.12526785714285715 0.079921875
2.0 0.20922619047619045 0.602109375 0.11690476190476191 0.050859375
2.0 0.11413690476190477 0.611953125 0.09303571428571429 0.068828125
2.0 0.08419642857142857 0.5335546875 0.17479166666666665 0.1317578125
