2.0 0.7292559523809524 0.8342578125 0.19654761904761905 0.1858203125
2.0 0.13848214285714286 0.7259375 0.25407738095238097 0.1233984375
2.0 0.8924702380952381 0.689765625 0.21982142857142856 0.1228125
2.0 0.29446428571428573 0.5833203125 0.11089285714285714 0.075078125
2.0 0.35065476190476186 0.5730078125 0.11059523809523808 0.080390625
2.0 0.8164583333333333 0.6143359375 0.17767857142857144 0.0987890625
2.0 0.3812797619047619 0.64453125 0.2194047619047619 0.111015625
2.0 0.3786309523809524 0.588359375 0.18110119047619047 0.12625
2.0 0.21282738095238096 0.6331640625 0.12526785714285715 0.079921875
2.0 0.20922619047619045 0.602109375 0.11690476190476191 0.050859375
2.0 0.11413690476190477 0.611953125 0.09303571428571429 0.068828125
2.0 0.08419642857142857 0.5335546875 0.17479166666666665 0.1317578125
