2.0 0.7292559523809524 0.8342578125 0.19654761904761905 0.1858203125
2.0 0.1462797619047619 0.726171875 0.2652083333333333 0.12390625
2.0 0.8988095238095238 0.6896875 0.2093154761904762 0.12421875
2.0 0.301875 0.58375 0.11220238095238096 0.07546875
2.0 0.35580357142857144 0.573359375 0.11127976190476191 0.080390625
2.0 0.8255654761904762 0.61421875 0.17839285714285713 0.0990234375
2.0 0.3812797619047619 0.64453125 0.2194047619047619 0.111015625
2.0 0.3786309523809524 0.588359375 0.18110119047619047 0.12625
2.0 0.21282738095238096 0.6331640625 0.12526785714285715 0.079921875
2.0 0.20922619047619045 0.602109375 0.11690476190476191 0.050859375
2.0 0.11413690476190477 0.611953125 0.09303571428571429 0.068828125
2.0 0.08419642857142857 0.5335546875 0.17479166666666665 0.1317578125
