2.0 0.7292559523809524 0.8342578125 0.19654761904761905 0.1858203125
2.0 0.06648809523809524 0.7291796875 0.1363095238095238 0.129921875
2.0 0.7901785714285714 0.696875 0.24723214285714284 0.11421875
2.0 0.25104166666666666 0.574921875 0.10053571428571428 0.06859375
2.0 0.29931547619047616 0.5695703125 0.10383928571428572 0.080390625
2.0 0.7294345238095238 0.6131640625 0.17041666666666666 0.0945703125
2.0 0.3812797619047619 0.64453125 0.2194047619047619 0.111015625
2.0 0.3786309523809524 0.588359375 0.18110119047619047 0.12625
2.0 0.21282738095238096 0.6331640625 0.12526785714285715 0.079921875
2.0 0.20922619047619045 0.602109375 0.11690476190476191 0.050859375
2.0 0.11413690476190477 0.611953125 0.09303571428571429 0.068828125
2.0 0.08419642857142857 0.5335546875 0.17479166666666665 0.1317578125
