2.0 0.7292559523809524 0.8342578125 0.19654761904761905 0.1858203125
2.0 0.08562499999999999 0.7256640625 0.1745833333333333 0.122890625
2.0 0.8254464285714287 0.69484375 0.24625 0.11421875
2.0 0.2605952380952381 0.5780078125 0.10517857142857144 0.0703515625
2.0 0.31473214285714285 0.5705859375 0.10586309523809524 0.080390625
2.0 0.7536607142857142 0.6145703125 0.17258928571428572 0.0966796875
2.0 0.3812797619047619 0.64453125 0.2194047619047619 0.111015625
2.0 0.3786309523809524 0.588359375 0.18110119047619047 0.12625
2.0 0.21282738095238096 0.6331640625 0.12526785714285715 0.079921875
2.0 0.20922619047619045 0.602109375 0.11690476190476191 0.050859375
2.0 0.11413690476190477 0.611953125 0.09303571428571429 0.068828125
2.0 0.08419642857142857 0.5335546875 0.17479166666666665 0.1317578125
