2.0 0.7292559523809524 0.8342578125 0.19654761904761905 0.1858203125
2.0 0.05294642857142857 0.7303515625 0.10919642857142857 0.132265625
2.0 0.7667261904761905 0.6981640625 0.24788690476190478 0.11421875
2.0 0.24354166666666666 0.5727734375 0.09303571428571429 0.06859375
2.0 0.28904761904761905 0.5688671875 0.1024702380952381 0.080390625
2.0 0.7132440476190476 0.6122265625 0.16898809523809524 0.093203125
2.0 0.3812797619047619 0.64453125 0.2194047619047619 0.111015625
2.0 0.3786309523809524 0.588359375 0.18110119047619047 0.12625
2.0 0.21282738095238096 0.6331640625 0.12526785714285715 0.079921875
2.0 0.20922619047619045 0.602109375 0.11690476190476191 0.050859375
2.0 0.11413690476190477 0.611953125 0.09303571428571429 0.068828125
2.0 0.08419642857142857 0.5335546875 0.17479166666666665 0.1317578125
