2.0 0.7292559523809524 0.8342578125 0.19654761904761905 0.1858203125
2.0 0.39976190476190476 0.71765625 0.25785714285714284 0.11609375
2.0 0.47785714285714287 0.596171875 0.14011904761904762 0.0800390625
2.0 0.829404761904762 0.61234375 0.16372023809523809 0.0746875
2.0 0.3812797619047619 0.64453125 0.2194047619047619 0.111015625
2.0 0.3786309523809524 0.588359375 0.18110119047619047 0.12625
2.0 0.21282738095238096 0.6331640625 0.12526785714285715 0.079921875
2.0 0.20922619047619045 0.602109375 0.11690476190476191 0.050859375
2.0 0.11413690476190477 0.611953125 0.09303571428571429 0.068828125
2.0 0.08419642857142857 0.5335546875 0.17479166666666665 0.1317578125
