2.0 0.7292559523809524 0.8342578125 0.19654761904761905 0.1858203125
2.0 0.26571428571428574 0.723359375 0.2611607142857143 0.1195703125
2.0 0.9023511904761905 0.68765625 0.20946428571428571 0.121875
2.0 0.40294642857142854 0.5897265625 0.12622023809523808 0.0800390625
2.0 0.7321428571428571 0.606328125 0.16514880952380953 0.0728125
2.0 0.3812797619047619 0.64453125 0.2194047619047619 0.111015625
2.0 0.3786309523809524 0.588359375 0.18110119047619047 0.12625
2.0 0.21282738095238096 0.6331640625 0.12526785714285715 0.079921875
2.0 0.20922619047619045 0.602109375 0.11690476190476191 0.050859375
2.0 0.11413690476190477 0.611953125 0.09303571428571429 0.068828125
2.0 0.08419642857142857 0.5335546875 0.17479166666666665 0.1317578125
