2.0 0.7292559523809524 0.8342578125 0.19654761904761905 0.1858203125
2.0 0.21696428571428572 0.7254296875 0.2623511904761905 0.1208203125
2.0 0.8819047619047619 0.6876953125 0.24690476190476188 0.1188671875
2.0 0.3757440476190476 0.587421875 0.1211309523809524 0.0800390625
2.0 0.6987202380952381 0.60453125 0.1631845238095238 0.0718359375
2.0 0.3812797619047619 0.64453125 0.2194047619047619 0.111015625
2.0 0.3786309523809524 0.588359375 0.18110119047619047 0.12625
2.0 0.21282738095238096 0.6331640625 0.12526785714285715 0.079921875
2.0 0.20922619047619045 0.602109375 0.11690476190476191 0.050859375
2.0 0.11413690476190477 0.611953125 0.09303571428571429 0.068828125
2.0 0.08419642857142857 0.5335546875 0.17479166666666665 0.1317578125
