2.0 0.7292559523809524 0.8342578125 0.19654761904761905 0.1858203125
2.0 0.06630952380952382 0.728046875 0.1332142857142857 0.1184765625
2.0 0.7268749999999999 0.6998046875 0.2725595238095238 0.121875
2.0 0.2708333333333333 0.579765625 0.1037202380952381 0.0722265625
2.0 0.5644940476190475 0.5984765625 0.14386904761904762 0.066953125
2.0 0.3812797619047619 0.64453125 0.2194047619047619 0.111015625
2.0 0.3786309523809524 0.588359375 0.18110119047619047 0.12625
2.0 0.21282738095238096 0.6331640625 0.12526785714285715 0.079921875
2.0 0.20922619047619045 0.602109375 0.11690476190476191 0.050859375
2.0 0.11413690476190477 0.611953125 0.09303571428571429 0.068828125
2.0 0.08419642857142857 0.5335546875 0.17479166666666665 0.1317578125
