2.0 0.7292559523809524 0.8342578125 0.19654761904761905 0.1858203125
2.0 0.6388988095238095 0.7060546875 0.2780357142857143 0.12484375
2.0 0.23857142857142857 0.571953125 0.08485119047619048 0.0683203125
2.0 0.49720238095238095 0.592421875 0.1270238095238095 0.0667578125
2.0 0.8518154761904762 0.6183984375 0.18613095238095237 0.095703125
2.0 0.3812797619047619 0.64453125 0.2194047619047619 0.111015625
2.0 0.3786309523809524 0.588359375 0.18110119047619047 0.12625
2.0 0.21282738095238096 0.6331640625 0.12526785714285715 0.079921875
2.0 0.20922619047619045 0.602109375 0.11690476190476191 0.050859375
2.0 0.11413690476190477 0.611953125 0.09303571428571429 0.068828125
2.0 0.08419642857142857 0.5335546875 0.17479166666666665 0.1317578125
