2.0 0.7292559523809524 0.8342578125 0.19654761904761905 0.1858203125
2.0 0.045654761904761906 0.7283984375 0.09086309523809524 0.1152734375
2.0 0.6975595238095238 0.701875 0.274375 0.1228515625
2.0 0.25922619047619044 0.578203125 0.10113095238095238 0.0683203125
2.0 0.5414880952380953 0.5963671875 0.13794642857142858 0.066953125
2.0 0.9010714285714285 0.62109375 0.18613095238095237 0.0983984375
2.0 0.3812797619047619 0.64453125 0.2194047619047619 0.111015625
2.0 0.3786309523809524 0.588359375 0.18110119047619047 0.12625
2.0 0.21282738095238096 0.6331640625 0.12526785714285715 0.079921875
2.0 0.20922619047619045 0.602109375 0.11690476190476191 0.050859375
2.0 0.11413690476190477 0.611953125 0.09303571428571429 0.068828125
2.0 0.08419642857142857 0.5335546875 0.17479166666666665 0.1317578125
