2.0 0.7292559523809524 0.8342578125 0.19654761904761905 0.1858203125
2.0 0.6095833333333334 0.7081640625 0.2798511904761905 0.125859375
2.0 0.22991071428571427 0.571484375 0.07047619047619047 0.06734375
2.0 0.4791964285714285 0.5912109375 0.12392857142857143 0.0661328125
2.0 0.8258333333333334 0.6163671875 0.18333333333333335 0.0952734375
2.0 0.3812797619047619 0.64453125 0.2194047619047619 0.111015625
2.0 0.3786309523809524 0.588359375 0.18110119047619047 0.12625
2.0 0.21282738095238096 0.6331640625 0.12526785714285715 0.079921875
2.0 0.20922619047619045 0.602109375 0.11690476190476191 0.050859375
2.0 0.11413690476190477 0.611953125 0.09303571428571429 0.068828125
2.0 0.08419642857142857 0.5335546875 0.17479166666666665 0.1317578125
