2.0 0.7292559523809524 0.8342578125 0.19654761904761905 0.1858203125
2.0 0.24901785714285715 0.7241015625 0.29208333333333336 0.1323046875
2.0 0.26964285714285713 0.57703125 0.08913690476190476 0.059375
2.0 0.5442857142857143 0.601796875 0.146875 0.0830859375
2.0 0.8742559523809523 0.6052734375 0.2004166666666667 0.101796875
2.0 0.2745238095238095 0.5496875 0.08738095238095238 0.0462109375
2.0 0.3812797619047619 0.64453125 0.2194047619047619 0.111015625
2.0 0.3786309523809524 0.588359375 0.18110119047619047 0.12625
2.0 0.21282738095238096 0.6331640625 0.12526785714285715 0.079921875
2.0 0.20922619047619045 0.602109375 0.11690476190476191 0.050859375
2.0 0.11413690476190477 0.611953125 0.09303571428571429 0.068828125
2.0 0.08419642857142857 0.5335546875 0.17479166666666665 0.1317578125
