2.0 0.7292559523809524 0.8342578125 0.19654761904761905 0.1858203125
2.0 0.32925595238095234 0.720703125 0.2894940476190476 0.1309375
2.0 0.3109821428571428 0.5800390625 0.09529761904761906 0.0605859375
2.0 0.6048214285714286 0.605 0.15330357142857143 0.0859765625
2.0 0.23696428571428574 0.550703125 0.08270833333333333 0.0459765625
2.0 0.3812797619047619 0.64453125 0.2194047619047619 0.111015625
2.0 0.3786309523809524 0.588359375 0.18110119047619047 0.12625
2.0 0.21282738095238096 0.6331640625 0.12526785714285715 0.079921875
2.0 0.20922619047619045 0.602109375 0.11690476190476191 0.050859375
2.0 0.11413690476190477 0.611953125 0.09303571428571429 0.068828125
2.0 0.08419642857142857 0.5335546875 0.17479166666666665 0.1317578125
