2.0 0.7292559523809524 0.8342578125 0.19654761904761905 0.1858203125
2.0 0.3091964285714286 0.7215625 0.2901190476190476 0.13125
2.0 0.2989880952380952 0.579296875 0.09324404761904762 0.06015625
2.0 0.589672619047619 0.6041796875 0.15169642857142857 0.0852734375
2.0 0.909672619047619 0.608203125 0.18562499999999998 0.1027734375
2.0 0.24607142857142858 0.5503125 0.08336309523809524 0.044765625
2.0 0.3812797619047619 0.64453125 0.2194047619047619 0.111015625
2.0 0.3786309523809524 0.588359375 0.18110119047619047 0.12625
2.0 0.21282738095238096 0.6331640625 0.12526785714285715 0.079921875
2.0 0.20922619047619045 0.602109375 0.11690476190476191 0.050859375
2.0 0.11413690476190477 0.611953125 0.09303571428571429 0.068828125
2.0 0.08419642857142857 0.5335546875 0.17479166666666665 0.1317578125
