2.0 0.7292559523809524 0.8342578125 0.19654761904761905 0.1858203125
2.0 0.2891369047619048 0.722421875 0.29077380952380955 0.1316015625
2.0 0.2869345238095238 0.5784765625 0.0911904761904762 0.059765625
2.0 0.5745833333333333 0.6034375 0.1500892857142857 0.08453125
2.0 0.8986309523809524 0.608203125 0.20767857142857143 0.1027734375
2.0 0.2555357142857143 0.5501171875 0.08470238095238096 0.0452734375
2.0 0.3812797619047619 0.64453125 0.2194047619047619 0.111015625
2.0 0.3786309523809524 0.588359375 0.18110119047619047 0.12625
2.0 0.21282738095238096 0.6331640625 0.12526785714285715 0.079921875
2.0 0.20922619047619045 0.602109375 0.11690476190476191 0.050859375
2.0 0.11413690476190477 0.611953125 0.09303571428571429 0.068828125
2.0 0.08419642857142857 0.5335546875 0.17479166666666665 0.1317578125
