2.0 0.7292559523809524 0.8342578125 0.19654761904761905 0.1858203125
2.0 0.2590773809523809 0.723671875 0.29175595238095237 0.132109375
2.0 0.27226190476190476 0.57734375 0.08913690476190476 0.059375
2.0 0.551875 0.602265625 0.1476785714285714 0.0834765625
2.0 0.8816369047619048 0.605703125 0.20136904761904761 0.102109375
2.0 0.2697916666666667 0.5498046875 0.08672619047619048 0.0459765625
2.0 0.3812797619047619 0.64453125 0.2194047619047619 0.111015625
2.0 0.3786309523809524 0.588359375 0.18110119047619047 0.12625
2.0 0.21282738095238096 0.6331640625 0.12526785714285715 0.079921875
2.0 0.20922619047619045 0.602109375 0.11690476190476191 0.050859375
2.0 0.11413690476190477 0.611953125 0.09303571428571429 0.068828125
2.0 0.08419642857142857 0.5335546875 0.17479166666666665 0.1317578125
