2.0 0.7292559523809524 0.8342578125 0.19654761904761905 0.1858203125
2.0 0.23898809523809522 0.7245703125 0.2924107142857143 0.1324609375
2.0 0.2670238095238095 0.57671875 0.08913690476190476 0.059375
2.0 0.5367261904761905 0.6014453125 0.14607142857142857 0.082734375
2.0 0.8668154761904762 0.604921875 0.19949404761904763 0.1014453125
2.0 0.2792857142857143 0.5495703125 0.0880654761904762 0.0464453125
2.0 0.3812797619047619 0.64453125 0.2194047619047619 0.111015625
2.0 0.3786309523809524 0.588359375 0.18110119047619047 0.12625
2.0 0.21282738095238096 0.6331640625 0.12526785714285715 0.079921875
2.0 0.20922619047619045 0.602109375 0.11690476190476191 0.050859375
2.0 0.11413690476190477 0.611953125 0.09303571428571429 0.068828125
2.0 0.08419642857142857 0.5335546875 0.17479166666666665 0.1317578125
