2.0 0.7292559523809524 0.8342578125 0.19654761904761905 0.1858203125
2.0 0.14702380952380953 0.7284765625 0.2964583333333333 0.1348046875
2.0 0.2345833333333333 0.57296875 0.08050595238095239 0.0575
2.0 0.4828571428571429 0.5975390625 0.1367559523809524 0.080546875
2.0 0.8001785714285715 0.6011328125 0.19098214285714285 0.0984765625
2.0 0.3219940476190476 0.5487109375 0.09407738095238095 0.0485546875
2.0 0.3812797619047619 0.64453125 0.2194047619047619 0.111015625
2.0 0.3786309523809524 0.588359375 0.18110119047619047 0.12625
2.0 0.21282738095238096 0.6331640625 0.12526785714285715 0.079921875
2.0 0.20922619047619045 0.602109375 0.11690476190476191 0.050859375
2.0 0.11413690476190477 0.611953125 0.09303571428571429 0.068828125
2.0 0.08419642857142857 0.5335546875 0.17479166666666665 0.1317578125
