2.0 0.7292559523809524 0.8342578125 0.19654761904761905 0.1858203125
2.0 0.20892857142857144 0.7258203125 0.29336309523809523 0.13296875
2.0 0.25910714285714287 0.57578125 0.08913690476190476 0.059375
2.0 0.5187797619047619 0.60015625 0.14297619047619048 0.08203125
2.0 0.8445833333333332 0.603671875 0.19663690476190473 0.10046875
2.0 0.29354166666666665 0.5492578125 0.09005952380952381 0.0471484375
2.0 0.3812797619047619 0.64453125 0.2194047619047619 0.111015625
2.0 0.3786309523809524 0.588359375 0.18110119047619047 0.12625
2.0 0.21282738095238096 0.6331640625 0.12526785714285715 0.079921875
2.0 0.20922619047619045 0.602109375 0.11690476190476191 0.050859375
2.0 0.11413690476190477 0.611953125 0.09303571428571429 0.068828125
2.0 0.08419642857142857 0.5335546875 0.17479166666666665 0.1317578125
