2.0 0.7292559523809524 0.8342578125 0.19654761904761905 0.1858203125
2.0 0.1988690476190476 0.72625 0.2936904761904762 0.133125
2.0 0.2550297619047619 0.5753125 0.08770833333333333 0.0590625
2.0 0.5127678571428571 0.5997265625 0.14193452380952382 0.0817578125
2.0 0.837202380952381 0.6032421875 0.19571428571428573 0.1001171875
2.0 0.2982738095238095 0.5491796875 0.09074404761904761 0.0473828125
2.0 0.3812797619047619 0.64453125 0.2194047619047619 0.111015625
2.0 0.3786309523809524 0.588359375 0.18110119047619047 0.12625
2.0 0.21282738095238096 0.6331640625 0.12526785714285715 0.079921875
2.0 0.20922619047619045 0.602109375 0.11690476190476191 0.050859375
2.0 0.11413690476190477 0.611953125 0.09303571428571429 0.068828125
2.0 0.08419642857142857 0.5335546875 0.17479166666666665 0.1317578125
