2.0 0.7292559523809524 0.8342578125 0.19654761904761905 0.1858203125
2.0 0.21892857142857144 0.725390625 0.2930357142857143 0.1328125
2.0 0.26172619047619045 0.57609375 0.08913690476190476 0.059375
2.0 0.5247619047619048 0.6005859375 0.14398809523809525 0.082265625
2.0 0.8520238095238094 0.6040625 0.19758928571428572 0.10078125
2.0 0.2887797619047619 0.549375 0.0894047619047619 0.0469140625
2.0 0.3812797619047619 0.64453125 0.2194047619047619 0.111015625
2.0 0.3786309523809524 0.588359375 0.18110119047619047 0.12625
2.0 0.21282738095238096 0.6331640625 0.12526785714285715 0.079921875
2.0 0.20922619047619045 0.602109375 0.11690476190476191 0.050859375
2.0 0.11413690476190477 0.611953125 0.09303571428571429 0.068828125
2.0 0.08419642857142857 0.5335546875 0.17479166666666665 0.1317578125
