2.0 0.7292559523809524 0.8342578125 0.19654761904761905 0.1858203125
2.0 0.15875 0.7279296875 0.29500000000000004 0.133828125
2.0 0.23866071428571428 0.5734375 0.08193452380952382 0.0578125
2.0 0.4888392857142857 0.59796875 0.13779761904761903 0.08078125
2.0 0.8075595238095238 0.6016015625 0.1919345238095238 0.098828125
2.0 0.31726190476190474 0.54875 0.09342261904761905 0.0483203125
2.0 0.3812797619047619 0.64453125 0.2194047619047619 0.111015625
2.0 0.3786309523809524 0.588359375 0.18110119047619047 0.12625
2.0 0.21282738095238096 0.6331640625 0.12526785714285715 0.079921875
2.0 0.20922619047619045 0.602109375 0.11690476190476191 0.050859375
2.0 0.11413690476190477 0.611953125 0.09303571428571429 0.068828125
2.0 0.08419642857142857 0.5335546875 0.17479166666666665 0.1317578125
