2.0 0.7292559523809524 0.8342578125 0.19654761904761905 0.1858203125
2.0 0.1888392857142857 0.7266796875 0.29401785714285716 0.1333203125
2.0 0.25092261904761903 0.57484375 0.08625000000000001 0.05875
2.0 0.5068154761904762 0.5992578125 0.14089285714285715 0.0815234375
2.0 0.8297916666666667 0.6028125 0.19476190476190475 0.0998046875
2.0 0.30303571428571424 0.5490625 0.09139880952380952 0.0476171875
2.0 0.3812797619047619 0.64453125 0.2194047619047619 0.111015625
2.0 0.3786309523809524 0.588359375 0.18110119047619047 0.12625
2.0 0.21282738095238096 0.6331640625 0.12526785714285715 0.079921875
2.0 0.20922619047619045 0.602109375 0.11690476190476191 0.050859375
2.0 0.11413690476190477 0.611953125 0.09303571428571429 0.068828125
2.0 0.08419642857142857 0.5335546875 0.17479166666666665 0.1317578125
