2.0 0.7292559523809524 0.8342578125 0.19654761904761905 0.1858203125
2.0 0.0874702380952381 0.72890625 0.20235119047619046 0.1357421875
2.0 0.4229761904761905 0.593125 0.12639880952380952 0.078125
2.0 0.7284821428571429 0.597734375 0.1818452380952381 0.0935546875
2.0 0.38372023809523814 0.55234375 0.10080357142857142 0.0508984375
2.0 0.3812797619047619 0.64453125 0.2194047619047619 0.111015625
2.0 0.3786309523809524 0.588359375 0.18110119047619047 0.12625
2.0 0.21282738095238096 0.6331640625 0.12526785714285715 0.079921875
2.0 0.20922619047619045 0.602109375 0.11690476190476191 0.050859375
2.0 0.11413690476190477 0.611953125 0.09303571428571429 0.068828125
2.0 0.08419642857142857 0.5335546875 0.17479166666666665 0.1317578125
