2.0 0.7292559523809524 0.8342578125 0.19654761904761905 0.1858203125
2.0 0.1193154761904762 0.72890625 0.26607142857142857 0.1357421875
2.0 0.4588988095238095 0.5957421875 0.13261904761904764 0.0795703125
2.0 0.7705654761904762 0.59953125 0.18720238095238095 0.0971484375
2.0 0.34577380952380954 0.54984375 0.09675595238095237 0.0494921875
2.0 0.3812797619047619 0.64453125 0.2194047619047619 0.111015625
2.0 0.3786309523809524 0.588359375 0.18110119047619047 0.12625
2.0 0.21282738095238096 0.6331640625 0.12526785714285715 0.079921875
2.0 0.20922619047619045 0.602109375 0.11690476190476191 0.050859375
2.0 0.11413690476190477 0.611953125 0.09303571428571429 0.068828125
2.0 0.08419642857142857 0.5335546875 0.17479166666666665 0.1317578125
