2.0 0.7292559523809524 0.8342578125 0.19654761904761905 0.1858203125
2.0 0.0980654761904762 0.72890625 0.22360119047619045 0.1357421875
2.0 0.43494047619047616 0.593984375 0.12848214285714285 0.07859375
2.0 0.7417261904761905 0.5980859375 0.18351190476190476 0.0953125
2.0 0.37110119047619045 0.5515234375 0.0994345238095238 0.0504296875
2.0 0.3812797619047619 0.64453125 0.2194047619047619 0.111015625
2.0 0.3786309523809524 0.588359375 0.18110119047619047 0.12625
2.0 0.21282738095238096 0.6331640625 0.12526785714285715 0.079921875
2.0 0.20922619047619045 0.602109375 0.11690476190476191 0.050859375
2.0 0.11413690476190477 0.611953125 0.09303571428571429 0.068828125
2.0 0.08419642857142857 0.5335546875 0.17479166666666665 0.1317578125
