2.0 0.7292559523809524 0.8342578125 0.19654761904761905 0.1858203125
2.0 0.055327380952380954 0.7297265625 0.13806547619047618 0.1373828125
2.0 0.38705357142857144 0.5905859375 0.12017857142857144 0.076640625
2.0 0.6888095238095238 0.5965625 0.1768452380952381 0.088359375
2.0 0.9181845238095238 0.6283203125 0.1693452380952381 0.082265625
2.0 0.4216964285714286 0.55484375 0.10482142857142857 0.0523046875
2.0 0.3812797619047619 0.64453125 0.2194047619047619 0.111015625
2.0 0.3786309523809524 0.588359375 0.18110119047619047 0.12625
2.0 0.21282738095238096 0.6331640625 0.12526785714285715 0.079921875
2.0 0.20922619047619045 0.602109375 0.11690476190476191 0.050859375
2.0 0.11413690476190477 0.611953125 0.09303571428571429 0.068828125
2.0 0.08419642857142857 0.5335546875 0.17479166666666665 0.1317578125
