2.0 0.7292559523809524 0.8342578125 0.19654761904761905 0.1858203125
2.0 0.3630952380952381 0.588828125 0.11604166666666667 0.0756640625
2.0 0.662827380952381 0.5955078125 0.17324404761904763 0.0855078125
2.0 0.8902380952380953 0.626015625 0.1787202380952381 0.081796875
2.0 0.4470238095238095 0.5565234375 0.1075 0.0532421875
2.0 0.3812797619047619 0.64453125 0.2194047619047619 0.111015625
2.0 0.3786309523809524 0.588359375 0.18110119047619047 0.12625
2.0 0.21282738095238096 0.6331640625 0.12526785714285715 0.079921875
2.0 0.20922619047619045 0.602109375 0.11690476190476191 0.050859375
2.0 0.11413690476190477 0.611953125 0.09303571428571429 0.068828125
2.0 0.08419642857142857 0.5335546875 0.17479166666666665 0.1317578125
