2.0 0.7292559523809524 0.8342578125 0.19654761904761905 0.1858203125
2.0 0.06068452380952381 0.729609375 0.14877976190476191 0.137109375
2.0 0.39306547619047616 0.5909765625 0.12122023809523809 0.076875
2.0 0.6954166666666667 0.5967578125 0.17767857142857144 0.08921875
2.0 0.9225595238095239 0.62921875 0.1619345238095238 0.082421875
2.0 0.41538690476190476 0.5544140625 0.10413690476190476 0.0520703125
2.0 0.3812797619047619 0.64453125 0.2194047619047619 0.111015625
2.0 0.3786309523809524 0.588359375 0.18110119047619047 0.12625
2.0 0.21282738095238096 0.6331640625 0.12526785714285715 0.079921875
2.0 0.20922619047619045 0.602109375 0.11690476190476191 0.050859375
2.0 0.11413690476190477 0.611953125 0.09303571428571429 0.068828125
2.0 0.08419642857142857 0.5335546875 0.17479166666666665 0.1317578125
