2.0 0.7292559523809524 0.8342578125 0.19654761904761905 0.1858203125
2.0 0.32122023809523814 0.5857421875 0.10880952380952381 0.0739453125
2.0 0.6195833333333334 0.592421875 0.16544642857142858 0.0837890625
2.0 0.8297916666666667 0.622109375 0.17041666666666666 0.0809375
2.0 0.4913392857142857 0.5594140625 0.11217261904761903 0.054921875
2.0 0.3812797619047619 0.64453125 0.2194047619047619 0.111015625
2.0 0.3786309523809524 0.588359375 0.18110119047619047 0.12625
2.0 0.21282738095238096 0.6331640625 0.12526785714285715 0.079921875
2.0 0.20922619047619045 0.602109375 0.11690476190476191 0.050859375
2.0 0.11413690476190477 0.611953125 0.09303571428571429 0.068828125
2.0 0.08419642857142857 0.5335546875 0.17479166666666665 0.1317578125
