2.0 0.7292559523809524 0.8342578125 0.19654761904761905 0.1858203125
2.0 0.32720238095238097 0.586171875 0.10985119047619046 0.07421875
2.0 0.6257440476190477 0.592890625 0.16657738095238095 0.0840625
2.0 0.8378571428571429 0.6226171875 0.17104166666666668 0.081171875
2.0 0.4850297619047619 0.5590234375 0.11151785714285714 0.0546875
2.0 0.3812797619047619 0.64453125 0.2194047619047619 0.111015625
2.0 0.3786309523809524 0.588359375 0.18110119047619047 0.12625
2.0 0.21282738095238096 0.6331640625 0.12526785714285715 0.079921875
2.0 0.20922619047619045 0.602109375 0.11690476190476191 0.050859375
2.0 0.11413690476190477 0.611953125 0.09303571428571429 0.068828125
2.0 0.08419642857142857 0.5335546875 0.17479166666666665 0.1317578125
