2.0 0.7292559523809524 0.8342578125 0.19654761904761905 0.1858203125
2.0 0.3331845238095238 0.586640625 0.11086309523809523 0.074453125
2.0 0.6319345238095239 0.5933203125 0.16767857142857143 0.084296875
2.0 0.8458928571428572 0.623203125 0.17166666666666666 0.0813671875
2.0 0.4786904761904762 0.55859375 0.11083333333333334 0.054453125
2.0 0.3812797619047619 0.64453125 0.2194047619047619 0.111015625
2.0 0.3786309523809524 0.588359375 0.18110119047619047 0.12625
2.0 0.21282738095238096 0.6331640625 0.12526785714285715 0.079921875
2.0 0.20922619047619045 0.602109375 0.11690476190476191 0.050859375
2.0 0.11413690476190477 0.611953125 0.09303571428571429 0.068828125
2.0 0.08419642857142857 0.5335546875 0.17479166666666665 0.1317578125
