2.0 0.7292559523809524 0.8342578125 0.19654761904761905 0.1858203125
2.0 0.2645238095238095 0.5796875 0.09738095238095237 0.0698046875
2.0 0.560625 0.5872265625 0.16101190476190477 0.081328125
2.0 0.7491666666666666 0.61671875 0.16416666666666666 0.0787890625
2.0 0.904970238095238 0.6179296875 0.16410714285714287 0.078984375
2.0 0.5567559523809523 0.5590625 0.12104166666666667 0.0534765625
2.0 0.3812797619047619 0.64453125 0.2194047619047619 0.111015625
2.0 0.3786309523809524 0.588359375 0.18110119047619047 0.12625
2.0 0.21282738095238096 0.6331640625 0.12526785714285715 0.079921875
2.0 0.20922619047619045 0.602109375 0.11690476190476191 0.050859375
2.0 0.11413690476190477 0.611953125 0.09303571428571429 0.068828125
2.0 0.08419642857142857 0.5335546875 0.17479166666666665 0.1317578125
