2.0 0.7292559523809524 0.8342578125 0.19654761904761905 0.1858203125
2.0 0.2559821428571429 0.573203125 0.09113095238095238 0.06390625
2.0 0.5434821428571429 0.585546875 0.16101190476190477 0.0805859375
2.0 0.725 0.6150390625 0.16229166666666667 0.078125
2.0 0.8829761904761905 0.61625 0.15800595238095239 0.078984375
2.0 0.5784523809523809 0.56 0.12193452380952381 0.0533203125
2.0 0.3812797619047619 0.64453125 0.2194047619047619 0.111015625
2.0 0.3786309523809524 0.588359375 0.18110119047619047 0.12625
2.0 0.21282738095238096 0.6331640625 0.12526785714285715 0.079921875
2.0 0.20922619047619045 0.602109375 0.11690476190476191 0.050859375
2.0 0.11413690476190477 0.611953125 0.09303571428571429 0.068828125
2.0 0.08419642857142857 0.5335546875 0.17479166666666665 0.1317578125
