2.0 0.7292559523809524 0.8342578125 0.19654761904761905 0.1858203125
2.0 0.20818452380952382 0.5676953125 0.07863095238095238 0.0578515625
2.0 0.4895833333333333 0.58234375 0.15151785714285712 0.07921875
2.0 0.6446726190476191 0.6113671875 0.1555654761904762 0.076796875
2.0 0.8073214285714285 0.6121875 0.15068452380952382 0.0759765625
2.0 0.6563392857142857 0.5634375 0.12898809523809524 0.055625
2.0 0.3812797619047619 0.64453125 0.2194047619047619 0.111015625
2.0 0.3786309523809524 0.588359375 0.18110119047619047 0.12625
2.0 0.21282738095238096 0.6331640625 0.12526785714285715 0.079921875
2.0 0.20922619047619045 0.602109375 0.11690476190476191 0.050859375
2.0 0.11413690476190477 0.611953125 0.09303571428571429 0.068828125
2.0 0.08419642857142857 0.5335546875 0.17479166666666665 0.1317578125
