2.0 0.7292559523809524 0.8342578125 0.19654761904761905 0.1858203125
2.0 0.22163690476190476 0.5718359375 0.08800595238095238 0.062421875
2.0 0.5042857142857142 0.5832421875 0.15410714285714286 0.0795703125
2.0 0.6649107142857142 0.612109375 0.1582738095238095 0.0775
2.0 0.8277976190476191 0.613203125 0.15226190476190476 0.076875
2.0 0.635625 0.5626171875 0.1263392857142857 0.054765625
2.0 0.3812797619047619 0.64453125 0.2194047619047619 0.111015625
2.0 0.3786309523809524 0.588359375 0.18110119047619047 0.12625
2.0 0.21282738095238096 0.6331640625 0.12526785714285715 0.079921875
2.0 0.20922619047619045 0.602109375 0.11690476190476191 0.050859375
2.0 0.11413690476190477 0.611953125 0.09303571428571429 0.068828125
2.0 0.08419642857142857 0.5335546875 0.17479166666666665 0.1317578125
