2.0 0.7292559523809524 0.8342578125 0.19654761904761905 0.1858203125
2.0 0.22610119047619048 0.573203125 0.09113095238095238 0.06390625
2.0 0.5091964285714285 0.583515625 0.1549702380952381 0.0797265625
2.0 0.6716666666666666 0.6123046875 0.15916666666666665 0.0776953125
2.0 0.8346428571428571 0.61359375 0.15279761904761907 0.0771875
2.0 0.6287499999999999 0.5624609375 0.12544642857142857 0.054453125
2.0 0.3812797619047619 0.64453125 0.2194047619047619 0.111015625
2.0 0.3786309523809524 0.588359375 0.18110119047619047 0.12625
2.0 0.21282738095238096 0.6331640625 0.12526785714285715 0.079921875
2.0 0.20922619047619045 0.602109375 0.11690476190476191 0.050859375
2.0 0.11413690476190477 0.611953125 0.09303571428571429 0.068828125
2.0 0.08419642857142857 0.5335546875 0.17479166666666665 0.1317578125
