2.0 0.7292559523809524 0.8342578125 0.19654761904761905 0.1858203125
2.0 0.23038690476190476 0.573203125 0.09113095238095238 0.06390625
2.0 0.5141071428571429 0.58375 0.15583333333333332 0.07984375
2.0 0.6791071428571429 0.6126171875 0.15955357142857143 0.0776953125
2.0 0.8414880952380953 0.6139453125 0.15330357142857143 0.0775
2.0 0.6218154761904762 0.5621484375 0.12455357142857143 0.0541796875
2.0 0.3812797619047619 0.64453125 0.2194047619047619 0.111015625
2.0 0.3786309523809524 0.588359375 0.18110119047619047 0.12625
2.0 0.21282738095238096 0.6331640625 0.12526785714285715 0.079921875
2.0 0.20922619047619045 0.602109375 0.11690476190476191 0.050859375
2.0 0.11413690476190477 0.611953125 0.09303571428571429 0.068828125
2.0 0.08419642857142857 0.5335546875 0.17479166666666665 0.1317578125
