2.0 0.7292559523809524 0.8342578125 0.19654761904761905 0.1858203125
2.0 0.47491071428571424 0.581484375 0.14895833333333333 0.078828125
2.0 0.6244047619047619 0.6106640625 0.15288690476190475 0.0761328125
2.0 0.786875 0.61109375 0.14907738095238096 0.075078125
2.0 0.6761904761904761 0.5640234375 0.13035714285714284 0.0565625
2.0 0.3812797619047619 0.64453125 0.2194047619047619 0.111015625
2.0 0.3786309523809524 0.588359375 0.18110119047619047 0.12625
2.0 0.21282738095238096 0.6331640625 0.12526785714285715 0.079921875
2.0 0.20922619047619045 0.602109375 0.11690476190476191 0.050859375
2.0 0.11413690476190477 0.611953125 0.09303571428571429 0.068828125
2.0 0.08419642857142857 0.5335546875 0.17479166666666665 0.1317578125
