2.0 0.7292559523809524 0.8342578125 0.19654761904761905 0.1858203125
2.0 0.4357440476190476 0.579140625 0.14205357142857142 0.0778125
2.0 0.5704166666666667 0.60875 0.14568452380952382 0.074375
2.0 0.7322619047619048 0.60828125 0.1448511904761905 0.0726953125
2.0 0.7278869047619048 0.565703125 0.13238095238095238 0.05921875
2.0 0.3812797619047619 0.64453125 0.2194047619047619 0.111015625
2.0 0.3786309523809524 0.588359375 0.18110119047619047 0.12625
2.0 0.21282738095238096 0.6331640625 0.12526785714285715 0.079921875
2.0 0.20922619047619045 0.602109375 0.11690476190476191 0.050859375
2.0 0.11413690476190477 0.611953125 0.09303571428571429 0.068828125
2.0 0.08419642857142857 0.5335546875 0.17479166666666665 0.1317578125
