2.0 0.7292559523809524 0.8342578125 0.19654761904761905 0.1858203125
2.0 0.39166666666666666 0.5765625 0.13428571428571429 0.0766796875
2.0 0.5122321428571429 0.6055078125 0.1375595238095238 0.0720703125
2.0 0.6707738095238095 0.60515625 0.14011904761904762 0.0699609375
2.0 0.7852083333333333 0.5671875 0.13529761904761906 0.0627734375
2.0 0.3812797619047619 0.64453125 0.2194047619047619 0.111015625
2.0 0.3786309523809524 0.588359375 0.18110119047619047 0.12625
2.0 0.21282738095238096 0.6331640625 0.12526785714285715 0.079921875
2.0 0.20922619047619045 0.602109375 0.11690476190476191 0.050859375
2.0 0.11413690476190477 0.611953125 0.09303571428571429 0.068828125
2.0 0.08419642857142857 0.5335546875 0.17479166666666665 0.1317578125
