2.0 0.7292559523809524 0.8342578125 0.19654761904761905 0.1858203125
2.0 0.3721130952380952 0.5754296875 0.13083333333333333 0.076171875
2.0 0.48773809523809525 0.6034375 0.13395833333333332 0.0709375
2.0 0.6452678571428572 0.60375 0.13800595238095237 0.0687890625
2.0 0.8079166666666666 0.5666015625 0.13892857142857143 0.066328125
2.0 0.3812797619047619 0.64453125 0.2194047619047619 0.111015625
2.0 0.3786309523809524 0.588359375 0.18110119047619047 0.12625
2.0 0.21282738095238096 0.6331640625 0.12526785714285715 0.079921875
2.0 0.20922619047619045 0.602109375 0.11690476190476191 0.050859375
2.0 0.11413690476190477 0.611953125 0.09303571428571429 0.068828125
2.0 0.08419642857142857 0.5335546875 0.17479166666666665 0.1317578125
