2.0 0.7292559523809524 0.8342578125 0.19654761904761905 0.1858203125
2.0 0.37702380952380954 0.575703125 0.13169642857142858 0.076328125
2.0 0.49383928571428576 0.603984375 0.13485119047619049 0.0712109375
2.0 0.6512202380952381 0.6040625 0.13851190476190475 0.0690625
2.0 0.8022321428571428 0.5667578125 0.1380357142857143 0.0654296875
2.0 0.3812797619047619 0.64453125 0.2194047619047619 0.111015625
2.0 0.3786309523809524 0.588359375 0.18110119047619047 0.12625
2.0 0.21282738095238096 0.6331640625 0.12526785714285715 0.079921875
2.0 0.20922619047619045 0.602109375 0.11690476190476191 0.050859375
2.0 0.11413690476190477 0.611953125 0.09303571428571429 0.068828125
2.0 0.08419642857142857 0.5335546875 0.17479166666666665 0.1317578125
