2.0 0.7292559523809524 0.8342578125 0.19654761904761905 0.1858203125
2.0 0.308452380952381 0.571640625 0.11961309523809523 0.0745703125
2.0 0.40815476190476185 0.596796875 0.12223214285714286 0.0671484375
2.0 0.5682440476190477 0.599140625 0.13113095238095238 0.06484375
2.0 0.8573214285714286 0.6226953125 0.19428571428571428 0.0932421875
2.0 0.8757738095238095 0.5712890625 0.13580357142857144 0.063046875
2.0 0.3812797619047619 0.64453125 0.2194047619047619 0.111015625
2.0 0.3786309523809524 0.588359375 0.18110119047619047 0.12625
2.0 0.21282738095238096 0.6331640625 0.12526785714285715 0.079921875
2.0 0.20922619047619045 0.602109375 0.11690476190476191 0.050859375
2.0 0.11413690476190477 0.611953125 0.09303571428571429 0.068828125
2.0 0.08419642857142857 0.5335546875 0.17479166666666665 0.1317578125
