2.0 0.7292559523809524 0.8342578125 0.19654761904761905 0.1858203125
2.0 0.3182440476190476 0.5722265625 0.12133928571428572 0.0748046875
2.0 0.42038690476190477 0.5978515625 0.12404761904761905 0.067734375
2.0 0.5800892857142858 0.59984375 0.13217261904761904 0.06546875
2.0 0.8742261904761905 0.62328125 0.1969345238095238 0.09453125
2.0 0.8666666666666666 0.569921875 0.1370535714285714 0.064375
2.0 0.3812797619047619 0.64453125 0.2194047619047619 0.111015625
2.0 0.3786309523809524 0.588359375 0.18110119047619047 0.12625
2.0 0.21282738095238096 0.6331640625 0.12526785714285715 0.079921875
2.0 0.20922619047619045 0.602109375 0.11690476190476191 0.050859375
2.0 0.11413690476190477 0.611953125 0.09303571428571429 0.068828125
2.0 0.08419642857142857 0.5335546875 0.17479166666666665 0.1317578125
