2.0 0.7292559523809524 0.8342578125 0.19654761904761905 0.1858203125
2.0 0.29375 0.5707421875 0.11702380952380953 0.0741796875
2.0 0.3897619047619048 0.595234375 0.11952380952380952 0.0662890625
2.0 0.5526190476190477 0.598203125 0.12928571428571428 0.0640625
2.0 0.8319642857142858 0.6217578125 0.19032738095238097 0.091328125
2.0 0.8900892857142857 0.5725390625 0.13544642857142858 0.062421875
2.0 0.3812797619047619 0.64453125 0.2194047619047619 0.111015625
2.0 0.3786309523809524 0.588359375 0.18110119047619047 0.12625
2.0 0.21282738095238096 0.6331640625 0.12526785714285715 0.079921875
2.0 0.20922619047619045 0.602109375 0.11690476190476191 0.050859375
2.0 0.11413690476190477 0.611953125 0.09303571428571429 0.068828125
2.0 0.08419642857142857 0.5335546875 0.17479166666666665 0.1317578125
