2.0 0.7292559523809524 0.8342578125 0.19654761904761905 0.1858203125
2.0 0.30354166666666665 0.5713671875 0.11875 0.0744140625
2.0 0.4019940476190476 0.59625 0.12133928571428572 0.066875
2.0 0.5630357142857143 0.598828125 0.1305059523809524 0.064609375
2.0 0.8488690476190477 0.62234375 0.1929761904761905 0.0926171875
2.0 0.8803571428571428 0.5719140625 0.13517857142857143 0.0623828125
2.0 0.3812797619047619 0.64453125 0.2194047619047619 0.111015625
2.0 0.3786309523809524 0.588359375 0.18110119047619047 0.12625
2.0 0.21282738095238096 0.6331640625 0.12526785714285715 0.079921875
2.0 0.20922619047619045 0.602109375 0.11690476190476191 0.050859375
2.0 0.11413690476190477 0.611953125 0.09303571428571429 0.068828125
2.0 0.08419642857142857 0.5335546875 0.17479166666666665 0.1317578125
