2.0 0.7292559523809524 0.8342578125 0.19654761904761905 0.1858203125
2.0 0.24627976190476192 0.5662109375 0.11014880952380952 0.0696875
2.0 0.32857142857142857 0.590078125 0.11053571428571429 0.0633984375
2.0 0.5004166666666666 0.595234375 0.12407738095238094 0.062734375
2.0 0.7474404761904762 0.618828125 0.17714285714285716 0.0848828125
2.0 0.9394940476190476 0.57296875 0.1375297619047619 0.0686328125
2.0 0.3812797619047619 0.64453125 0.2194047619047619 0.111015625
2.0 0.3786309523809524 0.588359375 0.18110119047619047 0.12625
2.0 0.21282738095238096 0.6331640625 0.12526785714285715 0.079921875
2.0 0.20922619047619045 0.602109375 0.11690476190476191 0.050859375
2.0 0.11413690476190477 0.611953125 0.09303571428571429 0.068828125
2.0 0.08419642857142857 0.5335546875 0.17479166666666665 0.1317578125
