2.0 0.7292559523809524 0.8342578125 0.19654761904761905 0.1858203125
2.0 0.25458333333333333 0.5684375 0.11014880952380952 0.0731640625
2.0 0.34080357142857143 0.5911328125 0.11232142857142857 0.063984375
2.0 0.5108630952380953 0.5957421875 0.12494047619047619 0.062734375
2.0 0.7643154761904762 0.6194140625 0.17979166666666666 0.086171875
2.0 0.9313988095238095 0.572578125 0.1424404761904762 0.0679296875
2.0 0.3812797619047619 0.64453125 0.2194047619047619 0.111015625
2.0 0.3786309523809524 0.588359375 0.18110119047619047 0.12625
2.0 0.21282738095238096 0.6331640625 0.12526785714285715 0.079921875
2.0 0.20922619047619045 0.602109375 0.11690476190476191 0.050859375
2.0 0.11413690476190477 0.611953125 0.09303571428571429 0.068828125
2.0 0.08419642857142857 0.5335546875 0.17479166666666665 0.1317578125
