2.0 0.7292559523809524 0.8342578125 0.19654761904761905 0.1858203125
2.0 0.28886904761904764 0.5705078125 0.11616071428571428 0.0740625
2.0 0.3836607142857143 0.5947265625 0.11863095238095238 0.066015625
2.0 0.5473511904761905 0.597890625 0.1286904761904762 0.0637890625
2.0 0.8235119047619047 0.6214453125 0.18901785714285713 0.0906640625
2.0 0.8952976190476191 0.572578125 0.1363095238095238 0.063125
2.0 0.3812797619047619 0.64453125 0.2194047619047619 0.111015625
2.0 0.3786309523809524 0.588359375 0.18110119047619047 0.12625
2.0 0.21282738095238096 0.6331640625 0.12526785714285715 0.079921875
2.0 0.20922619047619045 0.602109375 0.11690476190476191 0.050859375
2.0 0.11413690476190477 0.611953125 0.09303571428571429 0.068828125
2.0 0.08419642857142857 0.5335546875 0.17479166666666665 0.1317578125
