2.0 0.7292559523809524 0.8342578125 0.19654761904761905 0.1858203125
2.0 0.2839583333333333 0.5701953125 0.11529761904761905 0.07390625
2.0 0.3775 0.59421875 0.11773809523809524 0.065703125
2.0 0.5421428571428571 0.5976171875 0.1280654761904762 0.063515625
2.0 0.8150892857142857 0.621171875 0.18770833333333334 0.0900390625
2.0 0.9004464285714286 0.5725390625 0.13717261904761907 0.063828125
2.0 0.3812797619047619 0.64453125 0.2194047619047619 0.111015625
2.0 0.3786309523809524 0.588359375 0.18110119047619047 0.12625
2.0 0.21282738095238096 0.6331640625 0.12526785714285715 0.079921875
2.0 0.20922619047619045 0.602109375 0.11690476190476191 0.050859375
2.0 0.11413690476190477 0.611953125 0.09303571428571429 0.068828125
2.0 0.08419642857142857 0.5335546875 0.17479166666666665 0.1317578125
