2.0 0.7292559523809524 0.8342578125 0.19654761904761905 0.1858203125
2.0 0.26437499999999997 0.5690625 0.11187500000000002 0.0734375
2.0 0.3530357142857143 0.5921875 0.11413690476190477 0.0645703125
2.0 0.52125 0.5963671875 0.12580357142857143 0.062734375
2.0 0.78125 0.62 0.18244047619047618 0.0874609375
2.0 0.9211011904761905 0.5725390625 0.14068452380952381 0.0665625
2.0 0.3812797619047619 0.64453125 0.2194047619047619 0.111015625
2.0 0.3786309523809524 0.588359375 0.18110119047619047 0.12625
2.0 0.21282738095238096 0.6331640625 0.12526785714285715 0.079921875
2.0 0.20922619047619045 0.602109375 0.11690476190476191 0.050859375
2.0 0.11413690476190477 0.611953125 0.09303571428571429 0.068828125
2.0 0.08419642857142857 0.5335546875 0.17479166666666665 0.1317578125
