2.0 0.7292559523809524 0.8342578125 0.19654761904761905 0.1858203125
2.0 0.27416666666666667 0.5695703125 0.11357142857142856 0.073671875
2.0 0.36529761904761904 0.593203125 0.11592261904761905 0.06515625
2.0 0.5316964285714286 0.596953125 0.1268452380952381 0.06296875
2.0 0.7981845238095238 0.6205859375 0.1850595238095238 0.08875
2.0 0.9107440476190476 0.5725390625 0.13892857142857143 0.0651953125
2.0 0.3812797619047619 0.64453125 0.2194047619047619 0.111015625
2.0 0.3786309523809524 0.588359375 0.18110119047619047 0.12625
2.0 0.21282738095238096 0.6331640625 0.12526785714285715 0.079921875
2.0 0.20922619047619045 0.602109375 0.11690476190476191 0.050859375
2.0 0.11413690476190477 0.611953125 0.09303571428571429 0.068828125
2.0 0.08419642857142857 0.5335546875 0.17479166666666665 0.1317578125
