2.0 0.7292559523809524 0.8342578125 0.19654761904761905 0.1858203125
2.0 0.27907738095238094 0.5698828125 0.11443452380952382 0.0737890625
2.0 0.37139880952380955 0.5937109375 0.11684523809523809 0.0654296875
2.0 0.5369345238095238 0.597265625 0.12747023809523808 0.0632421875
2.0 0.8066071428571429 0.620859375 0.1863690476190476 0.089375
2.0 0.9055654761904761 0.572578125 0.13806547619047618 0.0644921875
2.0 0.3812797619047619 0.64453125 0.2194047619047619 0.111015625
2.0 0.3786309523809524 0.588359375 0.18110119047619047 0.12625
2.0 0.21282738095238096 0.6331640625 0.12526785714285715 0.079921875
2.0 0.20922619047619045 0.602109375 0.11690476190476191 0.050859375
2.0 0.11413690476190477 0.611953125 0.09303571428571429 0.068828125
2.0 0.08419642857142857 0.5335546875 0.17479166666666665 0.1317578125
