2.0 0.7292559523809524 0.8342578125 0.19654761904761905 0.1858203125
2.0 0.22970238095238096 0.561796875 0.11014880952380952 0.0627734375
2.0 0.30407738095238096 0.5880078125 0.1069047619047619 0.062265625
2.0 0.4800297619047619 0.5936328125 0.12125000000000001 0.062265625
2.0 0.7136309523809524 0.61765625 0.171875 0.0823046875
2.0 0.9509821428571428 0.5745703125 0.11443452380952382 0.0686328125
2.0 0.3812797619047619 0.64453125 0.2194047619047619 0.111015625
2.0 0.3786309523809524 0.588359375 0.18110119047619047 0.12625
2.0 0.21282738095238096 0.6331640625 0.12526785714285715 0.079921875
2.0 0.20922619047619045 0.602109375 0.11690476190476191 0.050859375
2.0 0.11413690476190477 0.611953125 0.09303571428571429 0.068828125
2.0 0.08419642857142857 0.5335546875 0.17479166666666665 0.1317578125
