2.0 0.7292559523809524 0.8342578125 0.19654761904761905 0.1858203125
2.0 0.224375 0.5605078125 0.10398809523809523 0.0619140625
2.0 0.2918452380952381 0.58703125 0.10511904761904763 0.0616796875
2.0 0.46991071428571424 0.5926953125 0.11967261904761906 0.0619921875
2.0 0.6979166666666666 0.6168359375 0.16999999999999998 0.081484375
2.0 0.9567857142857144 0.5754296875 0.10288690476190476 0.0686328125
2.0 0.3812797619047619 0.64453125 0.2194047619047619 0.111015625
2.0 0.3786309523809524 0.588359375 0.18110119047619047 0.12625
2.0 0.21282738095238096 0.6331640625 0.12526785714285715 0.079921875
2.0 0.20922619047619045 0.602109375 0.11690476190476191 0.050859375
2.0 0.11413690476190477 0.611953125 0.09303571428571429 0.068828125
2.0 0.08419642857142857 0.5335546875 0.17479166666666665 0.1317578125
