2.0 0.7292559523809524 0.8342578125 0.19654761904761905 0.1858203125
2.0 0.22705357142857144 0.5611328125 0.10708333333333332 0.06234375
2.0 0.2979761904761905 0.5875390625 0.10601190476190475 0.061953125
2.0 0.47494047619047625 0.593125 0.12047619047619047 0.062109375
2.0 0.7051488095238095 0.61734375 0.17056547619047618 0.0816796875
2.0 0.9538690476190477 0.5750390625 0.10866071428571428 0.0686328125
2.0 0.3812797619047619 0.64453125 0.2194047619047619 0.111015625
2.0 0.3786309523809524 0.588359375 0.18110119047619047 0.12625
2.0 0.21282738095238096 0.6331640625 0.12526785714285715 0.079921875
2.0 0.20922619047619045 0.602109375 0.11690476190476191 0.050859375
2.0 0.11413690476190477 0.611953125 0.09303571428571429 0.068828125
2.0 0.08419642857142857 0.5335546875 0.17479166666666665 0.1317578125
