0.0 0.6280654761904761 0.485625 0.10571428571428572 0.29734375
0.0 0.39502976190476186 0.6716015625 0.1106845238095238 0.329375
0.0 0.6973511904761904 0.48546875 0.07744047619047618 0.3058984375
0.0 0.46214285714285713 0.57375 0.080625 0.2846875
0.0 0.4957142857142857 0.6405078125 0.08636904761904762 0.3325390625
0.0 0.40363095238095237 0.9371484375 0.14202380952380952 0.1373046875
0.0 0.13892857142857143 0.9060546875 0.11630952380952381 0.2116015625
0.0 0.6425297619047619 0.8093359375 0.1305059523809524 0.340078125
0.0 0.1575297619047619 0.344296875 0.08235119047619048 0.15125
0.0 0.506279761904762 0.79671875 0.11708333333333334 0.38796875
