0.0 0.6027380952380953 0.4849609375 0.10571428571428572 0.2998046875
0.0 0.37687499999999996 0.6769140625 0.11752976190476191 0.333359375
0.0 0.672797619047619 0.467890625 0.07744047619047618 0.308828125
0.0 0.4467857142857143 0.566796875 0.080625 0.2846875
0.0 0.4736607142857143 0.648046875 0.08636904761904762 0.3325390625
0.0 0.39976190476190476 0.92265625 0.14202380952380952 0.16625
0.0 0.09651785714285714 0.9158984375 0.1100595238095238 0.2116015625
0.0 0.6363392857142858 0.7929296875 0.1324404761904762 0.340078125
0.0 0.1337797619047619 0.330625 0.08104166666666666 0.1515625
0.0 0.4976488095238095 0.8017578125 0.11898809523809523 0.3829296875
