0.0 0.5506249999999999 0.4497265625 0.11464285714285716 0.2998046875
0.0 0.33014880952380954 0.6398828125 0.11901785714285715 0.333359375
0.0 0.6307440476190477 0.4458984375 0.07744047619047618 0.308828125
0.0 0.4132142857142857 0.5425 0.080625 0.2846875
0.0 0.42952380952380953 0.605234375 0.08636904761904762 0.3325390625
0.0 0.3796130952380952 0.8987109375 0.14586309523809524 0.2191796875
0.0 0.058095238095238096 0.9 0.1094047619047619 0.214140625
0.0 0.5983928571428572 0.76234375 0.12092261904761906 0.3533203125
0.0 0.9621428571428571 0.7765625 0.09598214285714286 0.1914453125
0.0 0.09449404761904762 0.3095703125 0.07839285714285714 0.152265625
0.0 0.4679761904761905 0.76 0.11791666666666666 0.394453125
