0.0 0.5494940476190476 0.3670703125 0.09752976190476191 0.2892578125
0.0 0.3531547619047619 0.5560546875 0.1124702380952381 0.3322265625
0.0 0.6501488095238095 0.363125 0.09175595238095238 0.31015625
0.0 0.4218452380952381 0.4490625 0.080625 0.2846875
0.0 0.4563988095238095 0.5276171875 0.08636904761904762 0.3325390625
0.0 0.430922619047619 0.83765625 0.13148809523809524 0.34765625
0.0 0.03985119047619048 0.83828125 0.08636904761904762 0.2091015625
0.0 0.6550297619047619 0.6392578125 0.11517857142857144 0.3652734375
0.0 0.9813690476190476 0.6883984375 0.09598214285714286 0.1914453125
0.0 0.11946428571428572 0.2264453125 0.08342261904761905 0.1587109375
0.0 0.5977678571428571 0.8999609375 0.14395833333333333 0.169609375
0.0 0.5120833333333333 0.6455859375 0.1094047619047619 0.4131640625
