0.0 0.5314583333333334 0.3096484375 0.08827380952380952 0.298515625
0.0 0.336577380952381 0.500625 0.10958333333333334 0.3331640625
0.0 0.6236904761904762 0.314765625 0.10610119047619047 0.3071875
0.0 0.4151190476190476 0.399921875 0.080625 0.2846875
0.0 0.44008928571428574 0.4755078125 0.08636904761904762 0.3325390625
0.0 0.42952380952380953 0.786640625 0.11708333333333334 0.3930078125
0.0 0.6341964285714285 0.584453125 0.10508928571428572 0.3728515625
0.0 0.9611607142857143 0.6487109375 0.09598214285714286 0.1914453125
0.0 0.27306547619047616 0.8991015625 0.15041666666666667 0.2090234375
0.0 0.0967857142857143 0.178515625 0.08282738095238094 0.1540625
0.0 0.5867559523809524 0.8583984375 0.1468452380952381 0.189765625
0.0 0.49363095238095245 0.576015625 0.1094047619047619 0.388984375
0.0 0.05071428571428571 0.9103125 0.10779761904761904 0.1993359375
