0.0 0.5558035714285714 0.38328125 0.10125 0.291953125
0.0 0.3587202380952381 0.5744921875 0.11342261904761905 0.3319140625
0.0 0.6470535714285715 0.37796875 0.0900297619047619 0.3108203125
0.0 0.4213392857142857 0.4660546875 0.080625 0.2846875
0.0 0.45252976190476196 0.5432421875 0.08636904761904762 0.3325390625
0.0 0.43145833333333333 0.854609375 0.1362797619047619 0.3325390625
0.0 0.04056547619047619 0.8459765625 0.08830357142857144 0.21015625
0.0 0.6475892857142858 0.6622265625 0.1156547619047619 0.3747265625
0.0 0.9794047619047619 0.706015625 0.09598214285714286 0.1914453125
0.0 0.11345238095238094 0.2373828125 0.0844047619047619 0.157421875
0.0 0.6014583333333333 0.913828125 0.14300595238095237 0.162890625
0.0 0.5126785714285714 0.666953125 0.1106845238095238 0.411484375
