0.0 0.5464880952380953 0.40234375 0.11092261904761906 0.2948828125
0.0 0.3447023809523809 0.5932421875 0.11455357142857144 0.33265625
0.0 0.6408630952380953 0.4076171875 0.08660714285714285 0.312109375
0.0 0.41547619047619044 0.49109375 0.080625 0.2846875
0.0 0.4448511904761905 0.5744921875 0.08636904761904762 0.3325390625
0.0 0.4083928571428571 0.8616796875 0.13779761904761903 0.308359375
0.0 0.0419047619047619 0.861484375 0.09214285714285715 0.21234375
0.0 0.6327083333333333 0.696875 0.11660714285714285 0.3709375
0.0 0.9717261904761905 0.7320703125 0.09598214285714286 0.1914453125
0.0 0.10148809523809524 0.259296875 0.08636904761904762 0.15484375
0.0 0.5986309523809523 0.931484375 0.1381845238095238 0.1486328125
0.0 0.4995833333333334 0.6984765625 0.1132440476190476 0.408125
