0.0 0.5275297619047619 0.3005078125 0.08791666666666667 0.291328125
0.0 0.33157738095238093 0.486953125 0.10991071428571428 0.3310546875
0.0 0.6123511904761905 0.2997265625 0.11035714285714285 0.307578125
0.0 0.4074404761904762 0.384765625 0.080625 0.2846875
0.0 0.43002976190476194 0.457265625 0.08636904761904762 0.3325390625
0.0 0.4295833333333333 0.7694921875 0.12053571428571429 0.386953125
0.0 0.6272321428571429 0.5662109375 0.10172619047619047 0.3753515625
0.0 0.9544642857142857 0.63546875 0.09598214285714286 0.1914453125
0.0 0.2660416666666667 0.8894140625 0.15336309523809524 0.22828125
0.0 0.08922619047619047 0.162578125 0.08264880952380953 0.1525390625
0.0 0.5830654761904762 0.8445703125 0.14779761904761904 0.196484375
0.0 0.4874404761904762 0.5528515625 0.1094047619047619 0.3808984375
0.0 0.04946428571428572 0.9023046875 0.10535714285714286 0.2090234375
