0.0 0.5148809523809523 0.1409375 0.0886904761904762 0.282421875
0.0 0.3223511904761905 0.3100390625 0.11544642857142857 0.3268359375
0.0 0.6157440476190476 0.1337109375 0.11464285714285716 0.2790625
0.0 0.38875000000000004 0.2103125 0.080625 0.2846875
0.0 0.4184821428571429 0.2821484375 0.08636904761904762 0.3325390625
0.0 0.45863095238095236 0.5490234375 0.1381845238095238 0.3694921875
0.0 0.6483035714285714 0.357109375 0.08252976190476191 0.3854296875
0.0 0.9563988095238096 0.4440234375 0.10366071428571429 0.1914453125
0.0 0.27976190476190477 0.7389453125 0.15041666666666667 0.3594921875
0.0 0.45663690476190477 0.8444921875 0.1362797619047619 0.2519140625
0.0 0.5754166666666667 0.6658203125 0.14318452380952382 0.1934765625
0.0 0.5174702380952381 0.3469921875 0.12247023809523809 0.364765625
0.0 0.05071428571428571 0.741484375 0.11270833333333333 0.22828125
0.0 0.2388988095238095 0.866015625 0.14889880952380952 0.27234375
