0.0 0.5129464285714286 0.2530078125 0.0886904761904762 0.3101171875
0.0 0.3269345238095238 0.4091796875 0.11053571428571429 0.3268359375
0.0 0.6111309523809524 0.22328125 0.11464285714285716 0.30796875
0.0 0.39848214285714284 0.3126171875 0.080625 0.2846875
0.0 0.4285416666666667 0.3823046875 0.08636904761904762 0.3325390625
0.0 0.4554166666666667 0.688359375 0.1343452380952381 0.3627734375
0.0 0.6473511904761905 0.4981640625 0.10366071428571429 0.3854296875
0.0 0.9592559523809524 0.5498046875 0.10366071428571429 0.1914453125
0.0 0.2868452380952381 0.8387890625 0.1574107142857143 0.297421875
0.0 0.0875 0.094375 0.07955357142857143 0.1314453125
0.0 0.4560119047619048 0.9025390625 0.13166666666666668 0.205546875
0.0 0.5876488095238095 0.7659765625 0.14779761904761904 0.196484375
0.0 0.509375 0.461015625 0.11169642857142857 0.3728515625
0.0 0.050238095238095234 0.8383203125 0.1068154761904762 0.2237890625
