0.0 0.44065476190476194 0.083828125 0.09380952380952381 0.2001171875
0.0 0.26264880952380953 0.217421875 0.11053571428571429 0.32171875
0.0 0.5294940476190476 0.0673046875 0.10059523809523808 0.220859375
0.0 0.32779761904761906 0.132890625 0.07485119047619047 0.26453125
0.0 0.366875 0.1883203125 0.08779761904761904 0.3325390625
0.0 0.4460119047619048 0.4329296875 0.1332142857142857 0.377890625
0.0 0.9088690476190476 0.3602734375 0.10651785714285714 0.192734375
0.0 0.21973214285714285 0.606796875 0.13720238095238096 0.3730078125
0.0 0.40741071428571424 0.7522265625 0.1362797619047619 0.2519140625
0.0 0.5333630952380952 0.57828125 0.1305059523809524 0.1858984375
0.0 0.5039583333333334 0.2276171875 0.11363095238095237 0.3441015625
0.0 0.19229166666666667 0.7958984375 0.1525595238095238 0.4008984375
0.0 0.10208333333333333 0.902109375 0.17595238095238094 0.2154296875
0.0 0.6341666666666667 0.9390234375 0.1588392857142857 0.1373046875
