0.0 0.4486309523809524 0.0947265625 0.090625 0.2202734375
0.0 0.27247023809523807 0.2444921875 0.11053571428571429 0.3268359375
0.0 0.5438988095238095 0.086953125 0.0993452380952381 0.2425390625
0.0 0.34023809523809523 0.14296875 0.080625 0.2846875
0.0 0.3812797619047619 0.21765625 0.08636904761904762 0.3325390625
0.0 0.42336309523809523 0.4701953125 0.14163690476190477 0.375859375
0.0 0.9036011904761905 0.3835546875 0.10366071428571429 0.1914453125
0.0 0.2219047619047619 0.64625 0.14270833333333335 0.3609375
0.0 0.39848214285714284 0.782421875 0.1362797619047619 0.2519140625
0.0 0.5223511904761905 0.59734375 0.13291666666666666 0.1895703125
0.0 0.4875595238095238 0.2607421875 0.12764880952380953 0.34890625
0.0 0.1847916666666667 0.8254296875 0.14645833333333333 0.362890625
0.0 0.07154761904761904 0.9248046875 0.14943452380952382 0.1961328125
0.0 0.6221130952380952 0.9428125 0.16699404761904763 0.12765625
