0.0 0.5186904761904761 0.1010546875 0.0886904761904762 0.2328515625
0.0 0.3732440476190476 0.2541796875 0.11139880952380952 0.318984375
0.0 0.5991964285714286 0.116484375 0.08895833333333333 0.2846875
0.0 0.4391071428571428 0.1555859375 0.07485119047619047 0.2947265625
0.0 0.47654761904761905 0.2286328125 0.1075 0.3350390625
0.0 0.5998511904761905 0.4055859375 0.1305059523809524 0.3615234375
0.0 0.3182738095238095 0.57203125 0.14895833333333333 0.3266796875
0.0 0.5139583333333333 0.7780859375 0.1362797619047619 0.2619921875
0.0 0.6354464285714285 0.6080078125 0.12666666666666668 0.1788671875
0.0 0.6370535714285714 0.235859375 0.10125 0.3671875
0.0 0.09482142857142857 0.7029296875 0.13229166666666667 0.22828125
0.0 0.2994047619047619 0.7409765625 0.16758928571428572 0.3731640625
0.0 0.2555654761904762 0.8984375 0.18732142857142856 0.24
0.0 0.10610119047619047 0.8608984375 0.1343452380952381 0.2947265625
0.0 0.72875 0.9428125 0.1612202380952381 0.1209375
