0.0 0.5382142857142858 0.1090234375 0.090625 0.242109375
0.0 0.39678571428571424 0.2696484375 0.11011904761904762 0.318984375
0.0 0.6153273809523809 0.129921875 0.08886904761904761 0.2815625
0.0 0.4535119047619047 0.1612109375 0.07485119047619047 0.2947265625
0.0 0.49955357142857143 0.236171875 0.10172619047619047 0.3312890625
0.0 0.6300892857142857 0.4226171875 0.1305059523809524 0.3652734375
0.0 0.3383333333333334 0.5540234375 0.1538392857142857 0.3151171875
0.0 0.5312202380952381 0.79015625 0.1362797619047619 0.2619921875
0.0 0.6516071428571428 0.6201171875 0.12666666666666668 0.1788671875
0.0 0.6636904761904762 0.250078125 0.09404761904761905 0.3728515625
0.0 0.11318452380952382 0.7093359375 0.12985119047619048 0.22828125
0.0 0.3219940476190476 0.741796875 0.1688095238095238 0.3715625
0.0 0.28324404761904765 0.89546875 0.19092261904761906 0.2466015625
0.0 0.12839285714285714 0.8571875 0.15017857142857144 0.2947265625
0.0 0.7471726190476191 0.9503515625 0.1612202380952381 0.1058203125
