0.0 0.4880059523809524 0.0848828125 0.0925297619047619 0.203046875
0.0 0.3288690476190476 0.2237109375 0.11074404761904762 0.3248828125
0.0 0.5664583333333334 0.062109375 0.08895833333333333 0.212265625
0.0 0.39375000000000004 0.1294140625 0.07916666666666668 0.26640625
0.0 0.42660714285714285 0.1883203125 0.1075 0.3350390625
0.0 0.5318154761904762 0.3891015625 0.11824404761904761 0.3698046875
0.0 0.9674404761904762 0.3583203125 0.1094047619047619 0.193984375
0.0 0.2718154761904762 0.583984375 0.13720238095238096 0.3730078125
0.0 0.46979166666666666 0.7518359375 0.1362797619047619 0.2539453125
0.0 0.5878571428571429 0.5767578125 0.1343452380952381 0.180859375
0.0 0.5801785714285714 0.211015625 0.10366071428571429 0.35015625
0.0 0.05967261904761905 0.6691796875 0.1257738095238095 0.233671875
0.0 0.2594940476190476 0.7510546875 0.15967261904761904 0.387578125
0.0 0.19098214285714285 0.8909765625 0.1849107142857143 0.2355859375
0.0 0.06892857142857142 0.84453125 0.1261904761904762 0.3426171875
0.0 0.6922916666666667 0.933984375 0.1612202380952381 0.1415625
