0.0 0.4937797619047619 0.0871875 0.0899702380952381 0.2068359375
0.0 0.33794642857142854 0.228046875 0.11095238095238096 0.3229296875
0.0 0.5733035714285715 0.072890625 0.08895833333333333 0.231875
0.0 0.40166666666666667 0.130390625 0.080625 0.2695703125
0.0 0.4366071428571428 0.1963671875 0.1075 0.3350390625
0.0 0.5427678571428571 0.38609375 0.11708333333333334 0.3678125
0.0 0.9775 0.3621484375 0.1094047619047619 0.193984375
0.0 0.28098214285714285 0.58234375 0.13720238095238096 0.3730078125
0.0 0.47940476190476194 0.7573828125 0.1362797619047619 0.2559375
0.0 0.5984226190476191 0.5835546875 0.1324404761904762 0.180390625
0.0 0.5921726190476191 0.216015625 0.10366071428571429 0.3539453125
0.0 0.06541666666666666 0.6707421875 0.13720238095238096 0.2347265625
0.0 0.26779761904761906 0.747578125 0.16202380952380951 0.383125
0.0 0.20636904761904762 0.8941796875 0.1849107142857143 0.2355859375
0.0 0.0725 0.8470703125 0.12860119047619048 0.3426171875
0.0 0.700327380952381 0.9352734375 0.1612202380952381 0.138046875
