0.0 0.5254166666666666 0.1056640625 0.090625 0.242109375
0.0 0.3817857142857143 0.2629296875 0.11139880952380952 0.318984375
0.0 0.6053273809523809 0.1238671875 0.08895833333333333 0.284296875
0.0 0.4439285714285714 0.1574609375 0.07485119047619047 0.2947265625
0.0 0.4842261904761904 0.231171875 0.10556547619047618 0.3337890625
0.0 0.6099404761904762 0.41125 0.1305059523809524 0.3627734375
0.0 0.3275595238095238 0.569453125 0.151875 0.3151171875
0.0 0.519702380952381 0.782109375 0.1362797619047619 0.2619921875
0.0 0.6408333333333334 0.6120703125 0.12666666666666668 0.1788671875
0.0 0.645922619047619 0.240546875 0.09883928571428571 0.3690625
0.0 0.10092261904761904 0.705078125 0.13148809523809524 0.22828125
0.0 0.3069642857142857 0.7412109375 0.1680059523809524 0.37265625
0.0 0.26479166666666665 0.8974609375 0.18851190476190477 0.2421875
0.0 0.11354166666666667 0.8596484375 0.13964285714285715 0.2947265625
0.0 0.7349107142857143 0.9453125 0.1612202380952381 0.1158984375
