0.0 0.4822619047619047 0.082578125 0.09508928571428571 0.1992578125
0.0 0.31976190476190475 0.219375 0.11053571428571429 0.3268359375
0.0 0.5595535714285714 0.0513671875 0.08895833333333333 0.1926953125
0.0 0.3858333333333333 0.1284375 0.07773809523809525 0.2632421875
0.0 0.41943452380952384 0.1873828125 0.10366071428571429 0.3344140625
0.0 0.5208928571428572 0.392109375 0.119375 0.3718359375
0.0 0.9573809523809524 0.3545703125 0.1094047619047619 0.193984375
0.0 0.26264880952380953 0.585546875 0.13720238095238096 0.3730078125
0.0 0.46020833333333333 0.746328125 0.1362797619047619 0.2519140625
0.0 0.5772916666666666 0.57 0.1362797619047619 0.1813671875
0.0 0.5703273809523809 0.2100390625 0.10413690476190476 0.34828125
0.0 0.05398809523809524 0.6675390625 0.11431547619047618 0.232578125
0.0 0.2511904761904762 0.7546484375 0.15729166666666666 0.39203125
0.0 0.17565476190476192 0.8878515625 0.1849107142857143 0.2355859375
0.0 0.06529761904761905 0.84203125 0.12380952380952381 0.3426171875
0.0 0.6842261904761905 0.9327734375 0.1612202380952381 0.1451171875
