0.0 0.5810714285714286 0.1081640625 0.090625 0.242109375
0.0 0.4391369047619048 0.251953125 0.10625000000000001 0.318984375
0.0 0.6385714285714286 0.1216015625 0.08839285714285713 0.267421875
0.0 0.49589285714285714 0.1569140625 0.07485119047619047 0.2928515625
0.0 0.5390773809523809 0.2323828125 0.09982142857142857 0.3224609375
0.0 0.6776785714285714 0.3815234375 0.11747023809523809 0.3627734375
0.0 0.3728571428571429 0.5038671875 0.1523809523809524 0.3151171875
0.0 0.5734821428571428 0.791640625 0.1362797619047619 0.2619921875
0.0 0.6953273809523809 0.6115234375 0.12666666666666668 0.1788671875
0.0 0.7183928571428572 0.2301171875 0.10672619047619047 0.351171875
0.0 0.14666666666666667 0.686875 0.12985119047619048 0.22828125
0.0 0.3597916666666667 0.6665234375 0.1688095238095238 0.350234375
0.0 0.35535714285714287 0.868671875 0.20172619047619048 0.2853515625
0.0 0.17154761904761906 0.854140625 0.16544642857142858 0.308359375
0.0 0.7786309523809524 0.948125 0.1588392857142857 0.1190234375
