0.0 0.5695833333333333 0.109453125 0.090625 0.242109375
0.0 0.43145833333333333 0.255859375 0.10625000000000001 0.318984375
0.0 0.6346726190476191 0.12296875 0.08848214285714286 0.269765625
0.0 0.48517857142857146 0.160625 0.07485119047619047 0.2947265625
0.0 0.5341369047619048 0.2374609375 0.09982142857142857 0.3224609375
0.0 0.6673214285714286 0.3913671875 0.11824404761904761 0.3652734375
0.0 0.3667559523809524 0.512890625 0.1538392857142857 0.3151171875
0.0 0.5661607142857142 0.7921875 0.1362797619047619 0.2619921875
0.0 0.6876785714285715 0.6140234375 0.12666666666666668 0.1788671875
0.0 0.7126190476190476 0.2387109375 0.1075 0.3551953125
0.0 0.13604166666666667 0.69328125 0.12985119047619048 0.22828125
0.0 0.3545238095238095 0.677734375 0.1688095238095238 0.350234375
0.0 0.343125 0.8721484375 0.19931547619047618 0.2746484375
0.0 0.1655654761904762 0.8558984375 0.1612202380952381 0.2998046875
0.0 0.775982142857143 0.951640625 0.1612202380952381 0.113359375
