0.0 0.5446428571428571 0.110703125 0.090625 0.242109375
0.0 0.4032142857142857 0.2676953125 0.10883928571428572 0.318984375
0.0 0.6191964285714286 0.1285546875 0.08880952380952381 0.2791796875
0.0 0.4583035714285715 0.163125 0.07485119047619047 0.2947265625
0.0 0.5072619047619048 0.238671875 0.09982142857142857 0.33
0.0 0.6367857142857143 0.417265625 0.12764880952380953 0.3658984375
0.0 0.3437202380952381 0.5463671875 0.15482142857142858 0.3151171875
0.0 0.5369940476190477 0.7941796875 0.1362797619047619 0.2619921875
0.0 0.6569642857142858 0.6241015625 0.12666666666666668 0.1788671875
0.0 0.6734523809523809 0.2477734375 0.09672619047619048 0.369296875
0.0 0.11625 0.7069140625 0.12985119047619048 0.22828125
0.0 0.3285119047619047 0.7289453125 0.1688095238095238 0.3673046875
0.0 0.2925 0.8944921875 0.19211309523809522 0.248828125
0.0 0.13583333333333333 0.8558984375 0.1554761904761905 0.2947265625
0.0 0.7529464285714286 0.950625 0.1612202380952381 0.1073046875
