0.0 0.5820238095238095 0.1056640625 0.090625 0.242109375
0.0 0.4468452380952381 0.2480078125 0.10625000000000001 0.318984375
0.0 0.6424702380952381 0.1201953125 0.08830357142857144 0.265078125
0.0 0.5066071428571428 0.1532421875 0.07485119047619047 0.2909765625
0.0 0.544077380952381 0.22734375 0.09982142857142857 0.3224609375
0.0 0.6880654761904762 0.37171875 0.11669642857142858 0.360234375
0.0 0.37898809523809524 0.4948828125 0.15092261904761906 0.3151171875
0.0 0.5766369047619048 0.786640625 0.1362797619047619 0.2619921875
0.0 0.6980357142857143 0.6069921875 0.12666666666666668 0.1788671875
0.0 0.7241369047619047 0.2215625 0.10595238095238095 0.3471484375
0.0 0.15726190476190477 0.680390625 0.12985119047619048 0.22828125
0.0 0.3650892857142857 0.6553125 0.1688095238095238 0.350234375
0.0 0.36758928571428573 0.8651953125 0.20410714285714285 0.2960546875
0.0 0.1774702380952381 0.85234375 0.16967261904761904 0.3169140625
0.0 0.78125 0.9446875 0.15642857142857144 0.1246875
