0.0 0.5580357142857143 0.110703125 0.090625 0.242109375
0.0 0.42374999999999996 0.2598046875 0.10625000000000001 0.318984375
0.0 0.6308333333333334 0.1243359375 0.08854166666666667 0.272109375
0.0 0.4784523809523809 0.1612109375 0.07485119047619047 0.2947265625
0.0 0.5274107142857143 0.237734375 0.09982142857142857 0.3243359375
0.0 0.6569940476190477 0.401171875 0.11898809523809523 0.3678125
0.0 0.36062500000000003 0.521875 0.15532738095238094 0.3151171875
0.0 0.5588690476190477 0.7926953125 0.1362797619047619 0.2619921875
0.0 0.679970238095238 0.6165625 0.12666666666666668 0.1788671875
0.0 0.7028571428571428 0.2409375 0.10479166666666667 0.35875
0.0 0.12541666666666668 0.6996875 0.12985119047619048 0.22828125
0.0 0.3479761904761905 0.690546875 0.1688095238095238 0.3544921875
0.0 0.33086309523809526 0.875546875 0.1969345238095238 0.2639453125
0.0 0.1581547619047619 0.8558984375 0.15979166666666667 0.298515625
0.0 0.7702083333333334 0.95140625 0.1612202380952381 0.1118359375
