0.0 0.5491071428571429 0.110703125 0.090625 0.242109375
0.0 0.40961309523809525 0.265703125 0.1075297619047619 0.318984375
0.0 0.6230654761904761 0.1271484375 0.08872023809523809 0.2768359375
0.0 0.4650297619047619 0.1624609375 0.07485119047619047 0.2947265625
0.0 0.5139583333333333 0.238359375 0.09982142857142857 0.328125
0.0 0.6435119047619048 0.4119140625 0.12476190476190477 0.3665234375
0.0 0.34910714285714284 0.53859375 0.15580357142857143 0.3151171875
0.0 0.5442857142857143 0.7937109375 0.1362797619047619 0.2619921875
0.0 0.6646428571428571 0.6216015625 0.12666666666666668 0.1788671875
0.0 0.6832440476190476 0.24546875 0.0994345238095238 0.36578125
0.0 0.1193154761904762 0.70453125 0.12985119047619048 0.22828125
0.0 0.335 0.7161328125 0.1688095238095238 0.363046875
0.0 0.3055654761904762 0.8867578125 0.1933333333333333 0.251015625
0.0 0.14327380952380953 0.8558984375 0.1569047619047619 0.296015625
0.0 0.7586904761904761 0.9508984375 0.1612202380952381 0.108828125
