0.0 0.5945238095238095 0.1003125 0.090625 0.2288671875
0.0 0.46312500000000006 0.2367578125 0.10625000000000001 0.318984375
0.0 0.6579464285714286 0.114609375 0.08797619047619047 0.255625
0.0 0.5264285714285715 0.138515625 0.07485119047619047 0.2833984375
0.0 0.5629166666666666 0.2087109375 0.09904761904761905 0.3224609375
0.0 0.7230059523809524 0.3409765625 0.11747023809523809 0.3551953125
0.0 0.3887797619047619 0.4646484375 0.14502976190476188 0.3151171875
0.0 0.5894345238095239 0.766484375 0.1362797619047619 0.2619921875
0.0 0.7088095238095238 0.5888671875 0.12666666666666668 0.1788671875
0.0 0.7486011904761904 0.1889453125 0.10366071428571429 0.3350390625
0.0 0.16708333333333333 0.6675390625 0.12985119047619048 0.22828125
0.0 0.3832440476190476 0.6137109375 0.16422619047619047 0.350234375
0.0 0.3913988095238095 0.8440234375 0.2056547619047619 0.3262890625
0.0 0.3076488095238095 0.853359375 0.11517857142857144 0.2998046875
0.0 0.19824404761904763 0.84328125 0.18136904761904762 0.3451171875
0.0 0.7903571428571429 0.9316796875 0.14857142857142858 0.140078125
