0.0 0.6402380952380953 0.0784375 0.090625 0.199765625
0.0 0.5053571428571428 0.193125 0.10583333333333333 0.31953125
0.0 0.6848511904761905 0.09359375 0.08895833333333333 0.2244921875
0.0 0.5677083333333334 0.1064453125 0.07101190476190476 0.2519140625
0.0 0.6080059523809523 0.1700390625 0.09598214285714286 0.3224609375
0.0 0.7888988095238095 0.2852734375 0.11803571428571427 0.3551953125
0.0 0.41943452380952384 0.3894140625 0.12494047619047619 0.308671875
0.0 0.6272321428571429 0.724921875 0.1362797619047619 0.2619921875
0.0 0.7586904761904761 0.5541015625 0.12666666666666668 0.1788671875
0.0 0.8095535714285714 0.1416796875 0.09598214285714286 0.297265625
0.0 0.20872023809523807 0.612890625 0.12985119047619048 0.22828125
0.0 0.4179166666666666 0.532109375 0.14035714285714285 0.350234375
0.0 0.4381547619047619 0.8025390625 0.19741071428571427 0.4112890625
0.0 0.3771130952380952 0.8083203125 0.1213095238095238 0.373828125
0.0 0.2380654761904762 0.80296875 0.17851190476190476 0.3627734375
0.0 0.8241369047619048 0.9040234375 0.14779761904761904 0.158203125
