0.0 0.634047619047619 0.0801953125 0.090625 0.2002734375
0.0 0.49949404761904764 0.1977734375 0.10625000000000001 0.318984375
0.0 0.6822916666666666 0.09640625 0.08875 0.228515625
0.0 0.5638392857142857 0.1098046875 0.07229166666666667 0.2586328125
0.0 0.601279761904762 0.174453125 0.09598214285714286 0.3224609375
0.0 0.7807738095238095 0.294140625 0.12092261904761906 0.3551953125
0.0 0.41538690476190476 0.3981640625 0.12738095238095237 0.309609375
0.0 0.6214583333333333 0.7287109375 0.1362797619047619 0.2619921875
0.0 0.7529166666666667 0.557109375 0.12666666666666668 0.1788671875
0.0 0.8023511904761904 0.1416796875 0.09982142857142857 0.297265625
0.0 0.20285714285714285 0.618671875 0.12985119047619048 0.22828125
0.0 0.4114285714285715 0.5416796875 0.14035714285714285 0.350234375
0.0 0.4319047619047619 0.8059375 0.19836309523809526 0.404375
0.0 0.36791666666666667 0.8135546875 0.11976190476190476 0.3673046875
0.0 0.23181547619047618 0.8067578125 0.17851190476190476 0.3627734375
0.0 0.8172321428571427 0.9087890625 0.14779761904761904 0.1587109375
