0.0 0.5983928571428572 0.0993359375 0.090625 0.224453125
0.0 0.46592261904761906 0.2319921875 0.10625000000000001 0.318984375
0.0 0.6618154761904762 0.113203125 0.08788690476190476 0.25328125
0.0 0.5313988095238096 0.1348828125 0.07485119047619047 0.2815234375
0.0 0.5667559523809524 0.2051953125 0.09827380952380953 0.3224609375
0.0 0.7300892857142858 0.33546875 0.11863095238095238 0.3551953125
0.0 0.39002976190476196 0.457578125 0.14357142857142857 0.3151171875
0.0 0.5926488095238095 0.7614453125 0.1362797619047619 0.2619921875
0.0 0.7141369047619047 0.584296875 0.12666666666666668 0.1788671875
0.0 0.7558035714285714 0.1819921875 0.10366071428571429 0.3350390625
0.0 0.17014880952380954 0.66109375 0.12985119047619048 0.22828125
0.0 0.38550595238095237 0.605703125 0.15967261904761904 0.350234375
0.0 0.39732142857142855 0.8387109375 0.20604166666666668 0.333828125
0.0 0.31416666666666665 0.84859375 0.11517857142857144 0.3093359375
0.0 0.20110119047619046 0.83953125 0.18041666666666667 0.34765625
0.0 0.7922619047619047 0.9287109375 0.14702380952380953 0.1420703125
