0.0 0.5516369047619047 0.1505859375 0.10458333333333333 0.29953125
0.0 0.6598214285714286 0.1215625 0.09598214285714286 0.3224609375
0.0 0.8532142857142857 0.2041015625 0.1094047619047619 0.340078125
0.0 0.4500595238095238 0.3334765625 0.12738095238095237 0.347265625
0.0 0.6725892857142858 0.6748046875 0.13482142857142856 0.2714453125
0.0 0.7980357142857143 0.5036328125 0.12666666666666668 0.1788671875
0.0 0.2518452380952381 0.5653125 0.12985119047619048 0.22828125
0.0 0.46270833333333333 0.440078125 0.15178571428571427 0.3373828125
0.0 0.48681547619047616 0.732890625 0.18973214285714285 0.4522265625
0.0 0.42949404761904764 0.696953125 0.13014880952380953 0.3597265625
0.0 0.28172619047619046 0.748828125 0.17467261904761905 0.3627734375
0.0 0.8716964285714285 0.8606640625 0.14779761904761904 0.156171875
0.0 0.7392857142857143 0.9320703125 0.10988095238095238 0.153671875
0.0 0.9525595238095238 0.932734375 0.11133928571428571 0.1360546875
