0.0 0.5230357142857143 0.1790234375 0.10458333333333333 0.3212109375
0.0 0.7055059523809524 0.0761328125 0.09354166666666666 0.220859375
0.0 0.6281547619047619 0.1568359375 0.09598214285714286 0.3224609375
0.0 0.8133928571428571 0.2588671875 0.1094047619047619 0.3551953125
0.0 0.4289880952380952 0.3720703125 0.12642857142857142 0.3318359375
0.0 0.6444940476190476 0.706015625 0.1362797619047619 0.2619921875
0.0 0.7746726190476191 0.5368359375 0.12666666666666668 0.1788671875
0.0 0.22586309523809525 0.596796875 0.12985119047619048 0.22828125
0.0 0.43744047619047616 0.50328125 0.14035714285714285 0.350234375
0.0 0.4568452380952381 0.792109375 0.19452380952380952 0.4320703125
0.0 0.3992857142857143 0.7733984375 0.12764880952380953 0.379140625
0.0 0.2567559523809524 0.791640625 0.17851190476190476 0.3627734375
0.0 0.8448809523809524 0.8896875 0.14779761904761904 0.1566796875
