0.0 0.5714583333333333 0.13015625 0.10458333333333333 0.2627734375
0.0 0.6896130952380952 0.0875390625 0.09020833333333333 0.3224609375
0.0 0.8847916666666668 0.170703125 0.09788690476190476 0.3350390625
0.0 0.4683928571428571 0.2626953125 0.13473214285714286 0.3344140625
0.0 0.6812797619047619 0.6541015625 0.1343452380952381 0.274609375
0.0 0.8108928571428571 0.476484375 0.12666666666666668 0.1788671875
0.0 0.2650595238095238 0.5196484375 0.12985119047619048 0.22828125
0.0 0.49002976190476194 0.3553515625 0.14922619047619048 0.3244140625
0.0 0.5103571428571428 0.66015625 0.18348214285714284 0.4497265625
0.0 0.45122023809523815 0.6203515625 0.11747023809523809 0.35671875
0.0 0.2874702380952381 0.7115234375 0.17467261904761905 0.3627734375
0.0 0.8755654761904762 0.83546875 0.14779761904761904 0.156171875
0.0 0.7442857142857143 0.915546875 0.10556547619047618 0.1687890625
0.0 0.9508928571428571 0.92515625 0.10583333333333333 0.1461328125
