0.0 0.5694642857142858 0.1296484375 0.10458333333333333 0.260546875
0.0 0.6867261904761905 0.0862890625 0.09020833333333333 0.3224609375
0.0 0.8816964285714286 0.170703125 0.09788690476190476 0.3350390625
0.0 0.4635119047619048 0.257578125 0.13473214285714286 0.3344140625
0.0 0.6761607142857142 0.6551953125 0.1343452380952381 0.274609375
0.0 0.8085714285714286 0.4780078125 0.12666666666666668 0.1788671875
0.0 0.25854166666666667 0.52609375 0.12985119047619048 0.22828125
0.0 0.48910714285714285 0.3520703125 0.14741071428571428 0.3178125
0.0 0.5117857142857143 0.6507421875 0.1805952380952381 0.454765625
0.0 0.4485119047619047 0.6203515625 0.11824404761904761 0.364765625
0.0 0.2831547619047619 0.7113671875 0.17273809523809525 0.3646484375
0.0 0.8671428571428572 0.8344921875 0.14779761904761904 0.156171875
0.0 0.7442857142857143 0.914375 0.10556547619047618 0.1687890625
0.0 0.9486904761904762 0.92515625 0.10366071428571429 0.1461328125
