0.0 0.5714583333333333 0.12875 0.10458333333333333 0.26
0.0 0.6881547619047619 0.0869140625 0.09020833333333333 0.3224609375
0.0 0.8832440476190475 0.170703125 0.09788690476190476 0.3350390625
0.0 0.46595238095238095 0.26015625 0.13473214285714286 0.3344140625
0.0 0.6787202380952382 0.6546484375 0.1343452380952381 0.274609375
0.0 0.8105357142857142 0.47546875 0.12666666666666668 0.1788671875
0.0 0.2618154761904762 0.522890625 0.12985119047619048 0.22828125
0.0 0.4895833333333333 0.35375 0.14833333333333334 0.3211328125
0.0 0.5110714285714286 0.65546875 0.18205357142857143 0.4522265625
0.0 0.44982142857142854 0.620390625 0.11785714285714285 0.3607421875
0.0 0.2855654761904762 0.708515625 0.17467261904761905 0.3627734375
0.0 0.8713392857142856 0.835 0.14779761904761904 0.156171875
0.0 0.7442857142857143 0.915 0.10556547619047618 0.1687890625
0.0 0.9498214285714285 0.92515625 0.10473214285714286 0.1461328125
