0.0 0.5714583333333333 0.135703125 0.10458333333333333 0.273828125
0.0 0.6833630952380952 0.093828125 0.09309523809523809 0.3224609375
0.0 0.8759821428571428 0.173671875 0.10479166666666667 0.3380859375
0.0 0.47175595238095236 0.2816796875 0.13291666666666666 0.3376171875
0.0 0.6914880952380953 0.6518359375 0.1343452380952381 0.274609375
0.0 0.8124404761904762 0.4805078125 0.12666666666666668 0.1788671875
0.0 0.2650595238095238 0.5346875 0.12985119047619048 0.22828125
0.0 0.4813095238095238 0.38515625 0.1538392857142857 0.3293359375
0.0 0.5074702380952381 0.6790625 0.18925595238095239 0.4396484375
0.0 0.45107142857142857 0.643046875 0.12282738095238097 0.35015625
0.0 0.29517857142857146 0.7236328125 0.17467261904761905 0.3627734375
0.0 0.8859523809523809 0.8405078125 0.14779761904761904 0.156171875
0.0 0.7442857142857143 0.917734375 0.10556547619047618 0.1687890625
0.0 0.9552976190476191 0.92515625 0.11023809523809523 0.1461328125
