0.0 0.5098511904761904 0.1178125 0.10458333333333333 0.247265625
0.0 0.625297619047619 0.05859375 0.09020833333333333 0.3224609375
0.0 0.3954464285714286 0.206796875 0.13767857142857143 0.3266796875
0.0 0.6176190476190476 0.6285546875 0.1343452380952381 0.274609375
0.0 0.7420833333333333 0.4444140625 0.12666666666666668 0.1788671875
0.0 0.19648809523809524 0.5003515625 0.12985119047619048 0.22828125
0.0 0.4275595238095238 0.2801953125 0.14833333333333334 0.2933203125
0.0 0.4691666666666666 0.5690234375 0.17604166666666665 0.437421875
0.0 0.39973214285714287 0.55359375 0.11517857142857144 0.3753515625
0.0 0.22702380952380952 0.69578125 0.168125 0.3698046875
0.0 0.8072619047619047 0.7989453125 0.14395833333333333 0.1486328125
0.0 0.6804761904761905 0.869765625 0.10556547619047618 0.1687890625
0.0 0.6249107142857143 0.91890625 0.22303571428571428 0.1708203125
0.0 0.897827380952381 0.88109375 0.10366071428571429 0.1461328125
