0.0 0.5427678571428571 0.12765625 0.10458333333333333 0.2567578125
0.0 0.6483333333333333 0.0724609375 0.09020833333333333 0.3224609375
0.0 0.856577380952381 0.1354296875 0.08446428571428571 0.3350390625
0.0 0.43413690476190475 0.235078125 0.13473214285714286 0.3344140625
0.0 0.6454464285714285 0.6436328125 0.1343452380952381 0.274609375
0.0 0.7714880952380954 0.46625 0.12666666666666668 0.1788671875
0.0 0.22098214285714285 0.5196484375 0.12985119047619048 0.22828125
0.0 0.4613988095238095 0.3069921875 0.15080357142857143 0.2991796875
0.0 0.49199404761904764 0.603984375 0.17366071428571428 0.443125
0.0 0.4253571428571428 0.582578125 0.11642857142857142 0.37453125
0.0 0.2529166666666667 0.708515625 0.16699404761904763 0.3703125
0.0 0.8356547619047618 0.8251953125 0.14395833333333333 0.1486328125
0.0 0.6986904761904762 0.88234375 0.10556547619047618 0.1687890625
0.0 0.654077380952381 0.928984375 0.22455357142857144 0.1385546875
0.0 0.922797619047619 0.908828125 0.10366071428571429 0.1461328125
