0.0 0.5263095238095238 0.122734375 0.10458333333333333 0.25203125
0.0 0.6368154761904762 0.0655078125 0.09020833333333333 0.3224609375
0.0 0.4147619047619048 0.2208984375 0.13622023809523812 0.330546875
0.0 0.6377678571428571 0.6392578125 0.1343452380952381 0.274609375
0.0 0.7567857142857143 0.4553125 0.12666666666666668 0.1788671875
0.0 0.20872023809523807 0.51 0.12985119047619048 0.22828125
0.0 0.4444940476190476 0.29359375 0.14958333333333332 0.29625
0.0 0.480625 0.5865234375 0.17485119047619047 0.4402734375
0.0 0.4125297619047619 0.5680859375 0.11580357142857142 0.374921875
0.0 0.24526785714285712 0.7047265625 0.16699404761904763 0.3703125
0.0 0.8214285714285714 0.81203125 0.14395833333333333 0.1486328125
0.0 0.6895833333333333 0.8760546875 0.10556547619047618 0.1687890625
0.0 0.6394940476190476 0.92390625 0.22380952380952382 0.1546875
0.0 0.910327380952381 0.894921875 0.10366071428571429 0.1461328125
