0.0 0.556577380952381 0.130703125 0.10458333333333333 0.2604296875
0.0 0.6713690476190477 0.0862890625 0.09020833333333333 0.3224609375
0.0 0.8676190476190475 0.153046875 0.09116071428571429 0.3350390625
0.0 0.4439285714285714 0.242578125 0.13473214285714286 0.3344140625
0.0 0.6608035714285714 0.6524609375 0.1343452380952381 0.274609375
0.0 0.8008928571428572 0.4880859375 0.12666666666666668 0.1788671875
0.0 0.2454761904761905 0.53890625 0.12985119047619048 0.22828125
0.0 0.48303571428571435 0.33375 0.14833333333333334 0.305
0.0 0.5056845238095238 0.6276171875 0.17413690476190474 0.4487890625
0.0 0.4407142857142857 0.6048046875 0.11770833333333333 0.373671875
0.0 0.2683035714285714 0.71609375 0.16699404761904763 0.3703125
0.0 0.8533035714285714 0.8375 0.14473214285714286 0.15015625
0.0 0.7169345238095237 0.894921875 0.10556547619047618 0.1687890625
0.0 0.6678869047619047 0.9309375 0.22455357142857144 0.1385546875
0.0 0.9379464285714285 0.9231640625 0.10366071428571429 0.1461328125
