0.0 0.5655059523809524 0.1313671875 0.10458333333333333 0.26171875
0.0 0.679047619047619 0.0862890625 0.09020833333333333 0.3224609375
0.0 0.8786607142857144 0.170703125 0.09788690476190476 0.3350390625
0.0 0.4536904761904762 0.250078125 0.13473214285714286 0.3344140625
0.0 0.6710416666666666 0.6562890625 0.1343452380952381 0.274609375
0.0 0.8047321428571428 0.483046875 0.12666666666666668 0.1788671875
0.0 0.25199404761904765 0.5325 0.12985119047619048 0.22828125
0.0 0.4882142857142857 0.34875 0.1455654761904762 0.31125
0.0 0.5102380952380953 0.6398828125 0.1775 0.454453125
0.0 0.44586309523809525 0.6203515625 0.11898809523809523 0.3728515625
0.0 0.2783630952380952 0.71703125 0.16889880952380953 0.3684375
0.0 0.8602083333333332 0.8359765625 0.14625 0.1531640625
0.0 0.7351785714285715 0.9075390625 0.10556547619047618 0.1687890625
0.0 0.6817261904761904 0.93296875 0.22455357142857144 0.1385546875
0.0 0.9433630952380954 0.9241796875 0.10366071428571429 0.1461328125
