0.0 0.32550595238095237 0.10609375 0.10782738095238094 0.2283984375
0.0 0.4218452380952381 0.044296875 0.09020833333333333 0.3224609375
0.0 0.20282738095238098 0.16109375 0.12535714285714286 0.29796875
0.0 0.4535119047619047 0.6065234375 0.1343452380952381 0.274609375
0.0 0.5580952380952381 0.4162109375 0.13035714285714284 0.1788671875
0.0 0.04214285714285714 0.5196484375 0.10535714285714286 0.22828125
0.0 0.24264880952380952 0.240703125 0.1280952380952381 0.2817578125
0.0 0.30836309523809524 0.50890625 0.17175595238095237 0.422734375
0.0 0.2611904761904762 0.518828125 0.1312797619047619 0.3652734375
0.0 0.08020833333333333 0.7173828125 0.1631547619047619 0.3627734375
0.0 0.6569642857142858 0.7702734375 0.14395833333333333 0.1486328125
0.0 0.5270238095238096 0.8538671875 0.10556547619047618 0.1687890625
0.0 0.48999999999999994 0.9112890625 0.2149702380952381 0.2191796875
0.0 0.7495535714285714 0.850234375 0.10366071428571429 0.1461328125
0.0 0.8997321428571429 0.8369921875 0.14779761904761904 0.3325390625
0.0 0.938154761904762 0.669453125 0.1324404761904762 0.2393359375
0.0 0.9554166666666666 0.2122265625 0.10556547619047618 0.196484375
