0.0 0.3918154761904762 0.0997265625 0.10538690476190475 0.234765625
0.0 0.49666666666666665 0.03796875 0.09020833333333333 0.3224609375
0.0 0.2741369047619048 0.1633984375 0.13327380952380952 0.3093359375
0.0 0.505327380952381 0.6014453125 0.1343452380952381 0.274609375
0.0 0.6243154761904762 0.41890625 0.12877976190476192 0.1788671875
0.0 0.0874702380952381 0.506796875 0.1175892857142857 0.22828125
0.0 0.3142559523809524 0.240078125 0.134375 0.28453125
0.0 0.37625000000000003 0.51 0.17916666666666667 0.4119140625
0.0 0.3019047619047619 0.5057421875 0.12666666666666668 0.35015625
0.0 0.11889880952380953 0.6976171875 0.18425595238095238 0.364453125
0.0 0.7158928571428571 0.7748046875 0.14395833333333333 0.1486328125
0.0 0.5869047619047618 0.850859375 0.10556547619047618 0.1687890625
0.0 0.5355357142857142 0.9075390625 0.21785714285714286 0.2191796875
0.0 0.8028273809523809 0.8596875 0.10366071428571429 0.1461328125
0.0 0.9371726190476191 0.845546875 0.11613095238095239 0.3230859375
