0.0 0.20514880952380954 0.1127734375 0.10782738095238094 0.2283984375
0.0 0.3143452380952381 0.0358984375 0.09020833333333333 0.3224609375
0.0 0.08604166666666667 0.1546875 0.11717261904761904 0.26796875
0.0 0.34794642857142855 0.6065234375 0.1343452380952381 0.274609375
0.0 0.4698214285714286 0.4125 0.1324404761904762 0.1788671875
0.0 0.12288690476190475 0.2432421875 0.13041666666666668 0.270546875
0.0 0.21785714285714286 0.5074609375 0.1619047619047619 0.437109375
0.0 0.16598214285714286 0.5187890625 0.1343452380952381 0.373359375
0.0 0.5628869047619047 0.752578125 0.14395833333333333 0.1486328125
0.0 0.4333630952380953 0.8528515625 0.10556547619047618 0.1687890625
0.0 0.396875 0.9087890625 0.20922619047619045 0.2191796875
0.0 0.6569940476190477 0.824453125 0.10366071428571429 0.1461328125
0.0 0.6694345238095238 0.950390625 0.14011904761904762 0.1259765625
0.0 0.5350892857142857 0.970546875 0.1324404761904762 0.10078125
0.0 0.8162499999999999 0.8244140625 0.1573809523809524 0.34765625
0.0 0.854672619047619 0.645546875 0.1612202380952381 0.2619921875
0.0 0.8537202380952381 0.4528515625 0.14970238095238095 0.1360546875
0.0 0.8441071428571428 0.18359375 0.11708333333333334 0.197109375
