0.0 0.06738095238095239 0.118359375 0.12169642857142857 0.24421875
0.0 0.2269940476190476 0.6090234375 0.1343452380952381 0.274609375
0.0 0.34467261904761903 0.4014453125 0.14011904761904762 0.180859375
0.0 0.09122023809523809 0.501171875 0.1580654761904762 0.4396484375
0.0 0.060059523809523806 0.4969140625 0.12666666666666668 0.357734375
0.0 0.45446428571428565 0.7375 0.14395833333333333 0.1486328125
0.0 0.3270238095238095 0.8503515625 0.10556547619047618 0.1687890625
0.0 0.2978571428571429 0.9067578125 0.20154761904761903 0.2191796875
0.0 0.5542559523809524 0.79984375 0.10366071428571429 0.1461328125
0.0 0.5686607142857143 0.9352734375 0.14202380952380952 0.14109375
0.0 0.43285714285714283 0.954140625 0.1324404761904762 0.1070703125
0.0 0.7102083333333333 0.79859375 0.1573809523809524 0.357734375
0.0 0.7423809523809524 0.6077734375 0.17467261904761905 0.2619921875
0.0 0.7337202380952381 0.4125 0.14970238095238095 0.1360546875
0.0 0.7124404761904761 0.14953125 0.12014880952380952 0.191953125
