0.0 0.1694345238095238 0.6191015625 0.1343452380952381 0.274609375
0.0 0.28809523809523807 0.40703125 0.14202380952380952 0.1813671875
0.0 0.05761904761904762 0.486015625 0.11773809523809524 0.4396484375
0.0 0.396875 0.735 0.14395833333333333 0.1486328125
0.0 0.2755654761904762 0.854375 0.10556547619047618 0.1687890625
0.0 0.24836309523809524 0.908828125 0.20297619047619048 0.2091015625
0.0 0.5033928571428571 0.7979296875 0.10366071428571429 0.1461328125
0.0 0.519702380952381 0.9365234375 0.14202380952380952 0.14109375
0.0 0.3858035714285714 0.9560546875 0.1324404761904762 0.1083203125
0.0 0.6555059523809523 0.7822265625 0.1573809523809524 0.357734375
0.0 0.687202380952381 0.6014453125 0.17946428571428572 0.2594921875
0.0 0.6684821428571429 0.3936328125 0.14970238095238095 0.1360546875
0.0 0.6444940476190476 0.132890625 0.12092261904761906 0.1889453125
