0.0 0.140625 0.6241015625 0.1343452380952381 0.274609375
0.0 0.26282738095238095 0.41546875 0.14202380952380952 0.1813671875
0.0 0.37526785714285715 0.740625 0.14395833333333333 0.1486328125
0.0 0.24985119047619048 0.85640625 0.10556547619047618 0.1687890625
0.0 0.2236607142857143 0.9112890625 0.2063392857142857 0.1990234375
0.0 0.4784523809523809 0.80171875 0.10366071428571429 0.1461328125
0.0 0.49523809523809526 0.937109375 0.14202380952380952 0.14109375
0.0 0.3633035714285714 0.95921875 0.1324404761904762 0.1058203125
0.0 0.6281547619047619 0.7740234375 0.1573809523809524 0.357734375
0.0 0.6595833333333333 0.5983203125 0.181875 0.258203125
0.0 0.6421130952380952 0.3955078125 0.14970238095238095 0.1360546875
0.0 0.613452380952381 0.1345703125 0.12282738095238097 0.187265625
0.0 0.9544642857142857 0.1568359375 0.09598214285714286 0.317421875
