0.0 0.04080357142857143 0.6845703125 0.08446428571428571 0.274609375
0.0 0.10877976190476189 0.4671875 0.13282738095238095 0.178359375
0.0 0.24523809523809526 0.7954296875 0.14395833333333333 0.1486328125
0.0 0.11895833333333333 0.9188671875 0.10556547619047618 0.1687890625
0.0 0.34458333333333335 0.83640625 0.10366071428571429 0.1461328125
0.0 0.37 0.970546875 0.14202380952380952 0.14109375
0.0 0.5014880952380952 0.8036328125 0.1631547619047619 0.3539453125
0.0 0.5194047619047619 0.6115625 0.19321428571428573 0.2426953125
0.0 0.4822916666666667 0.4137890625 0.14970238095238095 0.1360546875
0.0 0.4427083333333333 0.160625 0.128125 0.1801171875
0.0 0.7913095238095238 0.151796875 0.09214285714285715 0.317421875
