0.0 0.09113095238095238 0.4732421875 0.12976190476190477 0.17734375
0.0 0.23297619047619048 0.797421875 0.14395833333333333 0.1486328125
0.0 0.10782738095238094 0.92140625 0.10556547619047618 0.1687890625
0.0 0.33163690476190477 0.8382421875 0.10366071428571429 0.1461328125
0.0 0.3551190476190476 0.971796875 0.14202380952380952 0.14109375
0.0 0.4861309523809524 0.80203125 0.16601190476190478 0.3520703125
0.0 0.5038988095238095 0.6115625 0.19482142857142856 0.2418359375
0.0 0.46598214285714284 0.4131640625 0.14970238095238095 0.1360546875
0.0 0.42425595238095243 0.1605859375 0.12955357142857143 0.176328125
0.0 0.7720833333333333 0.1509765625 0.09214285714285715 0.317421875
