0.0 0.1150595238095238 0.572890625 0.054285714285714284 0.218984375
0.0 0.0874702380952381 0.5871484375 0.0525297619047619 0.209140625
0.0 0.6758035714285714 0.576015625 0.08875 0.20421875
0.0 0.28848214285714285 0.5694921875 0.054553571428571423 0.193203125
0.0 0.30910714285714286 0.570078125 0.04788690476190476 0.1583984375
0.0 0.4096428571428571 0.563984375 0.07139880952380952 0.19171875
0.0 0.21401785714285712 0.57265625 0.25479166666666664 0.8703125
0.0 0.051636904761904766 0.56515625 0.06732142857142857 0.1994140625
0.0 0.18922619047619046 0.598125 0.04 0.0800390625
0.0 0.16270833333333334 0.6038671875 0.03592261904761905 0.061796875
