0.0 0.1150595238095238 0.572890625 0.054285714285714284 0.218984375
0.0 0.0874702380952381 0.5871484375 0.0525297619047619 0.209140625
0.0 0.6691071428571428 0.5755859375 0.09071428571428572 0.2055078125
0.0 0.28502976190476187 0.5693359375 0.054553571428571423 0.193203125
0.0 0.30526785714285715 0.56984375 0.04788690476190476 0.1578125
0.0 0.401875 0.5625 0.06898809523809524 0.1871484375
0.0 0.19833333333333333 0.5743359375 0.2682738095238095 0.8649609375
0.0 0.04625 0.56546875 0.06761904761904762 0.19921875
0.0 0.18812500000000001 0.5982421875 0.0400297619047619 0.079765625
0.0 0.16151785714285716 0.604140625 0.03571428571428571 0.0616015625
