0.0 0.1150595238095238 0.5728515625 0.054285714285714284 0.2190625
0.0 0.0874702380952381 0.5871484375 0.0525297619047619 0.209140625
0.0 0.7386607142857142 0.5734375 0.08169642857142857 0.20078125
0.0 0.31901785714285713 0.565625 0.06235119047619048 0.183515625
0.0 0.33997023809523813 0.57203125 0.04788690476190476 0.1631640625
0.0 0.48407738095238095 0.5639453125 0.08553571428571428 0.1877734375
0.0 0.35205357142857147 0.5630078125 0.25479166666666664 0.881015625
0.0 0.09351190476190477 0.563671875 0.06449404761904762 0.20140625
0.0 0.19827380952380955 0.597578125 0.03967261904761905 0.0819921875
0.0 0.17223214285714286 0.6016015625 0.03782738095238095 0.0633984375
