0.0 0.1150595238095238 0.5728515625 0.054285714285714284 0.2190625
0.0 0.0874702380952381 0.5871484375 0.0525297619047619 0.209140625
0.0 0.7457142857142858 0.5738671875 0.08136904761904762 0.2012109375
0.0 0.32282738095238095 0.5651171875 0.06330357142857143 0.182265625
0.0 0.34383928571428574 0.572265625 0.04788690476190476 0.16375
0.0 0.49142857142857144 0.5628125 0.09235119047619048 0.1877734375
0.0 0.3694345238095238 0.565 0.2670238095238095 0.8771875
0.0 0.09857142857142856 0.563671875 0.06404761904761905 0.20171875
0.0 0.19940476190476192 0.5975390625 0.03961309523809524 0.0822265625
0.0 0.17342261904761905 0.601328125 0.038035714285714284 0.06359375
