0.0 0.1150595238095238 0.572890625 0.054285714285714284 0.2190234375
0.0 0.0874702380952381 0.5871484375 0.0525297619047619 0.209140625
0.0 0.7179166666666666 0.57515625 0.07833333333333334 0.2003515625
0.0 0.30755952380952384 0.56703125 0.059434523809523805 0.1871484375
0.0 0.32839285714285715 0.571328125 0.04788690476190476 0.1613671875
0.0 0.4619345238095238 0.5672265625 0.06502976190476191 0.1877734375
0.0 0.29874999999999996 0.5662890625 0.2413095238095238 0.881015625
0.0 0.07851190476190475 0.563671875 0.06577380952380953 0.2004296875
0.0 0.1948809523809524 0.5977734375 0.03979166666666666 0.08125
0.0 0.1686607142857143 0.6025 0.03711309523809524 0.0627734375
