0.0 0.1150595238095238 0.5728515625 0.054285714285714284 0.2190625
0.0 0.0874702380952381 0.5871484375 0.0525297619047619 0.209140625
0.0 0.7316071428571428 0.5730078125 0.08202380952380953 0.2003515625
0.0 0.3152083333333333 0.5660546875 0.06136904761904762 0.1847265625
0.0 0.33613095238095236 0.571796875 0.04788690476190476 0.162578125
0.0 0.47672619047619047 0.5650390625 0.0786904761904762 0.1877734375
0.0 0.33428571428571424 0.5641015625 0.25029761904761905 0.881015625
0.0 0.08854166666666667 0.563671875 0.06491071428571428 0.20109375
0.0 0.19717261904761904 0.59765625 0.039702380952380954 0.0817578125
0.0 0.17104166666666668 0.6019140625 0.037589285714285714 0.063203125
