0.0 0.1150595238095238 0.5728515625 0.054285714285714284 0.218984375
0.0 0.0874702380952381 0.5871484375 0.0525297619047619 0.209140625
0.0 0.6852678571428571 0.57640625 0.08404761904761904 0.2029296875
0.0 0.29229166666666667 0.5690234375 0.055535714285714285 0.1919921875
0.0 0.31297619047619046 0.5703515625 0.04788690476190476 0.1590234375
0.0 0.42086309523809523 0.5651171875 0.0680952380952381 0.1907421875
0.0 0.22976190476190478 0.5710546875 0.2413095238095238 0.8756640625
0.0 0.057023809523809525 0.56484375 0.06702380952380953 0.1996484375
0.0 0.19038690476190476 0.5980859375 0.03997023809523809 0.0802734375
0.0 0.16386904761904764 0.6036328125 0.03616071428571429 0.0619921875
