0.0 0.1150595238095238 0.5728515625 0.054285714285714284 0.2190234375
0.0 0.0874702380952381 0.5871484375 0.0525297619047619 0.209140625
0.0 0.7041666666666666 0.5773046875 0.07464285714285714 0.2003515625
0.0 0.2999404761904762 0.568046875 0.05747023809523809 0.1895703125
0.0 0.32068452380952384 0.5708203125 0.04788690476190476 0.1601953125
0.0 0.44336309523809525 0.567265625 0.06148809523809524 0.1887890625
0.0 0.2632440476190476 0.5683984375 0.23232142857142857 0.881015625
0.0 0.06776785714285714 0.5642578125 0.06639880952380953 0.2000390625
0.0 0.1926190476190476 0.597890625 0.039880952380952385 0.08078125
0.0 0.1662797619047619 0.603046875 0.036636904761904766 0.0623828125
