0.0 0.1150595238095238 0.5728515625 0.054285714285714284 0.2190234375
0.0 0.0874702380952381 0.5871484375 0.0525297619047619 0.209140625
0.0 0.6947321428571429 0.5769140625 0.0793452380952381 0.201640625
0.0 0.29610119047619043 0.568515625 0.05651785714285714 0.19078125
0.0 0.3168154761904762 0.5705859375 0.04788690476190476 0.159609375
0.0 0.4321130952380952 0.566171875 0.06479166666666666 0.189765625
0.0 0.2454761904761905 0.569453125 0.22782738095238095 0.881015625
0.0 0.06235119047619048 0.5645703125 0.06669642857142857 0.19984375
0.0 0.19151785714285713 0.5980078125 0.039910714285714285 0.0805078125
0.0 0.16508928571428572 0.60328125 0.03639880952380953 0.0621875
