0.0 0.1150595238095238 0.5727734375 0.054285714285714284 0.219140625
0.0 0.0874702380952381 0.5871484375 0.0525297619047619 0.209140625
0.0 0.8135416666666667 0.5773046875 0.07791666666666666 0.2003515625
0.0 0.35889880952380954 0.5646875 0.07080357142857142 0.18265625
0.0 0.37854166666666667 0.574453125 0.04788690476190476 0.1690625
0.0 0.5873214285714285 0.56875 0.06098214285714285 0.1843359375
0.0 0.5510119047619048 0.5646875 0.2285416666666667 0.8778125
0.0 0.14360119047619047 0.5636328125 0.060208333333333336 0.2046484375
0.0 0.21163690476190475 0.596640625 0.03931547619047619 0.0841796875
0.0 0.18470238095238095 0.5999609375 0.041428571428571426 0.0645703125
2.0 0.9471428571428572 0.5955078125 0.11407738095238094 0.1175390625
