0.0 0.1150595238095238 0.5728125 0.054285714285714284 0.2191015625
0.0 0.0874702380952381 0.5871484375 0.0525297619047619 0.209140625
0.0 0.7668750000000001 0.57515625 0.08038690476190477 0.2025
0.0 0.3342559523809524 0.563671875 0.0662202380952381 0.1786328125
0.0 0.35538690476190476 0.5730078125 0.04788690476190476 0.165546875
0.0 0.5275892857142858 0.56765625 0.06907738095238096 0.1877734375
0.0 0.42160714285714285 0.5707421875 0.30377976190476186 0.8655859375
0.0 0.11357142857142856 0.563671875 0.06276785714285714 0.2026953125
0.0 0.20279761904761906 0.5973046875 0.039494047619047616 0.0830078125
0.0 0.17702380952380953 0.60046875 0.03875 0.0641796875
