0.0 0.1150595238095238 0.5727734375 0.054285714285714284 0.219140625
0.0 0.0874702380952381 0.5871484375 0.0525297619047619 0.209140625
0.0 0.819702380952381 0.576796875 0.08407738095238096 0.2014453125
0.0 0.36357142857142855 0.566171875 0.07113095238095238 0.1870703125
0.0 0.3823809523809524 0.5746875 0.04788690476190476 0.1696875
0.0 0.5961904761904762 0.568203125 0.06282738095238095 0.1834765625
0.0 0.573422619047619 0.5630078125 0.21104166666666666 0.881015625
0.0 0.14863095238095236 0.5636328125 0.05976190476190476 0.2049609375
0.0 0.9732142857142857 0.5569921875 0.06247023809523809 0.1766796875
0.0 0.2137797619047619 0.59640625 0.03931547619047619 0.084296875
0.0 0.18604166666666666 0.5999609375 0.04199404761904762 0.0645703125
2.0 0.9422321428571427 0.5957421875 0.12217261904761904 0.1175390625
