0.0 0.1150595238095238 0.5728125 0.054285714285714284 0.2190625
0.0 0.0874702380952381 0.5871484375 0.0525297619047619 0.209140625
0.0 0.7598214285714286 0.5747265625 0.08071428571428571 0.2020703125
0.0 0.3304464285714286 0.564140625 0.06526785714285714 0.17984375
0.0 0.35151785714285716 0.5727734375 0.04788690476190476 0.164921875
0.0 0.5155357142857143 0.5660546875 0.07684523809523809 0.1877734375
0.0 0.40422619047619046 0.568828125 0.29151785714285716 0.869453125
0.0 0.10857142857142857 0.5636328125 0.06321428571428571 0.2023828125
0.0 0.20163690476190477 0.5973828125 0.039553571428571424 0.082734375
0.0 0.17583333333333334 0.60078125 0.03851190476190476 0.063984375
