0.0 0.1150595238095238 0.5727734375 0.054285714285714284 0.219140625
0.0 0.0874702380952381 0.5871484375 0.0525297619047619 0.209140625
0.0 0.8074404761904762 0.5778515625 0.07178571428571429 0.199296875
0.0 0.3542261904761905 0.5632421875 0.07044642857142858 0.178203125
0.0 0.37467261904761906 0.5742578125 0.04788690476190476 0.1684765625
0.0 0.5783928571428572 0.569296875 0.05910714285714286 0.1851953125
0.0 0.5286011904761905 0.5662890625 0.24604166666666666 0.874609375
0.0 0.13863095238095238 0.5636328125 0.060625000000000005 0.204296875
0.0 0.20946428571428571 0.596796875 0.03931547619047619 0.0840625
0.0 0.18339285714285714 0.5999609375 0.04086309523809524 0.0645703125
