0.0 0.1150595238095238 0.5728125 0.054285714285714284 0.219140625
0.0 0.0874702380952381 0.5871484375 0.0525297619047619 0.209140625
0.0 0.8258333333333334 0.5762109375 0.09020833333333333 0.2025
0.0 0.3682440476190476 0.5676171875 0.07145833333333333 0.191484375
0.0 0.38625 0.5749609375 0.04788690476190476 0.1702734375
0.0 0.6050892857142858 0.5676953125 0.06467261904761905 0.182578125
0.0 0.5958035714285714 0.561484375 0.19354166666666667 0.8842578125
0.0 0.15360119047619047 0.563671875 0.0593452380952381 0.2052734375
0.0 0.9617261904761905 0.556875 0.06247023809523809 0.1763671875
0.0 0.21595238095238095 0.596171875 0.03931547619047619 0.0844140625
0.0 0.18735119047619048 0.5999609375 0.042529761904761904 0.0645703125
2.0 0.9373214285714285 0.5959765625 0.13026785714285716 0.1175390625
