0.0 0.1150595238095238 0.5727734375 0.054285714285714284 0.2191015625
0.0 0.0874702380952381 0.5871484375 0.0525297619047619 0.209140625
0.0 0.8012500000000001 0.578359375 0.0656547619047619 0.198203125
0.0 0.3495238095238095 0.5616796875 0.07011904761904761 0.1737890625
0.0 0.37080357142857145 0.573984375 0.04788690476190476 0.167890625
0.0 0.5694642857142858 0.5698046875 0.05726190476190476 0.1860546875
0.0 0.5062202380952381 0.5678515625 0.2635416666666667 0.8713671875
0.0 0.13360119047619048 0.5636328125 0.061041666666666675 0.203984375
0.0 0.20729166666666668 0.59703125 0.03931547619047619 0.083984375
0.0 0.18205357142857143 0.5999609375 0.040327380952380955 0.0645703125
