0.0 0.1150595238095238 0.5727734375 0.054285714285714284 0.21921875
0.0 0.0874702380952381 0.5871484375 0.0525297619047619 0.209140625
0.0 0.9141964285714286 0.57234375 0.07994047619047619 0.19578125
0.0 0.41101190476190474 0.570859375 0.06470238095238094 0.19859375
0.0 0.4269345238095238 0.5747265625 0.04788690476190476 0.170234375
0.0 0.6941964285714286 0.562421875 0.08315476190476191 0.1739453125
0.0 0.7942559523809524 0.5662890625 0.3062202380952381 0.874609375
0.0 0.19511904761904764 0.5675 0.06979166666666667 0.2040625
0.0 0.8425892857142857 0.5558984375 0.06247023809523809 0.1716015625
0.0 0.23714285714285716 0.5951171875 0.04050595238095238 0.085234375
0.0 0.1944940476190476 0.596640625 0.03845238095238095 0.07125
2.0 0.8216666666666667 0.59609375 0.1530952380952381 0.120546875
