0.0 0.1150595238095238 0.572734375 0.054285714285714284 0.2191796875
0.0 0.0874702380952381 0.5871484375 0.0525297619047619 0.209140625
0.0 0.8802083333333334 0.5788671875 0.06589285714285714 0.201171875
0.0 0.3958333333333333 0.5705859375 0.06178571428571429 0.2003515625
0.0 0.4100892857142857 0.5755078125 0.04788690476190476 0.1718359375
0.0 0.6585714285714286 0.5645703125 0.07577380952380952 0.1773828125
0.0 0.7305654761904762 0.5630078125 0.2866369047619048 0.881015625
0.0 0.17297619047619048 0.5703125 0.0943452380952381 0.201640625
0.0 0.8938095238095238 0.557265625 0.06247023809523809 0.175234375
0.0 0.2288988095238095 0.594921875 0.03931547619047619 0.0850390625
0.0 0.19163690476190476 0.597890625 0.040089285714285716 0.06859375
2.0 0.8713392857142856 0.595546875 0.15339285714285714 0.1207421875
