0.0 0.1150595238095238 0.572734375 0.054285714285714284 0.21921875
0.0 0.0874702380952381 0.5871484375 0.0525297619047619 0.209140625
0.0 0.9057142857142857 0.573984375 0.07642857142857143 0.197109375
0.0 0.4080059523809524 0.570703125 0.0606547619047619 0.1994921875
0.0 0.42270833333333335 0.574921875 0.04788690476190476 0.170625
0.0 0.685297619047619 0.56296875 0.0813095238095238 0.1748046875
0.0 0.7783035714285714 0.56546875 0.3013392857142857 0.8762109375
0.0 0.18958333333333335 0.5681640625 0.07592261904761906 0.2034765625
0.0 0.8559821428571429 0.5565234375 0.06247023809523809 0.1728125
0.0 0.23520833333333332 0.5948046875 0.039910714285714285 0.085234375
0.0 0.1937797619047619 0.596953125 0.03886904761904762 0.0705859375
2.0 0.8341071428571428 0.5959375 0.1531845238095238 0.120625
