0.0 0.1150595238095238 0.5727734375 0.054285714285714284 0.2191796875
0.0 0.0874702380952381 0.5871484375 0.0525297619047619 0.209140625
0.0 0.8441964285714285 0.5779296875 0.07907738095238095 0.2025
0.0 0.37761904761904763 0.5705859375 0.07214285714285713 0.2003515625
0.0 0.39395833333333335 0.5754296875 0.04788690476190476 0.1714453125
0.0 0.6229464285714286 0.566640625 0.06836309523809524 0.180859375
0.0 0.6407142857142857 0.561953125 0.2245833333333333 0.8831640625
0.0 0.1631547619047619 0.565859375 0.07714285714285715 0.2040625
0.0 0.938779761904762 0.5565625 0.06247023809523809 0.1758203125
0.0 0.22026785714285715 0.5957421875 0.03931547619047619 0.084609375
0.0 0.1887797619047619 0.599296875 0.04172619047619047 0.0658984375
2.0 0.9205059523809525 0.595703125 0.14598214285714284 0.11921875
