0.0 0.1150595238095238 0.5727734375 0.054285714285714284 0.219140625
0.0 0.0874702380952381 0.5871484375 0.0525297619047619 0.209140625
0.0 0.835 0.577109375 0.08464285714285714 0.2025
0.0 0.3729166666666667 0.5691015625 0.0718154761904762 0.1959375
0.0 0.3900892857142857 0.5751953125 0.04788690476190476 0.170859375
0.0 0.6140476190476191 0.5671875 0.06651785714285714 0.18171875
0.0 0.6182738095238095 0.56171875 0.20904761904761904 0.8837109375
0.0 0.15839285714285714 0.564765625 0.06824404761904762 0.2046875
0.0 0.9502678571428572 0.55671875 0.06247023809523809 0.17609375
0.0 0.218125 0.5959375 0.03931547619047619 0.0844921875
0.0 0.18806547619047617 0.599609375 0.04211309523809524 0.065234375
2.0 0.9324107142857143 0.5962109375 0.13839285714285715 0.1175390625
