0.0 0.1150595238095238 0.572734375 0.054285714285714284 0.2192578125
0.0 0.0874702380952381 0.5871484375 0.0525297619047619 0.209140625
0.0 0.4201488095238095 0.571328125 0.076875 0.1959375
0.0 0.43955357142857143 0.5741015625 0.04788690476190476 0.1690234375
0.0 0.7300595238095239 0.5673828125 0.07044642857142858 0.1843359375
0.0 0.8444642857142858 0.5678515625 0.29071428571428576 0.8713671875
0.0 0.21214285714285713 0.5663671875 0.06300595238095238 0.2046875
0.0 0.8024107142857143 0.554140625 0.06247023809523809 0.1680078125
0.0 0.24303571428571427 0.5959765625 0.04226190476190476 0.085234375
0.0 0.19660714285714287 0.5955859375 0.03723214285714286 0.07328125
2.0 0.7844345238095238 0.596484375 0.15291666666666667 0.1204296875
