0.0 0.1150595238095238 0.572734375 0.054285714285714284 0.219296875
0.0 0.0874702380952381 0.5871484375 0.0525297619047619 0.209140625
0.0 0.4383630952380952 0.5716015625 0.07529761904761904 0.1976953125
0.0 0.4563988095238095 0.5733203125 0.04788690476190476 0.167421875
0.0 0.7724404761904763 0.567265625 0.07178571428571429 0.19328125
0.0 0.9179464285714286 0.5667578125 0.17639880952380954 0.873515625
0.0 0.2325 0.5674609375 0.08038690476190477 0.2024609375
0.0 0.7534821428571428 0.5405859375 0.06247023809523809 0.1430078125
0.0 0.25086309523809525 0.5971484375 0.044583333333333336 0.085234375
0.0 0.19994047619047622 0.594921875 0.041220238095238095 0.0767578125
2.0 0.7347619047619047 0.596953125 0.15261904761904763 0.1202734375
