0.0 0.1150595238095238 0.5727734375 0.054285714285714284 0.2192578125
0.0 0.0874702380952381 0.5871484375 0.0525297619047619 0.209140625
0.0 0.4282142857142857 0.5715234375 0.07904761904761905 0.1959375
0.0 0.4479464285714285 0.5737109375 0.04788690476190476 0.168203125
0.0 0.7573511904761905 0.5683984375 0.057678571428571426 0.189609375
0.0 0.881220238095238 0.5678515625 0.24008928571428573 0.8713671875
0.0 0.22413690476190476 0.566953125 0.07407738095238095 0.2034765625
0.0 0.777172619047619 0.54671875 0.06247023809523809 0.1538671875
0.0 0.2469345238095238 0.5965625 0.04342261904761905 0.085234375
0.0 0.19827380952380955 0.595234375 0.03922619047619048 0.075
2.0 0.7595833333333333 0.59671875 0.15276785714285715 0.1203515625
