0.0 0.1150595238095238 0.572734375 0.054285714285714284 0.219296875
0.0 0.0874702380952381 0.5871484375 0.0525297619047619 0.209140625
0.0 0.4535416666666666 0.5717578125 0.06967261904761905 0.2003515625
0.0 0.46925595238095236 0.5736328125 0.04788690476190476 0.1669140625
0.0 0.7951190476190477 0.5655078125 0.09294642857142857 0.198828125
0.0 0.23967261904761905 0.5680859375 0.08267857142857143 0.20125
0.0 0.7156845238095239 0.545078125 0.06247023809523809 0.151328125
0.0 0.25354166666666667 0.5975 0.04535714285714286 0.0854296875
0.0 0.20244047619047617 0.594375 0.04419642857142857 0.079375
2.0 0.6974702380952381 0.5973828125 0.15244047619047618 0.1201171875
