0.0 0.1150595238095238 0.572734375 0.054285714285714284 0.2192578125
0.0 0.0874702380952381 0.5871484375 0.0525297619047619 0.209140625
0.0 0.43327380952380956 0.5715625 0.07717261904761905 0.1968359375
0.0 0.45220238095238097 0.573515625 0.04788690476190476 0.1678125
0.0 0.7648809523809523 0.5678515625 0.06473214285714286 0.1914453125
0.0 0.8995833333333333 0.56734375 0.2082440476190476 0.8724609375
0.0 0.2301488095238095 0.5673046875 0.07961309523809523 0.2028515625
0.0 0.7653273809523808 0.54578125 0.06247023809523809 0.1527734375
0.0 0.24889880952380952 0.5968359375 0.04401785714285714 0.085234375
0.0 0.19913690476190476 0.595078125 0.04020833333333333 0.0758984375
2.0 0.7471726190476191 0.596875 0.15270833333333333 0.1203125
