0.0 0.1150595238095238 0.572734375 0.054285714285714284 0.2192578125
0.0 0.0874702380952381 0.5871484375 0.0525297619047619 0.209140625
0.0 0.4231845238095238 0.5714453125 0.08092261904761905 0.1950390625
0.0 0.4437797619047619 0.57390625 0.04788690476190476 0.16859375
0.0 0.7419940476190476 0.568984375 0.0662202380952381 0.1877734375
0.0 0.8628571428571429 0.5678515625 0.26538690476190474 0.8713671875
0.0 0.2181547619047619 0.5666796875 0.06854166666666667 0.2040625
0.0 0.7890178571428572 0.5576953125 0.06247023809523809 0.175234375
0.0 0.24499999999999997 0.5962890625 0.04282738095238096 0.085234375
0.0 0.1974404761904762 0.5954296875 0.038244047619047615 0.074140625
2.0 0.7720238095238094 0.5966015625 0.15282738095238096 0.120390625
