0.0 0.1150595238095238 0.572734375 0.054285714285714284 0.219296875
0.0 0.0874702380952381 0.5871484375 0.0525297619047619 0.209140625
0.0 0.4434226190476191 0.571640625 0.07342261904761906 0.19859375
0.0 0.460625 0.573125 0.04788690476190476 0.1669921875
0.0 0.779970238095238 0.566640625 0.07883928571428571 0.19515625
0.0 0.9363690476190476 0.5662890625 0.14455357142857142 0.874609375
0.0 0.2349107142857143 0.56765625 0.08116071428571428 0.2020703125
0.0 0.7416369047619048 0.54109375 0.06247023809523809 0.14484375
0.0 0.2517559523809524 0.597265625 0.044851190476190475 0.0853125
0.0 0.20074404761904763 0.5947265625 0.04220238095238095 0.0776171875
2.0 0.7223511904761905 0.597109375 0.1525595238095238 0.1201953125
