0.0 0.1150595238095238 0.5726953125 0.054285714285714284 0.2193359375
0.0 0.0874702380952381 0.5871484375 0.0525297619047619 0.209140625
0.0 0.46366071428571426 0.5718359375 0.06592261904761905 0.2021484375
0.0 0.478125 0.57515625 0.04788690476190476 0.1675
0.0 0.8166666666666667 0.56828125 0.081875 0.1973046875
0.0 0.24440476190476193 0.568515625 0.08422619047619048 0.2004296875
0.0 0.6897619047619047 0.5490625 0.06247023809523809 0.1578515625
0.0 0.25535714285714284 0.59765625 0.04586309523809524 0.0855859375
0.0 0.20404761904761906 0.593984375 0.04619047619047619 0.08109375
2.0 0.6726488095238095 0.597578125 0.15229166666666666 0.1200390625
