0.0 0.1150595238095238 0.5726953125 0.054285714285714284 0.2193359375
0.0 0.0874702380952381 0.5871484375 0.0525297619047619 0.209140625
0.0 0.47767857142857145 0.57171875 0.07720238095238095 0.2008203125
0.0 0.4958630952380953 0.578203125 0.04788690476190476 0.1687109375
0.0 0.8595238095238096 0.56859375 0.06928571428571428 0.1958203125
0.0 0.2731547619047619 0.563203125 0.06208333333333333 0.20140625
0.0 0.6419345238095238 0.554453125 0.06247023809523809 0.16875
0.0 0.25892857142857145 0.5980859375 0.046875 0.0858203125
0.0 0.20696428571428574 0.59375 0.05098214285714285 0.083359375
0.0 0.9692559523809524 0.5507421875 0.07050595238095239 0.1620703125
2.0 0.6220535714285714 0.596640625 0.15610119047619048 0.12109375
2.0 0.9469940476190476 0.590625 0.1311904761904762 0.1321875
