0.0 0.1150595238095238 0.5726953125 0.054285714285714284 0.219375
0.0 0.0874702380952381 0.5871484375 0.0525297619047619 0.209140625
0.0 0.48663690476190474 0.571484375 0.09038690476190477 0.19859375
0.0 0.5091369047619048 0.58046875 0.04788690476190476 0.169609375
0.0 0.88375 0.565 0.08226190476190476 0.1958203125
0.0 0.2907440476190476 0.559453125 0.06431547619047619 0.1937890625
0.0 0.6035714285714286 0.5552734375 0.06523809523809525 0.1714453125
0.0 0.26163690476190476 0.5983984375 0.047619047619047616 0.086015625
0.0 0.20901785714285714 0.5937109375 0.054821428571428577 0.084765625
0.0 0.9343154761904762 0.55203125 0.07050595238095239 0.1635546875
2.0 0.5824702380952381 0.5956640625 0.15610119047619048 0.1201171875
2.0 0.9147321428571429 0.591484375 0.1425892857142857 0.1331640625
