0.0 0.1150595238095238 0.572734375 0.054285714285714284 0.2193359375
0.0 0.0874702380952381 0.5871484375 0.0525297619047619 0.209140625
0.0 0.47470238095238093 0.5717578125 0.07282738095238095 0.2015625
0.0 0.49142857142857144 0.577421875 0.04788690476190476 0.1684375
0.0 0.8514583333333332 0.56984375 0.06494047619047619 0.1958203125
0.0 0.2659821428571429 0.5644921875 0.06761904761904762 0.201171875
0.0 0.6538690476190476 0.5530859375 0.06247023809523809 0.166015625
0.0 0.25806547619047615 0.59796875 0.04660714285714286 0.08578125
0.0 0.2062797619047619 0.5937890625 0.04970238095238095 0.082890625
2.0 0.6352380952380953 0.596953125 0.15610119047619048 0.12140625
2.0 0.9577380952380953 0.590390625 0.12738095238095237 0.1318359375
