0.0 0.1150595238095238 0.5726953125 0.054285714285714284 0.219375
0.0 0.0874702380952381 0.5871484375 0.0525297619047619 0.209140625
0.0 0.48068452380952376 0.5716015625 0.08160714285714286 0.200078125
0.0 0.5002678571428572 0.5789453125 0.04788690476190476 0.1690234375
0.0 0.8675892857142857 0.5673828125 0.07360119047619047 0.1958203125
0.0 0.28032738095238097 0.5618359375 0.056577380952380955 0.201640625
0.0 0.6299107142857143 0.555859375 0.06247023809523809 0.1714453125
0.0 0.2598511904761905 0.598125 0.04711309523809524 0.0858984375
0.0 0.20767857142857143 0.5937109375 0.05226190476190476 0.083828125
0.0 0.9575892857142857 0.5511328125 0.07050595238095239 0.162578125
2.0 0.6088392857142857 0.596328125 0.15610119047619048 0.1207421875
2.0 0.9362499999999999 0.5909375 0.135 0.1325
