0.0 0.1150595238095238 0.5726953125 0.054285714285714284 0.2193359375
0.0 0.0874702380952381 0.5871484375 0.0525297619047619 0.209140625
0.0 0.47172619047619047 0.5718359375 0.06842261904761904 0.2023046875
0.0 0.48699404761904763 0.576640625 0.04788690476190476 0.168125
0.0 0.8382738095238096 0.571015625 0.07080357142857142 0.1958203125
0.0 0.25877976190476193 0.56578125 0.0731547619047619 0.2009375
0.0 0.6658333333333333 0.5517578125 0.06247023809523809 0.16328125
0.0 0.2571428571428572 0.5978515625 0.04636904761904762 0.085703125
0.0 0.20559523809523808 0.5938671875 0.048452380952380955 0.082421875
2.0 0.6484226190476191 0.5973046875 0.15610119047619048 0.12171875
