0.0 0.1150595238095238 0.5726953125 0.054285714285714284 0.219375
0.0 0.0874702380952381 0.5871484375 0.0525297619047619 0.209140625
0.0 0.4836607142857143 0.5715234375 0.08598214285714285 0.1993359375
0.0 0.5047321428571429 0.5797265625 0.04788690476190476 0.1693359375
0.0 0.8756845238095239 0.566171875 0.07794642857142857 0.1958203125
0.0 0.2855357142857143 0.5606640625 0.06044642857142857 0.1976953125
0.0 0.6167559523809524 0.5555859375 0.06383928571428571 0.1714453125
0.0 0.2607440476190476 0.59828125 0.04738095238095238 0.0859765625
0.0 0.20833333333333334 0.5937109375 0.05354166666666666 0.084296875
0.0 0.9459821428571429 0.5516015625 0.07050595238095239 0.163046875
2.0 0.595625 0.596015625 0.15610119047619048 0.1204296875
2.0 0.9254761904761905 0.591171875 0.1387797619047619 0.1328515625
