0.0 0.1150595238095238 0.5726953125 0.054285714285714284 0.219296875
0.0 0.0874702380952381 0.5871484375 0.0525297619047619 0.209140625
0.0 0.45860119047619047 0.571796875 0.06779761904761905 0.20125
0.0 0.47369047619047616 0.574453125 0.04788690476190476 0.1671875
0.0 0.8058630952380952 0.566875 0.08741071428571429 0.198046875
0.0 0.2420238095238095 0.5682421875 0.08345238095238094 0.200859375
0.0 0.7027380952380953 0.5470703125 0.06247023809523809 0.154609375
0.0 0.2544642857142857 0.5975390625 0.0455952380952381 0.0855078125
0.0 0.20324404761904763 0.59421875 0.04517857142857143 0.080234375
2.0 0.6850892857142857 0.5974609375 0.15235119047619047 0.120078125
