0.0 0.1150595238095238 0.57265625 0.054285714285714284 0.219453125
0.0 0.0874702380952381 0.5871484375 0.0525297619047619 0.209140625
0.0 0.5364285714285715 0.5732421875 0.07264880952380952 0.200703125
0.0 0.5513690476190476 0.581484375 0.05336309523809524 0.170546875
0.0 0.9748214285714286 0.5759375 0.06032738095238095 0.1755859375
0.0 0.3416071428571429 0.5573046875 0.0761904761904762 0.1846484375
0.0 0.46416666666666667 0.55609375 0.07095238095238095 0.1728125
0.0 0.27151785714285714 0.5994921875 0.05041666666666667 0.0867578125
0.0 0.2113690476190476 0.5932421875 0.06166666666666666 0.088046875
0.0 0.8016666666666667 0.551640625 0.07538690476190475 0.16359375
2.0 0.44642857142857145 0.5966015625 0.15145833333333333 0.1198828125
2.0 0.7850297619047618 0.592890625 0.15398809523809526 0.1318359375
