0.0 0.1150595238095238 0.5726171875 0.054285714285714284 0.219453125
0.0 0.0874702380952381 0.5871484375 0.0525297619047619 0.209140625
0.0 0.5270833333333333 0.5720703125 0.06535714285714286 0.200703125
0.0 0.5426190476190476 0.5818359375 0.05366071428571429 0.170546875
0.0 0.9693154761904762 0.570625 0.061041666666666675 0.1958203125
0.0 0.32857142857142857 0.5592578125 0.09571428571428571 0.1815234375
0.0 0.49041666666666667 0.5570703125 0.07095238095238095 0.1755078125
0.0 0.26970238095238097 0.5992578125 0.04991071428571429 0.086640625
0.0 0.21258928571428573 0.5933203125 0.06270833333333334 0.088046875
0.0 0.8279464285714285 0.5542578125 0.07214285714285713 0.1661328125
2.0 0.47080357142857143 0.5969140625 0.1523809523809524 0.1201171875
2.0 0.8097321428571428 0.59234375 0.15398809523809526 0.1341796875
