0.0 0.1150595238095238 0.57265625 0.054285714285714284 0.219375
0.0 0.0874702380952381 0.5871484375 0.0525297619047619 0.209140625
0.0 0.4943154761904762 0.571484375 0.0893154761904762 0.199296875
0.0 0.5180357142857143 0.5819921875 0.04788690476190476 0.170234375
0.0 0.9035119047619047 0.56671875 0.07773809523809525 0.1958203125
0.0 0.3011607142857143 0.557109375 0.07208333333333333 0.1858984375
0.0 0.577202380952381 0.5546484375 0.06800595238095239 0.1714453125
0.0 0.26342261904761904 0.5985546875 0.04812500000000001 0.086171875
0.0 0.21041666666666667 0.5936328125 0.05735119047619047 0.085703125
0.0 0.9110119047619049 0.552890625 0.07050595238095239 0.1644921875
2.0 0.5576785714285715 0.5959375 0.15529761904761905 0.1201171875
2.0 0.8931845238095238 0.59203125 0.15017857142857144 0.1338671875
