0.0 0.1150595238095238 0.5726171875 0.054285714285714284 0.219453125
0.0 0.0874702380952381 0.5871484375 0.0525297619047619 0.209140625
0.0 0.5317559523809523 0.5726171875 0.06901785714285714 0.200703125
0.0 0.5460119047619048 0.5817578125 0.05464285714285714 0.170546875
0.0 0.9719642857142856 0.5693359375 0.061041666666666675 0.1958203125
0.0 0.3350892857142857 0.5583203125 0.08595238095238095 0.1830859375
0.0 0.47732142857142856 0.5566015625 0.07095238095238095 0.1741796875
0.0 0.270625 0.599375 0.050148809523809526 0.0866796875
0.0 0.21196428571428572 0.59328125 0.062172619047619046 0.088046875
0.0 0.8147916666666666 0.55296875 0.0737797619047619 0.16484375
2.0 0.45842261904761905 0.59703125 0.15196428571428572 0.1201171875
2.0 0.7974107142857143 0.592578125 0.15398809523809526 0.1330078125
