0.0 0.1150595238095238 0.57265625 0.054285714285714284 0.2194140625
0.0 0.0874702380952381 0.5871484375 0.0525297619047619 0.209140625
0.0 0.4981547619047619 0.5714453125 0.0887797619047619 0.1996484375
0.0 0.5224702380952382 0.582734375 0.04788690476190476 0.170546875
0.0 0.9133928571428571 0.567578125 0.07550595238095238 0.1958203125
0.0 0.30639880952380955 0.5570703125 0.07595238095238095 0.1841796875
0.0 0.5651190476190476 0.5553125 0.06860119047619048 0.1728125
0.0 0.2643154761904762 0.598671875 0.04839285714285715 0.0862109375
0.0 0.2111011904761905 0.5935546875 0.05863095238095238 0.086171875
0.0 0.899375 0.55328125 0.07050595238095239 0.165
2.0 0.5452380952380952 0.59609375 0.15488095238095237 0.1201171875
2.0 0.8824404761904762 0.59234375 0.15398809523809526 0.1341796875
