0.0 0.1150595238095238 0.57265625 0.054285714285714284 0.2194140625
0.0 0.0874702380952381 0.5871484375 0.0525297619047619 0.209140625
0.0 0.5020238095238095 0.571484375 0.08824404761904761 0.2
0.0 0.5258333333333334 0.5825390625 0.048869047619047624 0.170546875
0.0 0.9232738095238096 0.5684765625 0.07324404761904761 0.1958203125
0.0 0.31008928571428573 0.557421875 0.07925595238095237 0.18375
0.0 0.5529761904761905 0.5559765625 0.06919642857142858 0.1741796875
0.0 0.2652083333333333 0.5987890625 0.04863095238095238 0.0862890625
0.0 0.21178571428571427 0.593515625 0.05991071428571428 0.086640625
0.0 0.8877083333333333 0.55375 0.07050595238095239 0.16546875
2.0 0.5328273809523809 0.5962109375 0.15446428571428572 0.1201171875
2.0 0.8703273809523809 0.59234375 0.15398809523809526 0.1341796875
