0.0 0.1150595238095238 0.5726171875 0.054285714285714284 0.21953125
0.0 0.0874702380952381 0.5871484375 0.0525297619047619 0.209140625
0.0 0.5720238095238095 0.5753125 0.09699404761904763 0.206953125
0.0 0.5955952380952381 0.5810546875 0.051428571428571435 0.170546875
0.0 0.3948809523809524 0.5678515625 0.08821428571428572 0.201171875
0.0 0.3538095238095238 0.556015625 0.07163690476190476 0.17234375
0.0 0.27958333333333335 0.6003515625 0.05267857142857143 0.08734375
0.0 0.20571428571428574 0.5928125 0.057023809523809525 0.088046875
0.0 0.6876488095238096 0.5541796875 0.07720238095238095 0.1670703125
2.0 0.3381845238095238 0.5925 0.14669642857142856 0.1179296875
2.0 0.6727083333333334 0.590390625 0.15351190476190477 0.1290625
