0.0 0.1150595238095238 0.5726171875 0.054285714285714284 0.219453125
0.0 0.0874702380952381 0.5871484375 0.0525297619047619 0.209140625
0.0 0.5411011904761904 0.5738671875 0.0762797619047619 0.200703125
0.0 0.5567261904761904 0.5812109375 0.05205357142857142 0.170546875
0.0 0.9776785714285714 0.5825390625 0.05964285714285714 0.1553125
0.0 0.3481547619047619 0.5562890625 0.06642857142857143 0.1862109375
0.0 0.45107142857142857 0.555625 0.07095238095238095 0.1714453125
0.0 0.2724107142857143 0.5995703125 0.050654761904761904 0.0868359375
0.0 0.21074404761904764 0.5931640625 0.06116071428571429 0.088046875
0.0 0.7885119047619048 0.5504296875 0.07702380952380952 0.1623046875
2.0 0.43437499999999996 0.59609375 0.15092261904761906 0.1196875
2.0 0.7727083333333333 0.593203125 0.15398809523809526 0.1306640625
