0.0 0.1150595238095238 0.5726171875 0.054285714285714284 0.2194921875
0.0 0.0874702380952381 0.5871484375 0.0525297619047619 0.209140625
0.0 0.5550595238095238 0.5756640625 0.08720238095238095 0.200703125
0.0 0.5727380952380953 0.5803515625 0.04821428571428571 0.170546875
0.0 0.3694642857142857 0.5593359375 0.0681845238095238 0.192421875
0.0 0.4148809523809524 0.555625 0.07095238095238095 0.1714453125
0.0 0.2751190476190476 0.59984375 0.051428571428571435 0.08703125
0.0 0.20883928571428573 0.593046875 0.05961309523809524 0.088046875
0.0 0.7502678571428572 0.5515234375 0.07782738095238095 0.163828125
2.0 0.3983035714285715 0.594765625 0.1493154761904762 0.1190234375
2.0 0.7352083333333334 0.5925390625 0.15398809523809526 0.129453125
