0.0 0.1150595238095238 0.5726171875 0.054285714285714284 0.21953125
0.0 0.0874702380952381 0.5871484375 0.0525297619047619 0.209140625
0.0 0.5769047619047619 0.5745703125 0.09595238095238096 0.206953125
0.0 0.5997023809523809 0.581484375 0.05336309523809524 0.170546875
0.0 0.39785714285714285 0.5690625 0.09232142857142857 0.2020703125
0.0 0.3416071428571429 0.556171875 0.07175595238095238 0.1725
0.0 0.2785714285714286 0.6003125 0.05258928571428572 0.08734375
0.0 0.2050892857142857 0.592734375 0.05651785714285714 0.088046875
0.0 0.6751785714285715 0.5536328125 0.0775 0.166640625
2.0 0.3261904761904762 0.59203125 0.14616071428571428 0.117734375
2.0 0.6604761904761904 0.5903515625 0.1530357142857143 0.1286328125
