0.0 0.1150595238095238 0.5726171875 0.054285714285714284 0.2194921875
0.0 0.0874702380952381 0.5871484375 0.0525297619047619 0.209140625
0.0 0.5504166666666667 0.5750390625 0.08354166666666667 0.200703125
0.0 0.5674107142857143 0.5805859375 0.04949404761904762 0.170546875
0.0 0.3630059523809524 0.5573046875 0.06422619047619046 0.190078125
0.0 0.4269345238095238 0.555625 0.07095238095238095 0.1714453125
0.0 0.27422619047619046 0.5998046875 0.05116071428571429 0.086953125
0.0 0.20946428571428571 0.5930859375 0.060119047619047614 0.088046875
0.0 0.7627976190476191 0.5503515625 0.07824404761904762 0.162421875
2.0 0.41035714285714286 0.595234375 0.14985119047619047 0.1192578125
2.0 0.747827380952381 0.5930078125 0.15398809523809526 0.129453125
