0.0 0.1150595238095238 0.5726171875 0.054285714285714284 0.21953125
0.0 0.0874702380952381 0.5871484375 0.0525297619047619 0.209140625
0.0 0.5671428571428572 0.5759765625 0.0980654761904762 0.206953125
0.0 0.591547619047619 0.5805859375 0.04949404761904762 0.170546875
0.0 0.391875 0.56671875 0.08413690476190476 0.2002734375
0.0 0.36601190476190476 0.5559765625 0.07148809523809524 0.1721484375
0.0 0.2786904761904762 0.6002734375 0.05244047619047619 0.0873046875
0.0 0.2063392857142857 0.5928515625 0.05755952380952381 0.088046875
0.0 0.7001190476190476 0.5546875 0.07693452380952381 0.1675390625
2.0 0.35020833333333334 0.5929296875 0.14720238095238095 0.1181640625
2.0 0.6849702380952382 0.5905078125 0.15398809523809526 0.129453125
