0.0 0.1150595238095238 0.572578125 0.054285714285714284 0.21953125
0.0 0.0874702380952381 0.5871484375 0.0525297619047619 0.209140625
0.0 0.5833035714285715 0.5744140625 0.09169642857142857 0.206953125
0.0 0.6037202380952381 0.5818359375 0.055267857142857146 0.170546875
0.0 0.4008928571428571 0.5701953125 0.09639880952380953 0.20296875
0.0 0.3294047619047619 0.55625 0.0719047619047619 0.1726953125
0.0 0.2775595238095238 0.600234375 0.052500000000000005 0.08734375
0.0 0.20443452380952382 0.5926953125 0.05601190476190476 0.088046875
0.0 0.6626785714285715 0.553125 0.07779761904761905 0.1662109375
2.0 0.31416666666666665 0.5915625 0.145625 0.1175
2.0 0.6482440476190476 0.5901953125 0.1525595238095238 0.1282421875
