0.0 0.1150595238095238 0.572578125 0.054285714285714284 0.2195703125
0.0 0.0874702380952381 0.5871484375 0.0525297619047619 0.209140625
0.0 0.5960119047619047 0.5740234375 0.08321428571428571 0.206953125
0.0 0.6118750000000001 0.582734375 0.05910714285714286 0.170546875
0.0 0.40922619047619047 0.57046875 0.09354166666666666 0.2053125
0.0 0.3049702380952381 0.55640625 0.07217261904761904 0.173046875
0.0 0.2755654761904762 0.6 0.05232142857142857 0.08734375
0.0 0.2032142857142857 0.5926171875 0.05497023809523809 0.088046875
0.0 0.6376785714285714 0.55203125 0.07836309523809523 0.1652734375
2.0 0.2900892857142857 0.5906640625 0.14455357142857142 0.1170703125
2.0 0.6237797619047619 0.5900390625 0.15160714285714286 0.1273828125
