0.0 0.1150595238095238 0.572578125 0.054285714285714284 0.2195703125
0.0 0.0874702380952381 0.5871484375 0.0525297619047619 0.209140625
0.0 0.589672619047619 0.5742578125 0.0874702380952381 0.206953125
0.0 0.6078273809523809 0.5823046875 0.05720238095238095 0.170546875
0.0 0.40386904761904757 0.5713671875 0.10050595238095239 0.2038671875
0.0 0.31720238095238096 0.5562890625 0.07205357142857143 0.1728515625
0.0 0.27654761904761904 0.6001171875 0.05241071428571428 0.08734375
0.0 0.20386904761904762 0.5926171875 0.05547619047619048 0.088046875
0.0 0.6502083333333333 0.5526171875 0.07806547619047619 0.1657421875
2.0 0.30214285714285716 0.59109375 0.14508928571428573 0.1173046875
2.0 0.6359821428571428 0.590078125 0.15208333333333335 0.1278125
