0.0 0.1150595238095238 0.572578125 0.054285714285714284 0.219609375
0.0 0.08711309523809524 0.5871484375 0.0525297619047619 0.209140625
0.0 0.625 0.5751171875 0.09023809523809524 0.2050390625
0.0 0.645922619047619 0.581015625 0.05125 0.170546875
0.0 0.4502083333333334 0.565546875 0.05961309523809524 0.2119140625
0.0 0.22068452380952383 0.5530859375 0.07217261904761904 0.1663671875
0.0 0.26845238095238094 0.599453125 0.051666666666666666 0.08734375
0.0 0.1988095238095238 0.5928125 0.050654761904761904 0.088046875
0.0 0.5502976190476191 0.548359375 0.08035714285714286 0.1621484375
2.0 0.20595238095238097 0.5942578125 0.14392857142857143 0.1170703125
2.0 0.538125 0.5892578125 0.14830357142857142 0.1244921875
