0.0 0.1150595238095238 0.5726171875 0.054285714285714284 0.2195703125
0.0 0.0874702380952381 0.5871484375 0.0525297619047619 0.209140625
0.0 0.6087797619047619 0.5737109375 0.07473214285714286 0.206953125
0.0 0.6215773809523809 0.5822265625 0.056874999999999995 0.170546875
0.0 0.42000000000000004 0.568671875 0.07964285714285715 0.2081640625
0.0 0.2808928571428571 0.5554296875 0.07217261904761904 0.1711328125
0.0 0.2735416666666667 0.59984375 0.052142857142857144 0.08734375
0.0 0.2019642857142857 0.5925390625 0.053839285714285715 0.088046875
0.0 0.6127380952380952 0.551015625 0.07892857142857143 0.164375
2.0 0.26586309523809526 0.5920703125 0.14455357142857142 0.1170703125
2.0 0.5993154761904762 0.58984375 0.1506547619047619 0.1265625
