0.0 0.1150595238095238 0.5725390625 0.054285714285714284 0.219609375
0.0 0.08699404761904762 0.5871484375 0.0525297619047619 0.209140625
0.0 0.6274702380952382 0.575546875 0.09517857142857143 0.2045703125
0.0 0.6507738095238095 0.58078125 0.050148809523809526 0.170546875
0.0 0.4565476190476191 0.5666015625 0.07226190476190476 0.209765625
0.0 0.20943452380952382 0.5530859375 0.0718452380952381 0.1663671875
0.0 0.2674404761904762 0.599375 0.051577380952380944 0.08734375
0.0 0.1981845238095238 0.5928515625 0.0500297619047619 0.088046875
0.0 0.5377678571428571 0.547890625 0.080625 0.1616796875
2.0 0.19461309523809525 0.5935546875 0.14327380952380953 0.1170703125
2.0 0.5262202380952381 0.58921875 0.14830357142857142 0.124140625
