0.0 0.11467261904761905 0.5738671875 0.054196428571428576 0.222265625
0.0 0.08642857142857142 0.5871484375 0.0525297619047619 0.209140625
0.0 0.650327380952381 0.5757421875 0.09113095238095238 0.206953125
0.0 0.6625 0.58078125 0.06669642857142857 0.170546875
0.0 0.4787797619047619 0.5696484375 0.09749999999999999 0.2048046875
0.0 0.1532142857142857 0.5530859375 0.07023809523809524 0.1663671875
0.0 0.26142857142857145 0.599296875 0.05 0.08734375
0.0 0.1950297619047619 0.593046875 0.046875 0.088046875
0.0 0.4780952380952381 0.54578125 0.0775 0.15453125
2.0 0.13788690476190477 0.5899609375 0.14005952380952383 0.1170703125
2.0 0.46669642857142857 0.5889453125 0.14830357142857142 0.122421875
