0.0 0.11431547619047618 0.5751953125 0.054107142857142854 0.2248828125
0.0 0.08604166666666667 0.5871484375 0.0525297619047619 0.209140625
0.0 0.6682440476190477 0.5751953125 0.07723214285714286 0.2102734375
0.0 0.6765476190476191 0.5816796875 0.061994047619047615 0.17234375
0.0 0.48892857142857143 0.569453125 0.08892857142857143 0.206953125
0.0 0.12104166666666667 0.5530859375 0.06994047619047619 0.1663671875
0.0 0.2576785714285714 0.599296875 0.048898809523809525 0.08734375
0.0 0.193125 0.5931640625 0.045 0.088046875
0.0 0.44223214285714285 0.5445703125 0.07559523809523809 0.1502734375
2.0 0.10485119047619047 0.5883203125 0.13788690476190477 0.1170703125
2.0 0.43098214285714287 0.58875 0.14830357142857142 0.12140625
