0.0 0.1150595238095238 0.5725390625 0.054285714285714284 0.2196484375
0.0 0.08675595238095238 0.5871484375 0.0525297619047619 0.209140625
0.0 0.6324107142857143 0.5762890625 0.1050297619047619 0.2036328125
0.0 0.6554761904761905 0.58078125 0.05675595238095238 0.170546875
0.0 0.46922619047619046 0.5687109375 0.0976190476190476 0.2055078125
0.0 0.18693452380952383 0.5530859375 0.0712202380952381 0.1663671875
0.0 0.26517857142857143 0.599296875 0.05110119047619048 0.08734375
0.0 0.1969047619047619 0.5929296875 0.04877976190476191 0.088046875
0.0 0.5139285714285714 0.54703125 0.079375 0.158828125
2.0 0.17193452380952381 0.5920703125 0.14199404761904763 0.1170703125
2.0 0.5024107142857143 0.5891015625 0.14830357142857142 0.1234765625
