0.0 0.11416666666666667 0.575625 0.05407738095238096 0.22578125
0.0 0.08595238095238095 0.5871484375 0.0525297619047619 0.209140625
0.0 0.6739285714285714 0.5751953125 0.07553571428571429 0.2102734375
0.0 0.6824404761904762 0.582109375 0.05800595238095237 0.1732421875
0.0 0.4970833333333334 0.569375 0.07651785714285715 0.20765625
0.0 0.11056547619047619 0.5530859375 0.06994047619047619 0.1663671875
0.0 0.2564285714285714 0.599296875 0.048541666666666664 0.08734375
0.0 0.1925297619047619 0.593203125 0.044375 0.088046875
0.0 0.43026785714285715 0.5441796875 0.0749702380952381 0.148828125
2.0 0.09455357142857143 0.5881640625 0.13699404761904763 0.1170703125
2.0 0.41907738095238095 0.5887109375 0.14830357142857142 0.1210546875
