0.0 0.11443452380952382 0.574765625 0.05413690476190477 0.2240234375
0.0 0.08616071428571428 0.5871484375 0.0525297619047619 0.209140625
0.0 0.6622916666666667 0.5754296875 0.081875 0.2091796875
0.0 0.6707142857142857 0.58125 0.06598214285714286 0.1714453125
0.0 0.48553571428571424 0.56953125 0.09178571428571429 0.2062109375
0.0 0.13151785714285713 0.5530859375 0.06994047619047619 0.1663671875
0.0 0.25892857142857145 0.599296875 0.049255952380952386 0.08734375
0.0 0.19374999999999998 0.5930859375 0.045625 0.088046875
0.0 0.4541964285714286 0.545 0.07622023809523809 0.1516796875
2.0 0.11517857142857144 0.5884765625 0.1387797619047619 0.1170703125
2.0 0.4428869047619048 0.588828125 0.14830357142857142 0.12171875
