0.0 0.1150595238095238 0.5725390625 0.054285714285714284 0.2196484375
0.0 0.0869047619047619 0.5871484375 0.0525297619047619 0.209140625
0.0 0.6299404761904762 0.5759375 0.10008928571428573 0.2041015625
0.0 0.6530952380952381 0.58078125 0.05345238095238095 0.170546875
0.0 0.46288690476190475 0.56765625 0.08494047619047619 0.20765625
0.0 0.1981845238095238 0.5530859375 0.07154761904761904 0.1663671875
0.0 0.26645833333333335 0.599296875 0.05148809523809524 0.08734375
0.0 0.1975595238095238 0.5928515625 0.04940476190476191 0.088046875
0.0 0.5258630952380953 0.547421875 0.08 0.1602734375
2.0 0.1832738095238095 0.5928515625 0.1426488095238095 0.1170703125
2.0 0.5143154761904762 0.5891796875 0.14830357142857142 0.1237890625
