0.0 0.11431547619047618 0.5745703125 0.05377976190476191 0.2237109375
0.0 0.08488095238095238 0.5871484375 0.0525297619047619 0.209140625
0.0 0.7047321428571428 0.5756640625 0.09794642857142856 0.2093359375
0.0 0.7164583333333333 0.5859375 0.060267857142857144 0.1759765625
0.0 0.5496428571428572 0.5699609375 0.09357142857142857 0.2070703125
0.0 0.02413690476190476 0.5496484375 0.04836309523809524 0.1594921875
0.0 0.2423511904761905 0.59953125 0.047440476190476186 0.08734375
0.0 0.18517857142857141 0.5937109375 0.041220238095238095 0.088046875
0.0 0.32375 0.546640625 0.07473214285714286 0.1526171875
2.0 0.03288690476190476 0.587421875 0.06514880952380953 0.1170703125
2.0 0.31419642857142854 0.5877734375 0.14294642857142859 0.1154296875
