0.0 0.11425595238095239 0.574765625 0.05380952380952381 0.2240625
0.0 0.08499999999999999 0.5871484375 0.0525297619047619 0.209140625
0.0 0.7024107142857142 0.5755859375 0.09336309523809525 0.2094921875
0.0 0.7137202380952381 0.5855078125 0.05788690476190476 0.1759765625
0.0 0.5461607142857142 0.5691796875 0.0880952380952381 0.2080859375
0.0 0.033482142857142856 0.549453125 0.05711309523809524 0.1629296875
0.0 0.24407738095238096 0.5994921875 0.047440476190476186 0.08734375
0.0 0.18619047619047618 0.5936328125 0.041220238095238095 0.088046875
0.0 0.33556547619047616 0.546171875 0.07458333333333333 0.1516796875
2.0 0.03833333333333334 0.587421875 0.07607142857142857 0.1170703125
2.0 0.3258035714285714 0.587890625 0.14360119047619047 0.11609375
