0.0 0.11416666666666667 0.5753125 0.05389880952380952 0.2251953125
0.0 0.08535714285714285 0.5871484375 0.0525297619047619 0.209140625
0.0 0.6955654761904763 0.5753515625 0.07964285714285715 0.2099609375
0.0 0.7054464285714286 0.584296875 0.05077380952380952 0.1759765625
0.0 0.5292857142857142 0.5668359375 0.05895833333333333 0.2110546875
0.0 0.05824404761904762 0.5530859375 0.06994047619047619 0.1663671875
0.0 0.24925595238095238 0.599375 0.047440476190476186 0.08734375
0.0 0.1893452380952381 0.5934375 0.041220238095238095 0.088046875
0.0 0.370952380952381 0.5447265625 0.07413690476190476 0.148828125
2.0 0.05473214285714286 0.587421875 0.10883928571428572 0.1170703125
2.0 0.3606547619047619 0.588203125 0.145625 0.1180859375
