0.0 0.11410714285714287 0.5755078125 0.05392857142857143 0.225546875
0.0 0.08547619047619047 0.5871484375 0.0525297619047619 0.209140625
0.0 0.6932738095238096 0.5752734375 0.07505952380952381 0.2101171875
0.0 0.7027380952380953 0.5838671875 0.04839285714285715 0.1759765625
0.0 0.5228869047619048 0.56734375 0.06247023809523809 0.210390625
0.0 0.06866071428571428 0.5530859375 0.06994047619047619 0.1663671875
0.0 0.25092261904761903 0.599375 0.047440476190476186 0.08734375
0.0 0.18997023809523808 0.5933984375 0.041845238095238095 0.088046875
0.0 0.38279761904761905 0.5442578125 0.07398809523809524 0.147890625
2.0 0.06017857142857143 0.587421875 0.11976190476190476 0.1170703125
2.0 0.3722916666666667 0.5883203125 0.1462797619047619 0.1187109375
