0.0 0.11404761904761905 0.5760546875 0.054047619047619046 0.226640625
0.0 0.08583333333333333 0.5871484375 0.0525297619047619 0.209140625
0.0 0.6796130952380952 0.5751953125 0.07386904761904763 0.2102734375
0.0 0.6882738095238095 0.582578125 0.05398809523809524 0.174140625
0.0 0.5035416666666667 0.5688671875 0.07300595238095238 0.2083203125
0.0 0.10011904761904762 0.5530859375 0.06994047619047619 0.1663671875
0.0 0.2552083333333333 0.599296875 0.0481547619047619 0.08734375
0.0 0.191875 0.5932421875 0.0437202380952381 0.088046875
0.0 0.41836309523809523 0.5437109375 0.0743452380952381 0.1473828125
2.0 0.08428571428571428 0.5879296875 0.13610119047619046 0.1170703125
2.0 0.40717261904761903 0.588671875 0.14830357142857142 0.120703125
