0.0 0.11419642857142856 0.57515625 0.05386904761904762 0.2248046875
0.0 0.08523809523809524 0.5871484375 0.0525297619047619 0.209140625
0.0 0.6978571428571428 0.5754296875 0.08422619047619048 0.2098046875
0.0 0.7081845238095238 0.5846875 0.053154761904761906 0.1759765625
0.0 0.5391666666666667 0.5676171875 0.07717261904761905 0.210078125
0.0 0.04776785714285715 0.5530859375 0.06994047619047619 0.1663671875
0.0 0.24752976190476192 0.5994140625 0.047440476190476186 0.08734375
0.0 0.1882738095238095 0.593515625 0.041220238095238095 0.088046875
0.0 0.3591666666666667 0.5451953125 0.07428571428571429 0.149765625
2.0 0.049255952380952386 0.587421875 0.09791666666666667 0.1170703125
2.0 0.34904761904761905 0.588125 0.1449404761904762 0.117421875
