0.0 0.1137202380952381 0.5778125 0.055178571428571424 0.22546875
0.0 0.08211309523809524 0.5871484375 0.0525297619047619 0.209140625
0.0 0.6132738095238095 0.5706640625 0.049315476190476194 0.1716796875
0.0 0.6136309523809524 0.564921875 0.060476190476190475 0.17578125
0.0 0.24964285714285714 0.5480859375 0.08297619047619047 0.1867578125
0.0 0.29910714285714285 0.549140625 0.044642857142857144 0.0978125
0.0 0.5953273809523809 0.563828125 0.08303571428571428 0.16046875
0.0 0.03425595238095238 0.5725390625 0.05148809523809524 0.1916015625
2.0 0.2500595238095238 0.593359375 0.15476190476190477 0.1234765625
2.0 0.5936309523809524 0.6125 0.1480654761904762 0.1031640625
