0.0 0.1137202380952381 0.5778125 0.055178571428571424 0.22546875
0.0 0.08211309523809524 0.5871484375 0.0525297619047619 0.209140625
0.0 0.6149404761904762 0.5708984375 0.04904761904761905 0.1716796875
0.0 0.6161607142857143 0.5648828125 0.06095238095238095 0.1762109375
0.0 0.25898809523809524 0.5485546875 0.08333333333333333 0.18734375
0.0 0.308452380952381 0.5494921875 0.044642857142857144 0.098125
0.0 0.6070833333333333 0.5641796875 0.08327380952380953 0.16109375
0.0 0.028690476190476193 0.5710546875 0.05148809523809524 0.192734375
2.0 0.2592857142857143 0.5936328125 0.15514880952380952 0.1234765625
2.0 0.6054761904761905 0.61296875 0.14845238095238095 0.1031640625
