0.0 0.1137202380952381 0.5778125 0.055178571428571424 0.22546875
0.0 0.08211309523809524 0.5871484375 0.0525297619047619 0.209140625
0.0 0.611577380952381 0.5705078125 0.04958333333333333 0.1716796875
0.0 0.6110416666666667 0.5648828125 0.06 0.175390625
0.0 0.24023809523809522 0.5476171875 0.08258928571428571 0.186171875
0.0 0.2897619047619048 0.548828125 0.044642857142857144 0.0975
0.0 0.5836011904761905 0.563515625 0.08279761904761905 0.1598046875
0.0 0.03982142857142858 0.573984375 0.05148809523809524 0.1905078125
2.0 0.24083333333333334 0.5930859375 0.1543452380952381 0.1234765625
2.0 0.5820238095238095 0.6120703125 0.1480654761904762 0.1031640625
