0.0 0.1137202380952381 0.5778125 0.055178571428571424 0.22546875
0.0 0.08211309523809524 0.5871484375 0.0525297619047619 0.209140625
0.0 0.6065476190476191 0.56984375 0.05038690476190476 0.1716796875
0.0 0.6033333333333333 0.5648046875 0.05857142857142857 0.1741796875
0.0 0.21214285714285713 0.5461328125 0.08148809523809523 0.184453125
0.0 0.2616964285714286 0.547890625 0.044642857142857144 0.0965625
0.0 0.5483630952380952 0.5626171875 0.08208333333333333 0.1579296875
0.0 0.03410714285714286 0.564375 0.05544642857142857 0.2144140625
0.0 0.05651785714285714 0.57828125 0.05148809523809524 0.1871875
2.0 0.21241071428571429 0.5923046875 0.15294642857142857 0.122421875
2.0 0.5471428571428572 0.6109375 0.1480654761904762 0.1031640625
