0.0 0.1137202380952381 0.5778125 0.055178571428571424 0.22546875
0.0 0.08211309523809524 0.5871484375 0.0525297619047619 0.209140625
0.0 0.6082142857142857 0.5700390625 0.05011904761904762 0.1716796875
0.0 0.6058928571428572 0.5648046875 0.05904761904761905 0.1745703125
0.0 0.22151785714285716 0.546640625 0.081875 0.1850390625
0.0 0.2710119047619048 0.548203125 0.044642857142857144 0.096875
0.0 0.5600892857142857 0.5629296875 0.08232142857142857 0.1585546875
0.0 0.05095238095238096 0.576875 0.05148809523809524 0.18828125
2.0 0.2224107142857143 0.592578125 0.15351190476190477 0.1234765625
2.0 0.5587797619047619 0.611328125 0.1480654761904762 0.1031640625
