0.0 0.1137202380952381 0.5778125 0.055178571428571424 0.22546875
0.0 0.08211309523809524 0.5871484375 0.0525297619047619 0.209140625
0.0 0.5964285714285714 0.5687109375 0.05205357142857142 0.1716796875
0.0 0.5904464285714285 0.5645703125 0.05755952380952381 0.1735546875
0.0 0.1570238095238095 0.539765625 0.07607142857142857 0.1705859375
0.0 0.20184523809523808 0.546171875 0.044642857142857144 0.0959375
0.0 0.48083333333333333 0.56203125 0.08413690476190476 0.156796875
0.0 0.06458333333333333 0.5630078125 0.09610119047619048 0.222421875
0.0 0.09770833333333333 0.578046875 0.05654761904761905 0.1895703125
2.0 0.15345238095238095 0.5908203125 0.1505952380952381 0.117109375
2.0 0.4795535714285714 0.610078125 0.14732142857142858 0.1031640625
