0.0 0.1137202380952381 0.5778125 0.055178571428571424 0.22546875
0.0 0.08211309523809524 0.5871484375 0.0525297619047619 0.209140625
0.0 0.5913690476190476 0.5680859375 0.05285714285714286 0.1716796875
0.0 0.5851785714285714 0.564453125 0.05800595238095237 0.1741015625
0.0 0.1268452380952381 0.5384375 0.07297619047619047 0.1673046875
0.0 0.17107142857142857 0.5453125 0.044642857142857144 0.0959375
0.0 0.4485119047619047 0.5623828125 0.08687500000000001 0.1575
0.0 0.9663095238095238 0.56171875 0.07860119047619048 0.16921875
0.0 0.09110119047619047 0.5635546875 0.08351190476190476 0.222421875
0.0 0.11830357142857142 0.57796875 0.05907738095238096 0.1907421875
2.0 0.12654761904761905 0.589609375 0.15220238095238095 0.117109375
2.0 0.4468154761904762 0.6103125 0.14657738095238096 0.1031640625
