0.0 0.1137202380952381 0.5778125 0.055178571428571424 0.22546875
0.0 0.08211309523809524 0.5871484375 0.0525297619047619 0.209140625
0.0 0.5930357142857142 0.5682421875 0.05258928571428572 0.1716796875
0.0 0.5869047619047618 0.5644921875 0.057857142857142864 0.17390625
0.0 0.13690476190476192 0.5388671875 0.07401785714285715 0.1683984375
0.0 0.1813095238095238 0.545546875 0.044642857142857144 0.0959375
0.0 0.45928571428571424 0.562265625 0.08598214285714285 0.157265625
0.0 0.08223214285714285 0.5633984375 0.08770833333333333 0.222421875
0.0 0.11142857142857142 0.57796875 0.05824404761904762 0.1903515625
2.0 0.1355357142857143 0.59 0.15166666666666667 0.117109375
2.0 0.4577380952380953 0.6101953125 0.1468452380952381 0.1031640625
