0.0 0.1137202380952381 0.5778125 0.055178571428571424 0.22546875
0.0 0.08211309523809524 0.5871484375 0.0525297619047619 0.209140625
0.0 0.5997916666666667 0.5691015625 0.05148809523809524 0.1716796875
0.0 0.5939285714285715 0.5646875 0.05726190476190476 0.1731640625
0.0 0.17535714285714285 0.542109375 0.07809523809523809 0.1758984375
0.0 0.2224404761904762 0.54671875 0.044642857142857144 0.0959375
0.0 0.5023809523809524 0.5617578125 0.08229166666666667 0.156328125
0.0 0.05443452380952381 0.5634765625 0.08252976190476191 0.219765625
0.0 0.08398809523809524 0.578125 0.054880952380952384 0.1887890625
2.0 0.17244047619047617 0.59140625 0.150625 0.1181640625
2.0 0.5013988095238096 0.6098828125 0.14782738095238096 0.1031640625
