0.0 0.1137202380952381 0.5778125 0.055178571428571424 0.22546875
0.0 0.08211309523809524 0.5871484375 0.0525297619047619 0.209140625
0.0 0.5880059523809523 0.56765625 0.053422619047619045 0.1716796875
0.0 0.5816964285714286 0.564375 0.05830357142857143 0.1744921875
0.0 0.10675595238095237 0.537578125 0.07092261904761904 0.165078125
0.0 0.15110119047619047 0.5451953125 0.044642857142857144 0.0956640625
0.0 0.42749999999999994 0.5627734375 0.08413690476190476 0.158984375
0.0 0.9406845238095238 0.55953125 0.08095238095238096 0.166171875
0.0 0.10872023809523809 0.5638671875 0.07511904761904761 0.222421875
0.0 0.13202380952380952 0.5778515625 0.06077380952380953 0.1915234375
2.0 0.10860119047619048 0.5887890625 0.15327380952380953 0.117109375
2.0 0.42500000000000004 0.6104296875 0.1461011904761905 0.1031640625
