0.0 0.1137202380952381 0.5778125 0.055178571428571424 0.22546875
0.0 0.08211309523809524 0.5871484375 0.0525297619047619 0.209140625
0.0 0.598125 0.5688671875 0.05175595238095238 0.1716796875
0.0 0.5922023809523809 0.5646484375 0.05741071428571428 0.173359375
0.0 0.1661904761904762 0.5409375 0.07708333333333332 0.1732421875
0.0 0.21214285714285713 0.54640625 0.044642857142857144 0.0959375
0.0 0.49160714285714285 0.561875 0.08321428571428571 0.1565625
0.0 0.05952380952380952 0.56328125 0.0893154761904762 0.22109375
0.0 0.09083333333333334 0.5780859375 0.05571428571428571 0.1891796875
2.0 0.1624404761904762 0.5912109375 0.1500595238095238 0.117109375
2.0 0.4905059523809524 0.61 0.14758928571428573 0.1031640625
