0.0 0.1137202380952381 0.5778125 0.055178571428571424 0.22546875
0.0 0.08211309523809524 0.5871484375 0.0525297619047619 0.209140625
0.0 0.589672619047619 0.5678515625 0.053125000000000006 0.1716796875
0.0 0.583452380952381 0.5644140625 0.058154761904761904 0.174296875
0.0 0.11681547619047619 0.5380078125 0.07196428571428572 0.166171875
0.0 0.16080357142857143 0.545 0.044642857142857144 0.0959375
0.0 0.4380357142857143 0.5626171875 0.08550595238095238 0.1582421875
0.0 0.9535119047619047 0.5606640625 0.07976190476190477 0.1676953125
0.0 0.09991071428571428 0.5637109375 0.07931547619047619 0.222421875
0.0 0.12514880952380952 0.5779296875 0.05994047619047619 0.1911328125
2.0 0.11755952380952381 0.5891796875 0.15273809523809523 0.117109375
2.0 0.4358630952380952 0.6103515625 0.14633928571428573 0.1031640625
