0.0 0.1137202380952381 0.5778125 0.055178571428571424 0.22546875
0.0 0.08211309523809524 0.5871484375 0.0525297619047619 0.209140625
0.0 0.5947321428571429 0.5684765625 0.05232142857142857 0.1716796875
0.0 0.5887202380952381 0.56453125 0.057708333333333334 0.17375
0.0 0.1469940476190476 0.539296875 0.07505952380952381 0.1694921875
0.0 0.19160714285714284 0.545859375 0.044642857142857144 0.0959375
0.0 0.4700595238095238 0.5621484375 0.0850297619047619 0.15703125
0.0 0.07339285714285715 0.5631640625 0.0919047619047619 0.222421875
0.0 0.10455357142857144 0.5780078125 0.05741071428571428 0.1899609375
2.0 0.1444940476190476 0.5903515625 0.1511309523809524 0.117109375
2.0 0.46866071428571426 0.6101171875 0.14708333333333334 0.1031640625
