0.0 0.1137202380952381 0.5778125 0.055178571428571424 0.22546875
0.0 0.08211309523809524 0.5871484375 0.0525297619047619 0.209140625
0.0 0.5835119047619047 0.56765625 0.05485119047619048 0.1716796875
0.0 0.5782142857142857 0.56421875 0.05857142857142857 0.1748828125
0.0 0.08663690476190476 0.5367578125 0.06886904761904762 0.1628515625
0.0 0.1317559523809524 0.545546875 0.044642857142857144 0.095078125
0.0 0.40651785714285715 0.563125 0.08136904761904762 0.1604296875
0.0 0.9150892857142858 0.557265625 0.08327380952380953 0.1630859375
0.0 0.12639880952380952 0.56421875 0.06675595238095237 0.222421875
0.0 0.1457440476190476 0.5777734375 0.06247023809523809 0.1923046875
2.0 0.0906547619047619 0.5879296875 0.15437499999999998 0.117109375
2.0 0.40437500000000004 0.61 0.14517857142857143 0.1031640625
2.0 0.913125 0.6137109375 0.14827380952380953 0.100703125
