0.0 0.1137202380952381 0.5778125 0.055178571428571424 0.22546875
0.0 0.08211309523809524 0.5871484375 0.0525297619047619 0.209140625
0.0 0.5745535714285714 0.56765625 0.05776785714285714 0.1716796875
0.0 0.57125 0.5640625 0.059166666666666666 0.175625
0.0 0.04639880952380952 0.535 0.06476190476190477 0.1584375
0.0 0.09300595238095238 0.5462890625 0.044642857142857144 0.093984375
0.0 0.3645238095238095 0.563828125 0.07583333333333334 0.1633203125
0.0 0.8616964285714285 0.5526171875 0.08562499999999999 0.1567578125
0.0 0.15696428571428572 0.567265625 0.06690476190476191 0.2246875
0.0 0.17360119047619046 0.5780859375 0.06172619047619047 0.192734375
2.0 0.07336309523809523 0.587578125 0.14517857142857143 0.117109375
2.0 0.36315476190476187 0.6089453125 0.1433333333333333 0.1031640625
2.0 0.8581249999999999 0.6137109375 0.14827380952380953 0.100703125
