0.0 0.1137202380952381 0.5778125 0.055178571428571424 0.22546875
0.0 0.08211309523809524 0.5871484375 0.0525297619047619 0.209140625
0.0 0.5812797619047619 0.56765625 0.05559523809523809 0.1716796875
0.0 0.5764583333333333 0.56421875 0.058720238095238096 0.175078125
0.0 0.07654761904761904 0.536328125 0.06785714285714287 0.1617578125
0.0 0.12202380952380952 0.54578125 0.044642857142857144 0.0948046875
0.0 0.3960119047619048 0.5633203125 0.0799702380952381 0.1611328125
0.0 0.9022916666666667 0.556171875 0.08446428571428571 0.1615625
0.0 0.13520833333333332 0.5643359375 0.06255952380952381 0.222421875
0.0 0.15261904761904763 0.577734375 0.06330357142857143 0.192734375
2.0 0.08166666666666667 0.587578125 0.1549107142857143 0.117109375
2.0 0.39407738095238093 0.6096875 0.14470238095238094 0.1031640625
2.0 0.899375 0.6137109375 0.14827380952380953 0.100703125
