0.0 0.1137202380952381 0.5778125 0.055178571428571424 0.22546875
0.0 0.08211309523809524 0.5871484375 0.0525297619047619 0.209140625
0.0 0.570029761904762 0.56765625 0.059226190476190474 0.1716796875
0.0 0.5677678571428572 0.5639453125 0.05946428571428571 0.176015625
0.0 0.032380952380952385 0.53453125 0.06035714285714286 0.15734375
0.0 0.07366071428571429 0.546640625 0.044642857142857144 0.0933984375
0.0 0.34342261904761906 0.56328125 0.07782738095238095 0.1612109375
0.0 0.8339583333333332 0.55015625 0.08562499999999999 0.1534765625
0.0 0.17151785714285714 0.569140625 0.06982142857142858 0.2262109375
0.0 0.18755952380952381 0.5783203125 0.06068452380952381 0.192734375
2.0 0.3425297619047619 0.6084375 0.14241071428571428 0.1031640625
2.0 0.8307738095238095 0.6139453125 0.14928571428571427 0.100859375
