0.0 0.1137202380952381 0.5778125 0.055178571428571424 0.22546875
0.0 0.08211309523809524 0.5871484375 0.0525297619047619 0.209140625
0.0 0.565595238095238 0.56765625 0.058720238095238096 0.1716796875
0.0 0.5619345238095238 0.5640234375 0.061190476190476184 0.1762109375
0.0 0.020595238095238094 0.53453125 0.0412797619047619 0.15734375
0.0 0.044583333333333336 0.5472265625 0.044642857142857144 0.092578125
0.0 0.3117857142857143 0.562578125 0.08080357142857142 0.1580859375
0.0 0.7920238095238096 0.5493359375 0.08562499999999999 0.1518359375
0.0 0.19464285714285717 0.5705078125 0.07657738095238095 0.228828125
0.0 0.20854166666666665 0.5786328125 0.05910714285714286 0.192734375
2.0 0.31163690476190475 0.6076953125 0.14104166666666668 0.1031640625
2.0 0.7897619047619048 0.614296875 0.1507738095238095 0.10109375
