0.0 0.1137202380952381 0.5778125 0.055178571428571424 0.22546875
0.0 0.08211309523809524 0.5871484375 0.0525297619047619 0.209140625
0.0 0.567827380952381 0.56765625 0.05997023809523809 0.1716796875
0.0 0.5658333333333333 0.563984375 0.06002976190476191 0.17609375
0.0 0.028452380952380955 0.53453125 0.05699404761904762 0.15734375
0.0 0.06392857142857143 0.546875 0.044642857142857144 0.093125
0.0 0.33285714285714285 0.563046875 0.07880952380952382 0.1601953125
0.0 0.8200892857142857 0.5489453125 0.08562499999999999 0.1518359375
0.0 0.1787797619047619 0.570078125 0.0712797619047619 0.2269921875
0.0 0.19458333333333333 0.5783984375 0.06014880952380953 0.192734375
2.0 0.33223214285714286 0.608203125 0.1419642857142857 0.1031640625
2.0 0.8170833333333334 0.6140625 0.14976190476190476 0.1009375
