0.0 0.1137202380952381 0.5778125 0.055178571428571424 0.22546875
0.0 0.08211309523809524 0.5871484375 0.0525297619047619 0.209140625
0.0 0.5767857142857143 0.56765625 0.05705357142857143 0.1716796875
0.0 0.5730059523809524 0.5641015625 0.059017857142857136 0.1754296875
0.0 0.05645833333333333 0.5354296875 0.06577380952380953 0.15953125
0.0 0.10267857142857142 0.5461328125 0.044642857142857144 0.0942578125
0.0 0.375 0.5637109375 0.07723214285714286 0.162578125
0.0 0.875625 0.553828125 0.08562499999999999 0.1583984375
0.0 0.14970238095238095 0.5662890625 0.06544642857142857 0.2239453125
0.0 0.16660714285714284 0.57796875 0.06226190476190477 0.192734375
2.0 0.07616071428571429 0.587578125 0.14842261904761905 0.117109375
2.0 0.373452380952381 0.6091796875 0.1437797619047619 0.1031640625
2.0 0.8718452380952381 0.6137109375 0.14827380952380953 0.100703125
