0.0 0.1137202380952381 0.5778125 0.055178571428571424 0.22546875
0.0 0.08211309523809524 0.5871484375 0.0525297619047619 0.209140625
0.0 0.5578571428571428 0.56765625 0.05416666666666666 0.1716796875
0.0 0.5502678571428571 0.56421875 0.06467261904761905 0.1765625
0.0 0.24797619047619046 0.5585546875 0.08461309523809524 0.1496484375
0.0 0.7089285714285714 0.552890625 0.08651785714285715 0.1569140625
0.0 0.24404761904761904 0.565703125 0.09053571428571429 0.219921875
0.0 0.2503571428571429 0.5752734375 0.075625 0.189609375
2.0 0.24985119047619048 0.606171875 0.13827380952380952 0.1031640625
2.0 0.7077678571428572 0.6150390625 0.15377976190476192 0.1016015625
