0.0 0.1137202380952381 0.5778125 0.055178571428571424 0.22546875
0.0 0.08211309523809524 0.5871484375 0.0525297619047619 0.209140625
0.0 0.5510119047619048 0.56765625 0.04985119047619048 0.1716796875
0.0 0.5444345238095238 0.564296875 0.06642857142857143 0.17671875
0.0 0.21601190476190477 0.556328125 0.08630952380952381 0.1451953125
0.0 0.6681547619047619 0.5558203125 0.08711309523809524 0.161953125
0.0 0.26630952380952383 0.5616796875 0.08830357142857144 0.2001953125
0.0 0.27723214285714287 0.5678515625 0.062172619047619046 0.1747265625
2.0 0.21925595238095238 0.607421875 0.13529761904761906 0.1016796875
2.0 0.6667559523809524 0.6154296875 0.15526785714285715 0.1018359375
