0.0 0.1137202380952381 0.5778125 0.055178571428571424 0.22546875
0.0 0.08211309523809524 0.5871484375 0.0525297619047619 0.209140625
0.0 0.5533035714285715 0.56765625 0.051279761904761904 0.1716796875
0.0 0.5463690476190477 0.5642578125 0.06583333333333334 0.1766796875
0.0 0.22666666666666666 0.5570703125 0.08574404761904761 0.1466796875
0.0 0.6816666666666666 0.55484375 0.08711309523809524 0.1603125
0.0 0.25892857142857145 0.5630078125 0.08904761904761906 0.2067578125
0.0 0.2682738095238095 0.5703125 0.06666666666666667 0.1796875
2.0 0.2294345238095238 0.60703125 0.1362797619047619 0.1021875
2.0 0.6804166666666667 0.6152734375 0.15476190476190477 0.1017578125
