0.0 0.1137202380952381 0.5778125 0.055178571428571424 0.22546875
0.0 0.08211309523809524 0.5871484375 0.0525297619047619 0.209140625
0.0 0.5601190476190476 0.56765625 0.05559523809523809 0.1716796875
0.0 0.5522321428571428 0.5641796875 0.06410714285714285 0.176484375
0.0 0.25860119047619046 0.559296875 0.08407738095238096 0.1511328125
0.0 0.7225892857142857 0.5519140625 0.08622023809523809 0.1551953125
0.0 0.23660714285714285 0.56703125 0.0912797619047619 0.2265234375
0.0 0.24139880952380952 0.577734375 0.08008928571428571 0.1945703125
2.0 0.26014880952380953 0.6064453125 0.13874999999999998 0.1031640625
2.0 0.7213988095238095 0.6149609375 0.15327380952380953 0.1015234375
