0.0 0.1137202380952381 0.5778125 0.055178571428571424 0.22546875
0.0 0.08211309523809524 0.5871484375 0.0525297619047619 0.209140625
0.0 0.561220238095238 0.56765625 0.056220238095238094 0.1716796875
0.0 0.5541666666666666 0.564140625 0.06351190476190476 0.1764453125
0.0 0.2692559523809524 0.5600390625 0.08351190476190476 0.1526171875
0.0 0.73625 0.5509375 0.08592261904761905 0.153515625
0.0 0.22922619047619047 0.568359375 0.09202380952380954 0.2330859375
0.0 0.23485119047619046 0.577890625 0.07589285714285714 0.1941796875
2.0 0.2704464285714286 0.6066796875 0.13919642857142858 0.1031640625
2.0 0.7350892857142858 0.6148046875 0.15276785714285715 0.1014453125
