0.0 0.1137202380952381 0.5778125 0.055178571428571424 0.22546875
0.0 0.08211309523809524 0.5871484375 0.0525297619047619 0.209140625
0.0 0.5623511904761904 0.56765625 0.0568452380952381 0.1716796875
0.0 0.5561011904761904 0.564140625 0.06294642857142857 0.1763671875
0.0 0.020148809523809524 0.545 0.03818452380952381 0.08625
0.0 0.2799107142857143 0.56078125 0.08294642857142857 0.1541015625
0.0 0.7499107142857143 0.5499609375 0.08562499999999999 0.1518359375
0.0 0.2205654761904762 0.56890625 0.0881547619047619 0.23203125
0.0 0.22824404761904762 0.578125 0.07169642857142858 0.193828125
2.0 0.28077380952380954 0.606953125 0.13964285714285715 0.1031640625
2.0 0.74875 0.6147265625 0.15226190476190476 0.1013671875
