0.0 0.1137202380952381 0.5778125 0.055178571428571424 0.22546875
0.0 0.08211309523809524 0.5871484375 0.0525297619047619 0.209140625
0.0 0.5645238095238095 0.56765625 0.058095238095238096 0.1716796875
0.0 0.5599999999999999 0.5640625 0.06178571428571429 0.17625
0.0 0.03488095238095238 0.5474609375 0.044642857142857144 0.0923046875
0.0 0.30125 0.562265625 0.08181547619047619 0.15703125
0.0 0.7779464285714285 0.5495703125 0.08562499999999999 0.1518359375
0.0 0.20327380952380952 0.5699609375 0.08044642857142857 0.2298828125
0.0 0.21511904761904763 0.5784765625 0.06330357142857143 0.1930859375
2.0 0.3013392857142857 0.607421875 0.14056547619047619 0.1031640625
2.0 0.7760714285714285 0.6144921875 0.1512797619047619 0.101171875
