0.0 0.1137202380952381 0.5778125 0.055178571428571424 0.22546875
0.0 0.08211309523809524 0.5871484375 0.0525297619047619 0.209140625
0.0 0.5487202380952381 0.56765625 0.04842261904761905 0.1716796875
0.0 0.5425 0.5643359375 0.06699404761904762 0.176796875
0.0 0.2069940476190476 0.5551171875 0.08404761904761904 0.143359375
0.0 0.6547023809523809 0.556796875 0.08711309523809524 0.16359375
0.0 0.27866071428571426 0.5601171875 0.08514880952380952 0.1980078125
0.0 0.2861607142857143 0.5653515625 0.057708333333333334 0.169765625
2.0 0.20901785714285714 0.6078515625 0.13428571428571429 0.1012109375
2.0 0.6530654761904762 0.6155078125 0.15577380952380954 0.1019140625
