0.0 0.1137202380952381 0.5778125 0.055178571428571424 0.22546875
0.0 0.08211309523809524 0.5871484375 0.0525297619047619 0.209140625
0.0 0.5418452380952381 0.56765625 0.04410714285714286 0.1716796875
0.0 0.5370535714285714 0.5644921875 0.068125 0.176796875
0.0 0.17991071428571428 0.5513671875 0.07717261904761905 0.1378515625
0.0 0.6142261904761904 0.5596875 0.08711309523809524 0.1685546875
0.0 0.3156845238095238 0.555390625 0.07568452380952381 0.1914453125
0.0 0.31294642857142857 0.5644140625 0.057708333333333334 0.169765625
2.0 0.1788095238095238 0.60796875 0.13232142857142856 0.0998046875
2.0 0.612172619047619 0.6151171875 0.15636904761904763 0.1020703125
