0.0 0.1137202380952381 0.5778125 0.055178571428571424 0.22546875
0.0 0.08211309523809524 0.5871484375 0.0525297619047619 0.209140625
0.0 0.5369345238095238 0.5679296875 0.04625 0.1716796875
0.0 0.5315773809523809 0.5646484375 0.06925595238095238 0.176796875
0.0 0.14916666666666667 0.55125 0.07482142857142857 0.1373046875
0.0 0.5738095238095239 0.560234375 0.08491071428571428 0.16921875
0.0 0.3399404761904762 0.5562109375 0.07654761904761904 0.19328125
0.0 0.33973214285714287 0.5634765625 0.057708333333333334 0.169765625
2.0 0.14937499999999998 0.6059765625 0.13232142857142856 0.0986328125
2.0 0.5714583333333333 0.6130859375 0.15514880952380952 0.1020703125
