0.0 0.1137202380952381 0.5778125 0.055178571428571424 0.22546875
0.0 0.08211309523809524 0.5871484375 0.0525297619047619 0.209140625
0.0 0.5441369047619048 0.56765625 0.04556547619047619 0.1716796875
0.0 0.5388690476190476 0.564453125 0.06776785714285714 0.176796875
0.0 0.18892857142857142 0.55265625 0.07946428571428571 0.1396875
0.0 0.6277380952380952 0.55875 0.08711309523809524 0.166875
0.0 0.30336309523809524 0.556953125 0.07883928571428571 0.1936328125
0.0 0.3040178571428572 0.5647265625 0.057708333333333334 0.169765625
2.0 0.1886309523809524 0.6086328125 0.13232142857142856 0.100234375
2.0 0.6257440476190477 0.6158203125 0.15675595238095238 0.1020703125
