0.0 0.1137202380952381 0.5778125 0.055178571428571424 0.22546875
0.0 0.08211309523809524 0.5871484375 0.0525297619047619 0.209140625
0.0 0.5336607142857143 0.568125 0.047678571428571424 0.1716796875
0.0 0.5279166666666667 0.5647265625 0.06999999999999999 0.176796875
0.0 0.12866071428571427 0.5512109375 0.07324404761904761 0.136953125
0.0 0.5468154761904762 0.5596875 0.08270833333333333 0.16828125
0.0 0.3518452380952381 0.5586328125 0.08056547619047619 0.19734375
0.0 0.35735119047619046 0.56421875 0.057708333333333334 0.169765625
2.0 0.12973214285714288 0.6046875 0.13232142857142856 0.0978125
2.0 0.5443749999999999 0.6117578125 0.1543452380952381 0.1020703125
