0.0 0.1137202380952381 0.5778125 0.055178571428571424 0.22546875
0.0 0.08211309523809524 0.5871484375 0.0525297619047619 0.209140625
0.0 0.535327380952381 0.5680078125 0.046964285714285715 0.1716796875
0.0 0.5297619047619048 0.5647265625 0.06961309523809524 0.176796875
0.0 0.13892857142857143 0.5512109375 0.07404761904761904 0.1371484375
0.0 0.560297619047619 0.559921875 0.0838095238095238 0.16875
0.0 0.3458928571428571 0.557421875 0.07857142857142857 0.1953125
0.0 0.3486607142857143 0.5631640625 0.057708333333333334 0.169765625
2.0 0.13955357142857144 0.6053125 0.13232142857142856 0.098203125
2.0 0.5579464285714286 0.612421875 0.15476190476190477 0.1020703125
