0.0 0.1137202380952381 0.5778125 0.055178571428571424 0.22546875
0.0 0.08211309523809524 0.5871484375 0.0525297619047619 0.209140625
0.0 0.5287499999999999 0.5683984375 0.049791666666666665 0.1716796875
0.0 0.5225 0.564921875 0.07110119047619048 0.176796875
0.0 0.09794642857142856 0.55109375 0.07092261904761904 0.13640625
0.0 0.5063095238095239 0.5590234375 0.07940476190476191 0.166796875
0.0 0.3736904761904762 0.561796875 0.08142857142857143 0.20484375
0.0 0.383452380952381 0.5673046875 0.057708333333333334 0.169765625
2.0 0.10029761904761905 0.6026171875 0.13232142857142856 0.0966015625
2.0 0.5037202380952381 0.6097265625 0.1531547619047619 0.1020703125
