0.0 0.1137202380952381 0.5778125 0.055178571428571424 0.22546875
0.0 0.08211309523809524 0.5871484375 0.0525297619047619 0.209140625
0.0 0.5238392857142857 0.5687109375 0.051934523809523805 0.1716796875
0.0 0.5170535714285714 0.565078125 0.07223214285714286 0.176796875
0.0 0.06720238095238094 0.551015625 0.06857142857142857 0.135859375
0.0 0.46562499999999996 0.557578125 0.07886904761904762 0.16453125
0.0 0.40348214285714284 0.5640234375 0.07196428571428572 0.2150390625
0.0 0.4095238095238095 0.5704296875 0.057708333333333334 0.169765625
2.0 0.06949404761904762 0.598359375 0.13232142857142856 0.0958203125
2.0 0.46366071428571426 0.609375 0.15229166666666666 0.1007421875
