0.0 0.1137202380952381 0.5778125 0.055178571428571424 0.22546875
0.0 0.08211309523809524 0.5871484375 0.0525297619047619 0.209140625
0.0 0.5271130952380952 0.5684765625 0.05050595238095238 0.1716796875
0.0 0.5206547619047619 0.5649609375 0.07148809523809524 0.176796875
0.0 0.08770833333333333 0.55109375 0.07011904761904761 0.13625
0.0 0.492827380952381 0.5587890625 0.07830357142857143 0.166328125
0.0 0.38360119047619046 0.5625 0.07827380952380952 0.2082421875
0.0 0.39211309523809523 0.568359375 0.057708333333333334 0.169765625
2.0 0.09050595238095238 0.601953125 0.13232142857142856 0.0962109375
2.0 0.4901488095238095 0.6090234375 0.15276785714285715 0.1020703125
