0.0 0.2761904761904762 0.467578125 0.06297619047619048 0.20578125
0.0 0.7299702380952381 0.47640625 0.11157738095238096 0.31828125
0.0 0.8300595238095237 0.4558984375 0.07333333333333333 0.3528125
0.0 0.7354166666666666 0.469375 0.08666666666666667 0.286875
0.0 0.5935714285714285 0.45796875 0.07431547619047618 0.3002734375
0.0 0.19133928571428574 0.436171875 0.12872023809523808 0.4434375
0.0 0.07360119047619047 0.4105859375 0.11592261904761905 0.5301171875
0.0 0.3899702380952381 0.4722265625 0.03535714285714286 0.1254296875
0.0 0.3519940476190476 0.4730859375 0.049821428571428565 0.1346484375
0.0 0.391875 0.4705859375 0.0374702380952381 0.1373828125
