0.0 0.27535714285714286 0.4675 0.06276785714285714 0.20578125
0.0 0.7233035714285714 0.475703125 0.1119345238095238 0.3209375
0.0 0.8261607142857142 0.45375 0.08113095238095239 0.3570703125
0.0 0.7248214285714285 0.4702734375 0.09023809523809524 0.286640625
0.0 0.5922916666666667 0.45796875 0.07467261904761904 0.3012109375
0.0 0.18976190476190474 0.43484375 0.13485119047619049 0.4521484375
0.0 0.06654761904761905 0.4069921875 0.10964285714285715 0.5373046875
0.0 0.3895535714285714 0.4723828125 0.035059523809523804 0.1253125
0.0 0.3530952380952381 0.4730859375 0.05011904761904762 0.13484375
0.0 0.3930952380952381 0.470546875 0.0375 0.137734375
