0.0 0.2769345238095238 0.46703125 0.0618452380952381 0.2044921875
0.0 0.7411309523809524 0.4776171875 0.11098214285714285 0.31390625
0.0 0.8365773809523809 0.459453125 0.06032738095238095 0.345703125
0.0 0.7530654761904761 0.467890625 0.08074404761904762 0.2871875
0.0 0.595625 0.45796875 0.07372023809523809 0.2987109375
0.0 0.19395833333333334 0.4383203125 0.11854166666666666 0.4289453125
0.0 0.08577380952380953 0.415703125 0.12547619047619046 0.51828125
0.0 0.3906547619047619 0.47203125 0.03583333333333333 0.125625
0.0 0.35020833333333334 0.4730859375 0.049375 0.134296875
0.0 0.38979166666666665 0.470625 0.03744047619047619 0.136875
