0.0 0.27669642857142857 0.46734375 0.06244047619047619 0.20515625
0.0 0.7366369047619047 0.477109375 0.1112202380952381 0.3156640625
0.0 0.8339583333333332 0.4580078125 0.06553571428571428 0.348515625
0.0 0.7460119047619047 0.468515625 0.083125 0.2870703125
0.0 0.5948214285714286 0.45796875 0.07395833333333333 0.2993359375
0.0 0.19291666666666665 0.4374609375 0.12261904761904763 0.434765625
0.0 0.080625 0.4141796875 0.12217261904761904 0.522890625
0.0 0.3904166666666667 0.4721484375 0.035625000000000004 0.125546875
0.0 0.350922619047619 0.4730859375 0.049553571428571426 0.1344140625
0.0 0.390625 0.470625 0.0374702380952381 0.1370703125
