0.0 0.2767857142857143 0.4671875 0.06214285714285714 0.20484375
0.0 0.7388988095238096 0.47734375 0.11110119047619046 0.314765625
0.0 0.8352678571428571 0.45875 0.06291666666666666 0.347109375
0.0 0.7495238095238095 0.4681640625 0.08193452380952382 0.287109375
0.0 0.5952380952380952 0.45796875 0.0738392857142857 0.2990234375
0.0 0.19345238095238096 0.437890625 0.12056547619047618 0.431875
0.0 0.08297619047619047 0.415390625 0.12428571428571428 0.5205078125
0.0 0.39053571428571426 0.472109375 0.03574404761904762 0.1255859375
0.0 0.35056547619047623 0.4730859375 0.04946428571428572 0.134375
0.0 0.3902083333333334 0.4706640625 0.0374702380952381 0.136953125
