0.0 0.2770238095238095 0.4669140625 0.061547619047619045 0.2041796875
0.0 0.7433630952380953 0.4778125 0.11086309523809523 0.3130078125
0.0 0.8378571428571429 0.46015625 0.057708333333333334 0.3442578125
0.0 0.756577380952381 0.467578125 0.07955357142857143 0.287265625
0.0 0.5960416666666667 0.45796875 0.07360119047619047 0.2983984375
0.0 0.1944940476190476 0.43875 0.11648809523809524 0.4260546875
0.0 0.08854166666666667 0.41609375 0.12666666666666668 0.51609375
0.0 0.3908035714285714 0.4719921875 0.03592261904761905 0.1256640625
0.0 0.3498214285714286 0.473046875 0.049255952380952386 0.13421875
0.0 0.389375 0.470625 0.03744047619047619 0.1367578125
