0.0 0.27660714285714283 0.4674609375 0.06273809523809523 0.20546875
0.0 0.7344345238095238 0.476875 0.11133928571428571 0.3165234375
0.0 0.8326488095238095 0.4573046875 0.068125 0.3499609375
0.0 0.7424404761904763 0.46875 0.08431547619047619 0.2869921875
0.0 0.5944047619047619 0.45796875 0.07407738095238095 0.2996484375
0.0 0.19238095238095237 0.43703125 0.12464285714285715 0.43765625
0.0 0.07827380952380952 0.41296875 0.12008928571428572 0.5253125
0.0 0.3902380952380953 0.4721875 0.03553571428571428 0.1255078125
0.0 0.3512797619047619 0.473046875 0.04964285714285714 0.1344921875
0.0 0.3910119047619047 0.4705859375 0.0374702380952381 0.1371875
