0.0 0.27651785714285715 0.467578125 0.06303571428571428 0.20578125
0.0 0.732172619047619 0.4766796875 0.11145833333333334 0.317421875
0.0 0.8313690476190475 0.4566015625 0.07071428571428572 0.3513671875
0.0 0.7389285714285714 0.4691015625 0.08547619047619047 0.2869140625
0.0 0.5939583333333334 0.45796875 0.07419642857142857 0.2999609375
0.0 0.191875 0.4366015625 0.12669642857142857 0.440546875
0.0 0.07595238095238095 0.411796875 0.11800595238095238 0.5276953125
0.0 0.39011904761904764 0.4721875 0.03544642857142857 0.12546875
0.0 0.3516666666666667 0.473125 0.04973214285714286 0.1345703125
0.0 0.39145833333333335 0.4705859375 0.0374702380952381 0.1373046875
