0.0 0.6280654761904761 0.4712890625 0.10571428571428572 0.2998046875
0.0 0.39764880952380954 0.65640625 0.11160714285714286 0.3275390625
0.0 0.69625 0.4744921875 0.07744047619047618 0.3073828125
0.0 0.46166666666666667 0.563671875 0.080625 0.2846875
0.0 0.49669642857142854 0.622890625 0.08636904761904762 0.3325390625
0.0 0.4074404761904762 0.9276953125 0.14202380952380952 0.156171875
0.0 0.13142857142857142 0.9095703125 0.11363095238095237 0.2116015625
0.0 0.6444940476190476 0.7973046875 0.13148809523809524 0.340078125
0.0 0.1561607142857143 0.34328125 0.08235119047619048 0.15125
0.0 0.5045535714285714 0.7976953125 0.11747023809523809 0.386953125
