0.0 0.5766666666666667 0.4673828125 0.11017857142857143 0.2998046875
0.0 0.35351190476190475 0.6583984375 0.11827380952380953 0.333359375
0.0 0.6538392857142857 0.4615234375 0.07744047619047618 0.308828125
0.0 0.43238095238095237 0.561640625 0.080625 0.2846875
0.0 0.4515773809523809 0.626640625 0.08636904761904762 0.3325390625
0.0 0.390625 0.912578125 0.14491071428571428 0.1889453125
0.0 0.07154761904761904 0.9075390625 0.11898809523809523 0.2116015625
0.0 0.6214285714285714 0.7844140625 0.12860119047619048 0.3444921875
0.0 0.11410714285714287 0.320078125 0.07970238095238096 0.1519140625
0.0 0.48 0.7808984375 0.11845238095238095 0.388671875
