0.0 0.5897023809523809 0.4761328125 0.10794642857142858 0.2998046875
0.0 0.3652083333333333 0.6676171875 0.11791666666666666 0.333359375
0.0 0.6653571428571429 0.4693359375 0.07744047619047618 0.308828125
0.0 0.4419642857142857 0.57125 0.080625 0.2846875
0.0 0.4626190476190476 0.63734375 0.08636904761904762 0.3325390625
0.0 0.39976190476190476 0.9176171875 0.14202380952380952 0.176328125
0.0 0.08401785714285714 0.9117578125 0.11452380952380951 0.2116015625
0.0 0.6329761904761905 0.7954296875 0.1324404761904762 0.340078125
0.0 0.12392857142857143 0.325390625 0.08038690476190477 0.1517578125
0.0 0.4888392857142857 0.7912890625 0.1187202380952381 0.38578125
