0.0 0.6217261904761905 0.4746484375 0.10571428571428572 0.2998046875
0.0 0.3924702380952381 0.6615234375 0.1130952380952381 0.328984375
0.0 0.6951190476190476 0.4634765625 0.07744047619047618 0.308828125
0.0 0.46116071428571426 0.55359375 0.080625 0.2846875
0.0 0.490922619047619 0.629140625 0.08636904761904762 0.3325390625
0.0 0.4074404761904762 0.9264453125 0.14202380952380952 0.1587109375
0.0 0.12395833333333332 0.9130859375 0.11095238095238096 0.2116015625
0.0 0.6463988095238096 0.7853515625 0.1324404761904762 0.340078125
0.0 0.15476190476190477 0.3421875 0.08235119047619048 0.15125
0.0 0.502797619047619 0.7987109375 0.11785714285714285 0.3859375
