0.0 0.5438988095238095 0.4355859375 0.11761904761904762 0.298828125
0.0 0.3304464285714286 0.6259765625 0.11735119047619047 0.333359375
0.0 0.6238095238095238 0.4341796875 0.07931547619047619 0.3098046875
0.0 0.39398809523809525 0.523359375 0.080625 0.2846875
0.0 0.43413690476190475 0.59921875 0.08636904761904762 0.3325390625
0.0 0.37577380952380957 0.88109375 0.14202380952380952 0.254453125
0.0 0.044672619047619044 0.892421875 0.09982142857142857 0.216640625
0.0 0.6022916666666667 0.7406640625 0.11708333333333334 0.357734375
0.0 0.9611607142857143 0.7626953125 0.09598214285714286 0.1914453125
0.0 0.09199404761904761 0.2953515625 0.08336309523809524 0.152265625
0.0 0.5725 0.9465625 0.12282738095238097 0.1183984375
0.0 0.4615476190476191 0.739140625 0.11735119047619047 0.4001953125
