0.0 0.5636607142857143 0.4585546875 0.1124107142857143 0.2998046875
0.0 0.3418452380952381 0.6491796875 0.11866071428571427 0.333359375
0.0 0.6422916666666667 0.4537109375 0.07744047619047618 0.308828125
0.0 0.42279761904761903 0.552109375 0.080625 0.2846875
0.0 0.4405357142857143 0.6159375 0.08636904761904762 0.3325390625
0.0 0.38151785714285713 0.9075 0.14779761904761904 0.2015234375
0.0 0.06482142857142857 0.9037890625 0.11419642857142856 0.2128515625
0.0 0.6099404761904762 0.7734375 0.12476190476190477 0.34890625
0.0 0.10431547619047618 0.3148046875 0.07904761904761905 0.152109375
0.0 0.47119047619047616 0.7704296875 0.11818452380952381 0.3915625
