0.0 0.5511607142857142 0.3928125 0.10610119047619047 0.2934375
0.0 0.3516964285714286 0.5838671875 0.11398809523809524 0.332265625
0.0 0.6439880952380952 0.3927734375 0.08833333333333333 0.3114453125
0.0 0.4208928571428571 0.483046875 0.080625 0.2846875
0.0 0.44869047619047614 0.5588671875 0.08636904761904762 0.3325390625
0.0 0.4199107142857143 0.8581640625 0.1370535714285714 0.3204296875
0.0 0.041249999999999995 0.85375 0.09020833333333333 0.21125
0.0 0.6401488095238095 0.6851953125 0.11613095238095239 0.3841796875
0.0 0.9775 0.7236328125 0.09598214285714286 0.1914453125
0.0 0.1075 0.248359375 0.08538690476190476 0.1561328125
0.0 0.6051190476190476 0.9276953125 0.14202380952380952 0.156171875
0.0 0.5133035714285714 0.688359375 0.11196428571428571 0.4098046875
