0.0 0.5372023809523809 0.42140625 0.1205952380952381 0.2978125
0.0 0.33071428571428574 0.611953125 0.1156547619047619 0.333359375
0.0 0.6331547619047619 0.4263671875 0.08303571428571428 0.3117578125
0.0 0.40476190476190477 0.507265625 0.080625 0.2846875
0.0 0.4387202380952381 0.593125 0.08636904761904762 0.3325390625
0.0 0.3853869047619048 0.86875 0.1393452380952381 0.2841796875
0.0 0.04330357142857143 0.876953125 0.09598214285714286 0.2144921875
0.0 0.6175892857142857 0.71921875 0.11708333333333334 0.357734375
0.0 0.9602083333333333 0.7487890625 0.09598214285714286 0.1914453125
0.0 0.08952380952380952 0.2811328125 0.08833333333333333 0.152265625
0.0 0.5855654761904762 0.9390234375 0.1305059523809524 0.133515625
0.0 0.47205357142857146 0.7186328125 0.11580357142857142 0.404765625
