0.0 0.5420535714285715 0.3287890625 0.08991071428571429 0.2954296875
0.0 0.34211309523809524 0.5191015625 0.11053571428571429 0.3328515625
0.0 0.635 0.32984375 0.10181547619047619 0.3067578125
0.0 0.42279761904761903 0.4150390625 0.080625 0.2846875
0.0 0.45014880952380953 0.49375 0.08636904761904762 0.3325390625
0.0 0.43 0.8036328125 0.12187500000000001 0.377890625
0.0 0.6411309523809523 0.602734375 0.10845238095238094 0.3703125
0.0 0.9678869047619048 0.6619140625 0.09598214285714286 0.1914453125
0.0 0.28011904761904766 0.9087109375 0.1474702380952381 0.1897265625
0.0 0.10431547619047618 0.19453125 0.08303571428571428 0.155625
0.0 0.5904166666666667 0.8723046875 0.14586309523809524 0.183046875
0.0 0.49976190476190474 0.5991796875 0.1094047619047619 0.39703125
0.0 0.054375 0.9215625 0.1200297619047619 0.18328125
