0.0 0.5095238095238095 0.2728515625 0.09354166666666666 0.2908203125
0.0 0.32163690476190476 0.459609375 0.11053571428571429 0.3268359375
0.0 0.6044047619047619 0.26421875 0.11464285714285716 0.30796875
0.0 0.39208333333333334 0.3545703125 0.080625 0.2846875
0.0 0.42279761904761903 0.420078125 0.08636904761904762 0.3325390625
0.0 0.42970238095238095 0.735234375 0.1274404761904762 0.37484375
0.0 0.6372916666666667 0.5322265625 0.10267857142857142 0.380390625
0.0 0.9544940476190475 0.5951953125 0.10366071428571429 0.1914453125
0.0 0.2724107142857143 0.8701171875 0.1592559523809524 0.266875
0.0 0.08360119047619048 0.12921875 0.08148809523809523 0.144453125
0.0 0.44604166666666667 0.9276953125 0.12705357142857143 0.15921875
0.0 0.5853571428571429 0.8052734375 0.14779761904761904 0.196484375
0.0 0.4922916666666667 0.5102734375 0.11017857142857143 0.3728515625
0.0 0.04973214285714286 0.878828125 0.10583333333333333 0.2225
