0.0 0.5118154761904762 0.282578125 0.0869047619047619 0.29171875
0.0 0.32663690476190477 0.47328125 0.11020833333333334 0.3289453125
0.0 0.6010416666666666 0.2846875 0.11464285714285716 0.30796875
0.0 0.39976190476190476 0.3696875 0.080625 0.2846875
0.0 0.4199107142857143 0.438984375 0.08636904761904762 0.3325390625
0.0 0.42967261904761905 0.7523828125 0.12398809523809523 0.3808984375
0.0 0.6322321428571429 0.5491796875 0.10220238095238096 0.377890625
0.0 0.9544345238095238 0.6152734375 0.09982142857142857 0.1914453125
0.0 0.2619047619047619 0.8798046875 0.15630952380952381 0.247578125
0.0 0.08169642857142857 0.1466015625 0.08244047619047619 0.1509765625
0.0 0.44104166666666667 0.9402734375 0.12476190476190477 0.1360546875
0.0 0.5842261904761905 0.8249609375 0.14779761904761904 0.196484375
0.0 0.4813095238095238 0.5296484375 0.1094047619047619 0.3728515625
0.0 0.04946428571428572 0.8990625 0.10535714285714286 0.221875
