0.0 0.5148809523809523 0.215234375 0.0886904761904762 0.3101171875
0.0 0.32961309523809523 0.38390625 0.11053571428571429 0.3268359375
0.0 0.6145238095238095 0.2027734375 0.11464285714285716 0.30796875
0.0 0.40166666666666667 0.2915625 0.080625 0.2846875
0.0 0.43142857142857144 0.3633984375 0.08636904761904762 0.3325390625
0.0 0.4610416666666667 0.651015625 0.13467261904761904 0.364453125
0.0 0.6475892857142858 0.462890625 0.09836309523809524 0.3854296875
0.0 0.9583035714285715 0.522109375 0.10366071428571429 0.1914453125
0.0 0.2889583333333333 0.812265625 0.1555654761904762 0.3183203125
0.0 0.08943452380952381 0.0769921875 0.07857142857142857 0.124921875
0.0 0.46098214285714284 0.889921875 0.13398809523809524 0.22875
0.0 0.5887797619047619 0.7462890625 0.14779761904761904 0.196484375
0.0 0.5154761904761904 0.43109375 0.1124702380952381 0.3728515625
0.0 0.05044642857142857 0.8180078125 0.10729166666666666 0.224453125
0.0 0.24425595238095235 0.91515625 0.16169642857142857 0.1768359375
