0.0 0.5167857142857143 0.176171875 0.0886904761904762 0.2975390625
0.0 0.33223214285714286 0.35875 0.11053571428571429 0.3268359375
0.0 0.6096130952380953 0.172265625 0.11464285714285716 0.30796875
0.0 0.39735119047619044 0.26453125 0.080625 0.2846875
0.0 0.4271130952380952 0.3362890625 0.08636904761904762 0.3325390625
0.0 0.4666071428571429 0.6136328125 0.135 0.3661328125
0.0 0.6478571428571429 0.42765625 0.09309523809523809 0.3854296875
0.0 0.963125 0.4944140625 0.10366071428571429 0.1914453125
0.0 0.2911011904761905 0.785703125 0.1537202380952381 0.33921875
0.0 0.09136904761904761 0.0595703125 0.07758928571428572 0.1183984375
0.0 0.46595238095238095 0.8773046875 0.1362797619047619 0.2519140625
0.0 0.5897916666666666 0.716796875 0.14625 0.1955078125
0.0 0.5216666666666667 0.401171875 0.1132440476190476 0.3728515625
0.0 0.05071428571428571 0.7977734375 0.10779761904761904 0.225078125
0.0 0.24449404761904764 0.9014453125 0.15336309523809524 0.208671875
