0.0 0.433125 0.0853125 0.09223214285714285 0.2022265625
0.0 0.25806547619047615 0.21953125 0.11053571428571429 0.3230078125
0.0 0.5313392857142857 0.0715234375 0.09875 0.2269140625
0.0 0.33092261904761905 0.135390625 0.07630952380952381 0.2695703125
0.0 0.35657738095238095 0.1895703125 0.08636904761904762 0.3325390625
0.0 0.43202380952380953 0.4434765625 0.13666666666666666 0.377890625
0.0 0.8999999999999999 0.3630859375 0.10508928571428572 0.1920703125
0.0 0.2099702380952381 0.61125 0.13720238095238096 0.3730078125
0.0 0.39877976190476194 0.7555859375 0.1362797619047619 0.2519140625
0.0 0.527172619047619 0.5818359375 0.1305059523809524 0.1869140625
0.0 0.4916964285714286 0.2344140625 0.11630952380952381 0.344609375
0.0 0.18175595238095238 0.8044140625 0.1525595238095238 0.4008984375
0.0 0.08258928571428571 0.9055078125 0.17148809523809522 0.2154296875
0.0 0.6286607142857142 0.9390234375 0.16026785714285716 0.1360546875
