0.0 0.4716666666666666 0.102734375 0.090625 0.2362109375
0.0 0.29309523809523813 0.265078125 0.11053571428571429 0.3268359375
0.0 0.5616071428571429 0.1010546875 0.10791666666666666 0.249765625
0.0 0.36232142857142857 0.163125 0.080625 0.2846875
0.0 0.39770833333333333 0.2363671875 0.08636904761904762 0.3325390625
0.0 0.42875 0.4863671875 0.14318452380952382 0.373828125
0.0 0.6087202380952381 0.317421875 0.0724404761904762 0.3854296875
0.0 0.9161011904761904 0.401171875 0.10366071428571429 0.1914453125
0.0 0.2393452380952381 0.6781640625 0.14601190476190476 0.3575390625
0.0 0.4161309523809524 0.8067578125 0.1362797619047619 0.2519140625
0.0 0.5372619047619048 0.6143359375 0.13770833333333335 0.1908203125
0.0 0.490922619047619 0.2802734375 0.1362797619047619 0.3526953125
0.0 0.1919047619047619 0.8384375 0.14238095238095239 0.3408984375
0.0 0.6310416666666667 0.9503515625 0.17467261904761905 0.1158984375
