0.0 0.48321428571428576 0.10671875 0.090625 0.2441796875
0.0 0.30339285714285713 0.275390625 0.11053571428571429 0.3268359375
0.0 0.5705059523809524 0.108046875 0.11220238095238096 0.2533984375
0.0 0.37336309523809524 0.173203125 0.080625 0.2846875
0.0 0.405922619047619 0.245703125 0.08636904761904762 0.3325390625
0.0 0.43142857142857144 0.494375 0.14395833333333333 0.3728515625
0.0 0.621904761904762 0.330625 0.07580357142857143 0.3854296875
0.0 0.9218154761904762 0.4087109375 0.10366071428571429 0.1914453125
0.0 0.25279761904761905 0.6983984375 0.1474702380952381 0.358203125
0.0 0.4296130952380952 0.8193359375 0.1362797619047619 0.2519140625
0.0 0.5446428571428571 0.6228515625 0.14011904761904762 0.1914453125
0.0 0.4998214285714286 0.3025 0.13166666666666668 0.35671875
0.0 0.1980059523809524 0.844453125 0.14035714285714285 0.3315625
