0.0 0.4255952380952381 0.0867578125 0.090625 0.204296875
0.0 0.25669642857142855 0.22671875 0.11053571428571429 0.324296875
0.0 0.5331547619047619 0.0757421875 0.09690476190476191 0.2329296875
0.0 0.33401785714285714 0.1379296875 0.07773809523809525 0.274609375
0.0 0.3647916666666666 0.1989453125 0.08636904761904762 0.3325390625
0.0 0.41797619047619045 0.4541015625 0.14011904761904762 0.377890625
0.0 0.8911011904761905 0.3659375 0.10366071428571429 0.1914453125
0.0 0.2139285714285714 0.6229296875 0.13901785714285714 0.368984375
0.0 0.39014880952380954 0.7589453125 0.1362797619047619 0.2519140625
0.0 0.5210416666666666 0.5853125 0.1305059523809524 0.1879296875
0.0 0.4841964285714286 0.2412109375 0.11898809523809523 0.3451171875
0.0 0.18279761904761904 0.8114453125 0.15050595238095238 0.3882421875
0.0 0.07886904761904762 0.9119140625 0.16413690476190476 0.2090234375
0.0 0.623125 0.9390234375 0.16169642857142857 0.134765625
