0.0 0.46017857142857144 0.0987109375 0.090625 0.2282421875
0.0 0.2827678571428572 0.254765625 0.11053571428571429 0.3268359375
0.0 0.5527380952380953 0.093984375 0.10363095238095238 0.246171875
0.0 0.3512797619047619 0.153046875 0.080625 0.2846875
0.0 0.38949404761904766 0.22703125 0.08636904761904762 0.3325390625
0.0 0.42607142857142855 0.47828125 0.14241071428571428 0.37484375
0.0 0.5955059523809524 0.3041796875 0.06910714285714285 0.3854296875
0.0 0.9098511904761905 0.3923828125 0.10366071428571429 0.1914453125
0.0 0.22589285714285717 0.6579296875 0.14455357142857142 0.3569140625
0.0 0.4026190476190476 0.7941796875 0.1362797619047619 0.2519140625
0.0 0.5297916666666667 0.6058984375 0.13532738095238095 0.1901953125
0.0 0.4892559523809523 0.2705078125 0.13196428571428573 0.35078125
0.0 0.18583333333333332 0.8324609375 0.14440476190476192 0.350234375
0.0 0.6265773809523809 0.9466015625 0.17083333333333334 0.1217578125
