0.0 0.4371428571428571 0.0907421875 0.090625 0.212265625
0.0 0.26461309523809523 0.2355859375 0.11053571428571429 0.325546875
0.0 0.5349702380952381 0.079921875 0.09508928571428571 0.2389453125
0.0 0.33714285714285713 0.1404296875 0.07916666666666668 0.279609375
0.0 0.3730357142857143 0.20828125 0.08636904761904762 0.3325390625
0.0 0.4206845238095238 0.4621484375 0.14089285714285715 0.376875
0.0 0.8973511904761905 0.3747265625 0.10366071428571429 0.1914453125
0.0 0.21791666666666668 0.6345703125 0.14086309523809523 0.3649609375
0.0 0.39431547619047624 0.770703125 0.1362797619047619 0.2519140625
0.0 0.5149107142857142 0.5888671875 0.1305059523809524 0.1889453125
0.0 0.4858928571428571 0.2509765625 0.12333333333333332 0.34703125
0.0 0.1838095238095238 0.8184765625 0.14848214285714287 0.3755859375
0.0 0.07520833333333334 0.9183203125 0.15678571428571428 0.202578125
0.0 0.6175892857142857 0.9390234375 0.1631547619047619 0.133515625
