0.0 0.4631845238095238 0.0794140625 0.09863095238095239 0.193828125
0.0 0.2995238095238095 0.2158984375 0.11053571428571429 0.3268359375
0.0 0.5401785714285714 0.0518359375 0.0956845238095238 0.193984375
0.0 0.35946428571428574 0.1281640625 0.07485119047619047 0.2588671875
0.0 0.39785714285714285 0.18453125 0.09214285714285715 0.3325390625
0.0 0.48806547619047624 0.4012109375 0.12282738095238097 0.377890625
0.0 0.9343452380952381 0.3545703125 0.1094047619047619 0.193984375
0.0 0.24916666666666668 0.59328125 0.13720238095238096 0.3730078125
0.0 0.4337202380952381 0.7478515625 0.1362797619047619 0.2519140625
0.0 0.5535416666666667 0.5709375 0.13196428571428573 0.18328125
0.0 0.5408630952380952 0.2072265625 0.10556547619047618 0.3426171875
0.0 0.04336309523809524 0.6659765625 0.09309523809523809 0.225078125
0.0 0.22404761904761905 0.7702734375 0.1525595238095238 0.4008984375
0.0 0.14973214285714287 0.893515625 0.1849107142857143 0.22046875
0.0 0.6579166666666667 0.9353125 0.1593154761904762 0.14359375
