0.0 0.4707440476190476 0.0779296875 0.10020833333333334 0.19171875
0.0 0.3062797619047619 0.2170703125 0.11053571428571429 0.3268359375
0.0 0.5464583333333334 0.0462109375 0.09232142857142857 0.1835546875
0.0 0.3700297619047619 0.1266015625 0.07485119047619047 0.256953125
0.0 0.4050297619047619 0.18546875 0.09598214285714286 0.3331640625
0.0 0.49898809523809523 0.3981640625 0.12169642857142857 0.375859375
0.0 0.9419642857142857 0.3545703125 0.1094047619047619 0.193984375
0.0 0.25895833333333335 0.58875 0.13720238095238096 0.3730078125
0.0 0.4425595238095238 0.7473046875 0.1362797619047619 0.2519140625
0.0 0.5614583333333334 0.570625 0.13339285714285715 0.18265625
0.0 0.5506845238095238 0.208125 0.10508928571428572 0.3444921875
0.0 0.04946428571428572 0.662734375 0.10535714285714286 0.225078125
0.0 0.23461309523809523 0.76171875 0.1525595238095238 0.4008984375
0.0 0.15839285714285714 0.8916015625 0.1849107142857143 0.2255078125
0.0 0.058125 0.8369921875 0.11898809523809523 0.3426171875
0.0 0.6670535714285715 0.933359375 0.16026785714285716 0.1461328125
