0.0 0.49952380952380954 0.0894921875 0.08741071428571429 0.2105859375
0.0 0.3470535714285714 0.232421875 0.11119047619047619 0.3209765625
0.0 0.5801488095238095 0.0836328125 0.08895833333333333 0.251484375
0.0 0.4110714285714286 0.1366796875 0.07916666666666668 0.275859375
0.0 0.44660714285714287 0.204453125 0.1075 0.3350390625
0.0 0.558422619047619 0.390703125 0.12154761904761906 0.3652734375
0.0 0.9875595238095238 0.3658984375 0.1094047619047619 0.193984375
0.0 0.2902976190476191 0.579765625 0.14011904761904762 0.36140625
0.0 0.48901785714285717 0.7629296875 0.1362797619047619 0.25796875
0.0 0.6089880952380953 0.5903515625 0.1305059523809524 0.1798828125
0.0 0.6041666666666666 0.2210546875 0.10366071428571429 0.357734375
0.0 0.07398809523809524 0.675546875 0.13598214285714286 0.233125
0.0 0.2761011904761905 0.7440234375 0.16440476190476191 0.378671875
0.0 0.22172619047619047 0.8973046875 0.1849107142857143 0.2355859375
0.0 0.08089285714285714 0.850546875 0.1300297619047619 0.330625
0.0 0.708422619047619 0.9365234375 0.1612202380952381 0.13453125
