0.0 0.505297619047619 0.091796875 0.08485119047619048 0.214375
0.0 0.3561309523809524 0.2367578125 0.11139880952380952 0.318984375
0.0 0.5869940476190476 0.094375 0.08895833333333333 0.2710546875
0.0 0.42038690476190477 0.14296875 0.07773809523809525 0.2821484375
0.0 0.45657738095238093 0.2125 0.1075 0.3350390625
0.0 0.5740773809523809 0.3953125 0.12604166666666666 0.3627734375
0.0 0.9976190476190476 0.3697265625 0.1094047619047619 0.193984375
0.0 0.29961309523809526 0.5771875 0.1430654761904762 0.34984375
0.0 0.4986011904761905 0.7684375 0.1362797619047619 0.26
0.0 0.6195238095238095 0.5971875 0.12860119047619048 0.179375
0.0 0.6161607142857143 0.22609375 0.10366071428571429 0.3615234375
0.0 0.0825595238095238 0.6804296875 0.13473214285714286 0.2315234375
0.0 0.28440476190476194 0.740390625 0.1667559523809524 0.3742578125
0.0 0.2370833333333333 0.90046875 0.1849107142857143 0.2355859375
0.0 0.0893154761904762 0.8540234375 0.13148809523809524 0.318671875
0.0 0.7164583333333333 0.9377734375 0.1612202380952381 0.131015625
