0.0 0.5119642857142858 0.09640625 0.08678571428571429 0.2236328125
0.0 0.36467261904761905 0.2455078125 0.11139880952380952 0.318984375
0.0 0.5943154761904762 0.1034375 0.08895833333333333 0.2738671875
0.0 0.4297619047619048 0.149296875 0.07630952380952381 0.2884375
0.0 0.46654761904761904 0.220546875 0.1075 0.3350390625
0.0 0.5897916666666666 0.3999609375 0.1305059523809524 0.360234375
0.0 0.30889880952380955 0.5746484375 0.14601190476190476 0.3382421875
0.0 0.5081845238095238 0.7740625 0.1362797619047619 0.2619921875
0.0 0.6301190476190476 0.6039453125 0.12666666666666668 0.1788671875
0.0 0.6281547619047619 0.2311328125 0.10366071428571429 0.3652734375
0.0 0.0886904761904762 0.6916796875 0.13351190476190475 0.2298828125
0.0 0.2919047619047619 0.7406640625 0.16717261904761904 0.3737109375
0.0 0.24627976190476192 0.899453125 0.18613095238095237 0.2378125
0.0 0.09770833333333333 0.857421875 0.13291666666666666 0.30671875
0.0 0.7226190476190476 0.9402734375 0.1612202380952381 0.1259765625
