0.0 0.5535714285714286 0.110703125 0.090625 0.242109375
0.0 0.41604166666666664 0.2637109375 0.10625000000000001 0.318984375
0.0 0.6269345238095239 0.1257421875 0.08863095238095238 0.2744921875
0.0 0.47172619047619047 0.1618359375 0.07485119047619047 0.2947265625
0.0 0.5206845238095238 0.2380859375 0.09982142857142857 0.32625
0.0 0.6502380952380952 0.4065625 0.12187500000000001 0.3671875
0.0 0.3545238095238095 0.5308984375 0.15678571428571428 0.3151171875
0.0 0.551577380952381 0.793203125 0.1362797619047619 0.2619921875
0.0 0.6723214285714286 0.6191015625 0.12666666666666668 0.1788671875
0.0 0.6930654761904762 0.2432421875 0.10211309523809524 0.362265625
0.0 0.12238095238095237 0.702109375 0.12985119047619048 0.22828125
0.0 0.34151785714285715 0.703359375 0.1688095238095238 0.35875
0.0 0.3186309523809524 0.8790234375 0.19452380952380952 0.2532421875
0.0 0.15071428571428572 0.8558984375 0.15833333333333335 0.297265625
0.0 0.7644642857142857 0.95109375 0.1612202380952381 0.1103515625
