0.0 0.5868452380952381 0.1021875 0.090625 0.2376953125
0.0 0.4549702380952381 0.2423828125 0.10625000000000001 0.318984375
0.0 0.6502083333333333 0.1173828125 0.0881547619047619 0.2603515625
0.0 0.516547619047619 0.1459375 0.07485119047619047 0.2871875
0.0 0.5540773809523809 0.217265625 0.09982142857142857 0.3224609375
0.0 0.7087797619047619 0.3520703125 0.11517857142857144 0.3551953125
0.0 0.3863392857142857 0.4787890625 0.14797619047619048 0.3151171875
0.0 0.5830654761904762 0.7765625 0.1362797619047619 0.2619921875
0.0 0.7033928571428572 0.5979296875 0.12666666666666668 0.1788671875
0.0 0.735654761904762 0.2044140625 0.1044047619047619 0.3391015625
0.0 0.15973214285714285 0.673984375 0.12985119047619048 0.22828125
0.0 0.3756547619047619 0.6329296875 0.1688095238095238 0.350234375
0.0 0.3795238095238095 0.854609375 0.20488095238095239 0.311171875
0.0 0.1894047619047619 0.8488671875 0.178125 0.3340625
0.0 0.786517857142857 0.9377734375 0.15163690476190478 0.1360546875
