0.0 0.615654761904762 0.0855078125 0.090625 0.201796875
0.0 0.4805654761904762 0.2126953125 0.10625000000000001 0.318984375
0.0 0.674672619047619 0.1048046875 0.0881547619047619 0.240546875
0.0 0.55125 0.1201953125 0.07485119047619047 0.2739453125
0.0 0.584047619047619 0.1895703125 0.09598214285714286 0.3224609375
0.0 0.7588988095238095 0.312265625 0.12092261904761906 0.3551953125
0.0 0.4033333333333334 0.424296875 0.13473214285714286 0.31234375
0.0 0.6064583333333333 0.74125 0.1362797619047619 0.2619921875
0.0 0.735654761904762 0.566171875 0.12666666666666668 0.1788671875
0.0 0.7827083333333333 0.154921875 0.10366071428571429 0.316171875
0.0 0.18520833333333334 0.636015625 0.12985119047619048 0.22828125
0.0 0.39863095238095236 0.5705078125 0.14645833333333333 0.350234375
0.0 0.4170833333333333 0.8200390625 0.20163690476190477 0.374140625
0.0 0.3402678571428571 0.829453125 0.11517857142857144 0.34765625
0.0 0.2168452380952381 0.821875 0.17851190476190476 0.35671875
0.0 0.8045535714285714 0.917109375 0.14547619047619048 0.151171875
