0.0 0.6069940476190476 0.092421875 0.090625 0.213125
0.0 0.4714583333333333 0.2224609375 0.10625000000000001 0.318984375
0.0 0.6695535714285714 0.11046875 0.08773809523809524 0.2485546875
0.0 0.5413095238095238 0.1275390625 0.07485119047619047 0.277734375
0.0 0.5744047619047619 0.1981640625 0.09672619047619048 0.3224609375
0.0 0.7442857142857143 0.3243359375 0.12092261904761906 0.3551953125
0.0 0.39526785714285717 0.441796875 0.13964285714285715 0.3141796875
0.0 0.5995535714285714 0.751328125 0.1362797619047619 0.2619921875
0.0 0.7249107142857143 0.575234375 0.12666666666666668 0.1788671875
0.0 0.7702083333333334 0.1681640625 0.10366071428571429 0.3350390625
0.0 0.17627976190476188 0.6482421875 0.12985119047619048 0.22828125
0.0 0.3900892857142857 0.5896484375 0.15050595238095238 0.350234375
0.0 0.4072321428571429 0.829375 0.2038392857142857 0.353984375
0.0 0.32720238095238097 0.8390234375 0.11517857142857144 0.328515625
0.0 0.206875 0.831953125 0.17851190476190476 0.3526953125
0.0 0.7961309523809523 0.92265625 0.14395833333333333 0.1461328125
