0.0 0.5171428571428571 0.1837109375 0.10500000000000001 0.3206640625
0.0 0.6986309523809524 0.0819140625 0.09202380952380954 0.2220703125
0.0 0.6214285714285714 0.1612109375 0.09598214285714286 0.3224609375
0.0 0.8052380952380952 0.2676953125 0.11229166666666665 0.3551953125
0.0 0.42577380952380955 0.3778515625 0.12592261904761906 0.3241015625
0.0 0.6387202380952381 0.71359375 0.1362797619047619 0.2619921875
0.0 0.7695535714285714 0.5439453125 0.12666666666666668 0.1788671875
0.0 0.8239583333333333 0.1416796875 0.08830357142857144 0.297265625
0.0 0.22014880952380952 0.6021875 0.12985119047619048 0.22828125
0.0 0.43089285714285713 0.512890625 0.14035714285714285 0.350234375
0.0 0.4505952380952381 0.795625 0.1954761904761905 0.42515625
0.0 0.392797619047619 0.788203125 0.12523809523809523 0.379765625
0.0 0.2505059523809524 0.7954296875 0.17851190476190476 0.3627734375
0.0 0.8379464285714286 0.894453125 0.14779761904761904 0.1571875
