0.0 0.5344940476190476 0.160546875 0.10458333333333333 0.3212109375
0.0 0.6416071428571429 0.14296875 0.09598214285714286 0.3224609375
0.0 0.830654761904762 0.236171875 0.1094047619047619 0.34765625
0.0 0.4353571428571429 0.36046875 0.12738095238095237 0.347265625
0.0 0.6559821428571428 0.6908984375 0.1362797619047619 0.2619921875
0.0 0.7849404761904762 0.5225 0.12666666666666668 0.1788671875
0.0 0.23732142857142854 0.58609375 0.12985119047619048 0.22828125
0.0 0.4486309523809524 0.4802734375 0.1432142857142857 0.34703125
0.0 0.46883928571428574 0.770703125 0.1926190476190476 0.4446875
0.0 0.4122321428571428 0.7437890625 0.1324404761904762 0.377890625
0.0 0.26675595238095234 0.77453125 0.1769642857142857 0.3627734375
0.0 0.8567559523809524 0.8788671875 0.14779761904761904 0.156171875
0.0 0.938154761904762 0.945 0.11133928571428571 0.1266015625
