0.0 0.5402083333333333 0.1572265625 0.10458333333333333 0.313984375
0.0 0.6483333333333333 0.136015625 0.09598214285714286 0.3224609375
0.0 0.8392857142857143 0.22484375 0.1094047619047619 0.3438671875
0.0 0.4402380952380952 0.3514453125 0.12738095238095237 0.347265625
0.0 0.6615178571428572 0.685546875 0.13580357142857144 0.26515625
0.0 0.7900297619047618 0.515390625 0.12666666666666668 0.1788671875
0.0 0.24303571428571427 0.58078125 0.12985119047619048 0.22828125
0.0 0.4533333333333333 0.466875 0.14607142857142857 0.3437890625
0.0 0.4748511904761905 0.76 0.19163690476190476 0.4509765625
0.0 0.4180357142857143 0.7281640625 0.13166666666666668 0.3718359375
0.0 0.27172619047619045 0.7659765625 0.1761904761904762 0.3627734375
0.0 0.8617559523809524 0.8727734375 0.14779761904761904 0.156171875
0.0 0.9429761904761904 0.9409375 0.11133928571428571 0.1297265625
