0.0 0.5573809523809524 0.147265625 0.10458333333333333 0.2923046875
0.0 0.6646130952380952 0.113984375 0.09598214285714286 0.3224609375
0.0 0.858452380952381 0.1946484375 0.1094047619047619 0.340078125
0.0 0.45494047619047623 0.324453125 0.12738095238095237 0.347265625
0.0 0.6780654761904762 0.6694921875 0.1343452380952381 0.274609375
0.0 0.8008928571428572 0.498984375 0.12666666666666668 0.1788671875
0.0 0.2562797619047619 0.557578125 0.12985119047619048 0.22828125
0.0 0.4674404761904762 0.4266796875 0.15464285714285714 0.334140625
0.0 0.492827380952381 0.7165625 0.18875 0.4471875
0.0 0.43526785714285715 0.6812890625 0.129375 0.3537109375
0.0 0.28440476190476194 0.7437890625 0.17467261904761905 0.3627734375
0.0 0.8766964285714286 0.8546484375 0.14779761904761904 0.156171875
0.0 0.7408928571428571 0.927734375 0.10845238095238094 0.1587109375
0.0 0.9535119047619047 0.9308203125 0.11133928571428571 0.1385546875
