0.0 0.5714583333333333 0.1329296875 0.10458333333333333 0.2683203125
0.0 0.6924404761904762 0.0887890625 0.09020833333333333 0.3224609375
0.0 0.8828571428571428 0.1716796875 0.10017857142857142 0.3360546875
0.0 0.47333333333333333 0.267890625 0.13473214285714286 0.3344140625
0.0 0.6863690476190476 0.65296875 0.1343452380952381 0.274609375
0.0 0.8116666666666668 0.478515625 0.12666666666666668 0.1788671875
0.0 0.2650595238095238 0.5271875 0.12985119047619048 0.22828125
0.0 0.4874107142857143 0.36640625 0.15136904761904763 0.3282421875
0.0 0.5088988095238095 0.6696484375 0.1863690476190476 0.4446875
0.0 0.4534821428571429 0.6279296875 0.11898809523809523 0.3518359375
0.0 0.2913095238095238 0.717578125 0.17467261904761905 0.3627734375
0.0 0.8840178571428571 0.836484375 0.14779761904761904 0.156171875
0.0 0.7442857142857143 0.916640625 0.10556547619047618 0.1687890625
0.0 0.9530952380952381 0.92515625 0.10803571428571428 0.1461328125
