0.0 0.564375 0.141484375 0.10458333333333333 0.2830859375
0.0 0.6742261904761905 0.0988671875 0.09598214285714286 0.3224609375
0.0 0.8690476190476191 0.175703125 0.1094047619047619 0.340078125
0.0 0.46380952380952384 0.30421875 0.1292261904761905 0.3440625
0.0 0.6847916666666667 0.6606640625 0.1343452380952381 0.274609375
0.0 0.8066666666666668 0.489765625 0.12666666666666668 0.1788671875
0.0 0.2650595238095238 0.5421875 0.12985119047619048 0.22828125
0.0 0.47514880952380956 0.4039453125 0.1562797619047619 0.330390625
0.0 0.5048214285714285 0.6837890625 0.1868452380952381 0.437109375
0.0 0.444375 0.6581640625 0.12666666666666668 0.3484765625
0.0 0.2897619047619048 0.7337109375 0.17467261904761905 0.3627734375
0.0 0.8813392857142857 0.8476171875 0.14779761904761904 0.156171875
0.0 0.7442857142857143 0.9188671875 0.10556547619047618 0.1687890625
0.0 0.9554166666666666 0.9270703125 0.11133928571428571 0.14359375
