0.0 0.5714583333333333 0.134296875 0.10458333333333333 0.2710546875
0.0 0.6879166666666666 0.091328125 0.09166666666666667 0.3224609375
0.0 0.8794047619047619 0.1726953125 0.1025 0.3370703125
0.0 0.47577380952380954 0.2704296875 0.13473214285714286 0.3344140625
0.0 0.6889583333333333 0.6523828125 0.1343452380952381 0.274609375
0.0 0.8120238095238095 0.4795703125 0.12666666666666668 0.1788671875
0.0 0.2650595238095238 0.5308984375 0.12985119047619048 0.22828125
0.0 0.484375 0.3757421875 0.15258928571428573 0.3287890625
0.0 0.5081845238095238 0.6743359375 0.18779761904761905 0.4421484375
0.0 0.4544345238095238 0.63546875 0.12092261904761906 0.351015625
0.0 0.2932440476190476 0.7205859375 0.17467261904761905 0.3627734375
0.0 0.8882440476190476 0.8369921875 0.14779761904761904 0.156171875
0.0 0.7442857142857143 0.9171875 0.10556547619047618 0.1687890625
0.0 0.9541964285714286 0.92515625 0.10913690476190477 0.1461328125
