0.0 0.549672619047619 0.129140625 0.10458333333333333 0.25859375
0.0 0.6598511904761905 0.079375 0.09020833333333333 0.3224609375
0.0 0.8621130952380953 0.14421875 0.08779761904761904 0.3350390625
0.0 0.43898809523809523 0.238828125 0.13473214285714286 0.3344140625
0.0 0.653125 0.6480859375 0.1343452380952381 0.274609375
0.0 0.7861904761904762 0.4771875 0.12666666666666668 0.1788671875
0.0 0.23324404761904763 0.529296875 0.12985119047619048 0.22828125
0.0 0.47833333333333333 0.320390625 0.1520238095238095 0.3020703125
0.0 0.5033928571428571 0.6214453125 0.17244047619047617 0.4459375
0.0 0.4381547619047619 0.59703125 0.11708333333333334 0.3741015625
0.0 0.2605952380952381 0.7123046875 0.16699404761904763 0.3703125
0.0 0.8498809523809524 0.8382421875 0.14395833333333333 0.1486328125
0.0 0.7077976190476191 0.888671875 0.10556547619047618 0.1687890625
0.0 0.6609821428571429 0.93 0.22455357142857144 0.1385546875
0.0 0.9352678571428571 0.92265625 0.10366071428571429 0.1461328125
