0.0 0.5675 0.1305078125 0.10458333333333333 0.2611328125
0.0 0.6828571428571428 0.0862890625 0.09020833333333333 0.3224609375
0.0 0.8802083333333334 0.170703125 0.09788690476190476 0.3350390625
0.0 0.45863095238095236 0.253828125 0.13473214285714286 0.3344140625
0.0 0.6736011904761905 0.65578125 0.1343452380952381 0.274609375
0.0 0.8066666666666668 0.4805078125 0.12666666666666668 0.1788671875
0.0 0.25526785714285716 0.529296875 0.12985119047619048 0.22828125
0.0 0.4886607142857143 0.3504296875 0.14648809523809522 0.31453125
0.0 0.5125 0.646015625 0.17916666666666667 0.457265625
0.0 0.44717261904761907 0.6203515625 0.11863095238095238 0.368828125
0.0 0.28077380952380954 0.71421875 0.17083333333333334 0.3665234375
0.0 0.8636904761904761 0.835234375 0.14702380952380953 0.1546875
0.0 0.7442857142857143 0.913828125 0.10556547619047618 0.1687890625
0.0 0.6886309523809524 0.933984375 0.22455357142857144 0.1385546875
0.0 0.9460416666666667 0.9246484375 0.10366071428571429 0.1461328125
