0.0 0.3475595238095238 0.1039453125 0.10699404761904763 0.2305078125
0.0 0.4467857142857143 0.0421875 0.09020833333333333 0.3224609375
0.0 0.23199404761904763 0.162734375 0.12738095238095237 0.30546875
0.0 0.47080357142857143 0.6048046875 0.1343452380952381 0.274609375
0.0 0.5801785714285714 0.417109375 0.12982142857142856 0.1788671875
0.0 0.056220238095238094 0.518046875 0.11145833333333334 0.22828125
0.0 0.2725892857142857 0.240078125 0.1275297619047619 0.28453125
0.0 0.33098214285714284 0.5092578125 0.17422619047619048 0.419140625
0.0 0.27476190476190476 0.514453125 0.12976190476190477 0.360234375
0.0 0.09071428571428572 0.708515625 0.18425595238095238 0.3627734375
0.0 0.6785714285714286 0.772734375 0.14395833333333333 0.1486328125
0.0 0.5469940476190476 0.8528515625 0.10556547619047618 0.1687890625
0.0 0.5051785714285715 0.9100390625 0.21592261904761903 0.2191796875
0.0 0.7673214285714286 0.853359375 0.10366071428571429 0.1461328125
0.0 0.9122619047619047 0.83984375 0.13723214285714286 0.329375
