0.0 0.41389880952380953 0.097578125 0.10458333333333333 0.236875
0.0 0.5181250000000001 0.04140625 0.09020833333333333 0.3224609375
0.0 0.29520833333333335 0.163671875 0.13622023809523812 0.31125
0.0 0.5225892857142858 0.5998046875 0.1343452380952381 0.274609375
0.0 0.6463988095238096 0.41984375 0.12824404761904762 0.1788671875
0.0 0.1068154761904762 0.5035546875 0.1200297619047619 0.22828125
0.0 0.3350892857142857 0.240078125 0.13779761904761903 0.28453125
0.0 0.3925595238095238 0.5183203125 0.1787797619047619 0.416484375
0.0 0.3181845238095238 0.5126953125 0.12476190476190477 0.354375
0.0 0.13648809523809524 0.68921875 0.17851190476190476 0.3661328125
0.0 0.7316071428571428 0.774296875 0.14395833333333333 0.1486328125
0.0 0.6038095238095238 0.853359375 0.10556547619047618 0.1687890625
0.0 0.5507738095238095 0.90625 0.2188095238095238 0.2191796875
0.0 0.819375 0.861171875 0.10366071428571429 0.1461328125
0.0 0.949672619047619 0.8483203125 0.10556547619047618 0.319921875
