0.0 0.49223214285714284 0.1056640625 0.10458333333333333 0.236875
0.0 0.6038690476190476 0.05515625 0.09020833333333333 0.3224609375
0.0 0.37607142857142856 0.1926171875 0.13916666666666666 0.3228125
0.0 0.5974702380952381 0.6178515625 0.1343452380952381 0.274609375
0.0 0.7273214285714286 0.433515625 0.12666666666666668 0.1788671875
0.0 0.18425595238095238 0.490703125 0.12985119047619048 0.22828125
0.0 0.4105952380952381 0.2668359375 0.14711309523809524 0.290390625
0.0 0.457797619047619 0.5515234375 0.17723214285714284 0.434609375
0.0 0.383452380952381 0.5405859375 0.11708333333333334 0.371171875
0.0 0.2088095238095238 0.6867578125 0.1692857142857143 0.369296875
0.0 0.7930357142857142 0.7858984375 0.14395833333333333 0.1486328125
0.0 0.6713690476190477 0.8634375 0.10556547619047618 0.1687890625
0.0 0.6103273809523809 0.9138671875 0.22226190476190477 0.1869140625
0.0 0.8853869047619047 0.8672265625 0.10366071428571429 0.1461328125
