0.0 0.4530952380952381 0.101640625 0.10458333333333333 0.236875
0.0 0.5610119047619048 0.04828125 0.09020833333333333 0.3224609375
0.0 0.33735119047619044 0.1643359375 0.14208333333333334 0.3151171875
0.0 0.5571428571428572 0.5964453125 0.1343452380952381 0.274609375
0.0 0.6905059523809524 0.4216796875 0.12720238095238096 0.1788671875
0.0 0.14550595238095237 0.497109375 0.12494047619047619 0.22828125
0.0 0.37669642857142854 0.240078125 0.14467261904761905 0.28453125
0.0 0.4251488095238095 0.534921875 0.17800595238095238 0.425546875
0.0 0.35080357142857144 0.526640625 0.12092261904761906 0.3627734375
0.0 0.17229166666666668 0.679296875 0.17160714285714285 0.3683203125
0.0 0.763095238095238 0.7732421875 0.14395833333333333 0.1486328125
0.0 0.6375892857142856 0.8583984375 0.10556547619047618 0.1687890625
0.0 0.5811309523809524 0.9037890625 0.22074404761904762 0.2191796875
0.0 0.8523511904761905 0.86421875 0.10366071428571429 0.1461328125
