0.0 0.19824404761904763 0.6140234375 0.1343452380952381 0.274609375
0.0 0.31339285714285714 0.398671875 0.14202380952380952 0.1813671875
0.0 0.07488095238095238 0.49359375 0.15229166666666666 0.4396484375
0.0 0.4256547619047619 0.7362109375 0.14395833333333333 0.1486328125
0.0 0.3012797619047619 0.85234375 0.10556547619047618 0.1687890625
0.0 0.2730952380952381 0.90625 0.19961309523809523 0.2191796875
0.0 0.5283630952380952 0.7941796875 0.10366071428571429 0.1461328125
0.0 0.5442261904761905 0.935859375 0.14202380952380952 0.14109375
0.0 0.4083928571428571 0.952890625 0.1324404761904762 0.110859375
0.0 0.6828571428571428 0.790390625 0.1573809523809524 0.357734375
0.0 0.7147916666666666 0.604609375 0.17705357142857142 0.2607421875
0.0 0.7011011904761905 0.4030859375 0.14970238095238095 0.1360546875
0.0 0.6784821428571428 0.1412109375 0.12053571428571429 0.19046875
