0.0 0.1362797619047619 0.115546875 0.11476190476190477 0.2362890625
0.0 0.2874702380952381 0.6077734375 0.1343452380952381 0.274609375
0.0 0.4072321428571429 0.406953125 0.1362797619047619 0.1798828125
0.0 0.05919642857142857 0.2496875 0.13041666666666668 0.270546875
0.0 0.15901785714285716 0.5066015625 0.1593452380952381 0.4387890625
0.0 0.1106845238095238 0.5101171875 0.1343452380952381 0.371328125
0.0 0.5120238095238095 0.74 0.14395833333333333 0.1486328125
0.0 0.3796130952380952 0.84984375 0.10556547619047618 0.1687890625
0.0 0.3473809523809524 0.9077734375 0.20538690476190477 0.2191796875
0.0 0.6061011904761905 0.811171875 0.10366071428571429 0.1461328125
0.0 0.6190476190476191 0.9428125 0.14107142857142857 0.133515625
0.0 0.48181547619047616 0.956640625 0.1324404761904762 0.0994921875
0.0 0.7638095238095237 0.81265625 0.1573809523809524 0.354375
0.0 0.7985416666666667 0.6266796875 0.16794642857142858 0.2619921875
0.0 0.7990178571428572 0.43140625 0.14970238095238095 0.1360546875
0.0 0.7803571428571429 0.1661328125 0.119375 0.195
