0.0 0.10181547619047619 0.1169140625 0.11821428571428572 0.240234375
0.0 0.25723214285714285 0.6083984375 0.1343452380952381 0.274609375
0.0 0.3759523809523809 0.4041796875 0.1381845238095238 0.180390625
0.0 0.04327380952380952 0.2496875 0.09857142857142856 0.270546875
0.0 0.12958333333333333 0.5062109375 0.1580654761904762 0.4396484375
0.0 0.08306547619047619 0.5057421875 0.1343452380952381 0.3703125
0.0 0.4832738095238095 0.7387890625 0.14395833333333333 0.1486328125
0.0 0.35270833333333335 0.848359375 0.10556547619047618 0.1687890625
0.0 0.32261904761904764 0.907265625 0.20345238095238094 0.2191796875
0.0 0.5801785714285714 0.8055078125 0.10366071428571429 0.1461328125
0.0 0.5938690476190476 0.9390234375 0.14154761904761906 0.1373046875
0.0 0.45735119047619044 0.955390625 0.1324404761904762 0.10328125
0.0 0.7375595238095238 0.8067578125 0.1573809523809524 0.357734375
0.0 0.7704464285714285 0.6171875 0.17130952380952383 0.2619921875
0.0 0.7663690476190477 0.4219921875 0.14970238095238095 0.1360546875
0.0 0.7464285714285714 0.1578125 0.11976190476190476 0.1934765625
