0.0 0.04898809523809524 0.6801953125 0.10267857142857142 0.275859375
0.0 0.12642857142857142 0.461171875 0.13589285714285712 0.179375
0.0 0.261577380952381 0.786015625 0.14395833333333333 0.1486328125
0.0 0.13005952380952382 0.916328125 0.10556547619047618 0.1687890625
0.0 0.3575297619047619 0.8344921875 0.10366071428571429 0.1461328125
0.0 0.3848809523809524 0.96921875 0.14202380952380952 0.14109375
0.0 0.5168452380952381 0.8051953125 0.16026785714285716 0.3558203125
0.0 0.5349107142857142 0.6115234375 0.19160714285714284 0.243515625
0.0 0.5024404761904762 0.410625 0.14970238095238095 0.1360546875
0.0 0.46116071428571426 0.1605859375 0.12666666666666668 0.18390625
0.0 0.8130654761904762 0.1534765625 0.09214285714285715 0.317421875
