0.0 0.060059523809523806 0.481796875 0.12666666666666668 0.176328125
0.0 0.20839285714285713 0.8015234375 0.14395833333333333 0.1486328125
0.0 0.08553571428571428 0.92640625 0.10556547619047618 0.1687890625
0.0 0.3057142857142857 0.84203125 0.10366071428571429 0.1461328125
0.0 0.33187500000000003 0.974296875 0.14538690476190477 0.14109375
0.0 0.45732142857142855 0.80046875 0.16889880952380953 0.35015625
0.0 0.47285714285714286 0.6115625 0.1980059523809524 0.24015625
0.0 0.4333333333333333 0.411875 0.14970238095238095 0.1360546875
0.0 0.38729166666666665 0.160625 0.1324404761904762 0.1687890625
0.0 0.73375 0.1492578125 0.09214285714285715 0.317421875
