0.0 0.07345238095238095 0.4792578125 0.12666666666666668 0.176328125
0.0 0.2207142857142857 0.799453125 0.14395833333333333 0.1486328125
0.0 0.09666666666666665 0.92390625 0.10556547619047618 0.1687890625
0.0 0.31866071428571424 0.84015625 0.10366071428571429 0.1461328125
0.0 0.3402678571428571 0.973046875 0.14202380952380952 0.14109375
0.0 0.47080357142857143 0.80046875 0.16889880952380953 0.35015625
0.0 0.48839285714285713 0.6115625 0.19642857142857142 0.241015625
0.0 0.44967261904761907 0.4125 0.14970238095238095 0.1360546875
0.0 0.40577380952380954 0.160625 0.13101190476190477 0.172578125
0.0 0.7529166666666667 0.1501171875 0.09214285714285715 0.317421875
