0.0 0.07008928571428572 0.6688671875 0.12764880952380953 0.275859375
0.0 0.1617559523809524 0.4490625 0.14202380952380952 0.1813671875
0.0 0.2942261904761905 0.767109375 0.14395833333333333 0.1486328125
0.0 0.16767857142857143 0.893203125 0.10556547619047618 0.1687890625
0.0 0.14351190476190476 0.9264453125 0.21303571428571427 0.153671875
0.0 0.39303571428571427 0.821875 0.10366071428571429 0.1461328125
0.0 0.4175 0.96046875 0.14202380952380952 0.14109375
0.0 0.5514285714285714 0.8001953125 0.1573809523809524 0.357734375
0.0 0.5708333333333334 0.607421875 0.18857142857142856 0.2475
0.0 0.5427678571428571 0.4043359375 0.14970238095238095 0.1360546875
0.0 0.5063095238095239 0.1492578125 0.12666666666666668 0.18390625
0.0 0.8565476190476191 0.1568359375 0.09214285714285715 0.317421875
