0.0 0.08306547619047619 0.6619140625 0.1343452380952381 0.274609375
0.0 0.18702380952380954 0.4406640625 0.14202380952380952 0.1813671875
0.0 0.3105357142857143 0.7576171875 0.14395833333333333 0.1486328125
0.0 0.18651785714285715 0.8815625 0.10556547619047618 0.1687890625
0.0 0.15889880952380953 0.92140625 0.21303571428571427 0.16625
0.0 0.41080357142857143 0.815625 0.10366071428571429 0.1461328125
0.0 0.43526785714285715 0.952890625 0.14202380952380952 0.14109375
0.0 0.570595238095238 0.793671875 0.1573809523809524 0.357734375
0.0 0.5912202380952382 0.6033203125 0.18714285714285714 0.2506640625
0.0 0.5629464285714286 0.4012109375 0.14970238095238095 0.1360546875
0.0 0.5288392857142857 0.14359375 0.12666666666666668 0.18390625
0.0 0.8810119047619047 0.1568359375 0.09309523809523809 0.317421875
