0.0 0.09648809523809525 0.644296875 0.1343452380952381 0.274609375
0.0 0.21232142857142858 0.432265625 0.14202380952380952 0.1813671875
0.0 0.33211309523809524 0.7519921875 0.14395833333333333 0.1486328125
0.0 0.20532738095238093 0.87 0.10556547619047618 0.1687890625
0.0 0.17425595238095237 0.9163671875 0.21303571428571427 0.1788671875
0.0 0.4285416666666667 0.809296875 0.10366071428571429 0.1461328125
0.0 0.45303571428571426 0.9453125 0.14202380952380952 0.14109375
0.0 0.3181845238095238 0.9655078125 0.1324404761904762 0.10078125
0.0 0.5897619047619047 0.7871484375 0.1573809523809524 0.357734375
0.0 0.6116071428571429 0.5992578125 0.18571428571428572 0.2537890625
0.0 0.5892857142857143 0.399296875 0.14970238095238095 0.1360546875
0.0 0.5514285714285714 0.1379296875 0.12666666666666668 0.18390625
0.0 0.9055059523809523 0.1568359375 0.09404761904761905 0.317421875
