0.0 0.4019345238095238 0.376875 0.05568452380952381 0.1904296875
0.0 0.35848214285714286 0.3763671875 0.05205357142857142 0.1764453125
0.0 0.5258630952380953 0.5871484375 0.07595238095238095 0.35046875
0.0 0.49217261904761905 0.4269921875 0.08696428571428572 0.2182421875
0.0 0.4373511904761904 0.6924609375 0.1643154761904762 0.408359375
0.0 0.35270833333333335 0.658671875 0.09851190476190477 0.3291796875
0.0 0.29970238095238094 0.4657421875 0.0719047619047619 0.274921875
0.0 0.7150297619047619 0.386640625 0.10398809523809523 0.3245703125
0.0 0.29252976190476193 0.25609375 0.08696428571428572 0.193125
0.0 0.22041666666666668 0.42015625 0.07288690476190476 0.2609765625
0.0 0.6545833333333333 0.236328125 0.07595238095238095 0.0923046875
