0.0 0.4021130952380953 0.3787109375 0.05601190476190476 0.1941015625
0.0 0.35848214285714286 0.3756640625 0.05205357142857142 0.1750390625
0.0 0.5325892857142857 0.586796875 0.07791666666666666 0.3487109375
0.0 0.49952380952380954 0.427578125 0.08696428571428572 0.2178515625
0.0 0.4444940476190476 0.69328125 0.16625 0.408359375
0.0 0.3568154761904762 0.6611328125 0.10044642857142858 0.331171875
0.0 0.3049702380952381 0.4665625 0.07264880952380952 0.2765234375
0.0 0.7108035714285714 0.3865234375 0.10669642857142858 0.3233203125
0.0 0.29252976190476193 0.25359375 0.08696428571428572 0.1882421875
0.0 0.2262797619047619 0.420859375 0.07351190476190476 0.2615234375
0.0 0.6545833333333333 0.23625 0.07595238095238095 0.0924609375
