0.0 0.40520833333333334 0.371875 0.05633928571428572 0.197734375
0.0 0.35848214285714286 0.37078125 0.05205357142857142 0.1652734375
0.0 0.5797916666666667 0.5839453125 0.09163690476190475 0.336328125
0.0 0.5509821428571429 0.431796875 0.08696428571428572 0.2150390625
0.0 0.48880952380952386 0.6955078125 0.1574107142857143 0.4102734375
0.0 0.4101785714285714 0.64671875 0.09092261904761904 0.3424609375
0.0 0.34125 0.4725 0.08014880952380952 0.2847265625
0.0 0.6785416666666667 0.3862109375 0.09508928571428571 0.3183203125
0.0 0.29252976190476193 0.2587890625 0.08696428571428572 0.1985546875
0.0 0.2675297619047619 0.425859375 0.07779761904761905 0.2652734375
0.0 0.9330654761904762 0.3788671875 0.1174107142857143 0.286640625
0.0 0.6545833333333333 0.2356640625 0.07595238095238095 0.0936328125
