0.0 0.4056845238095238 0.3704296875 0.05633928571428572 0.197734375
0.0 0.35848214285714286 0.370078125 0.05205357142857142 0.16390625
0.0 0.5864880952380952 0.583515625 0.09357142857142857 0.3345703125
0.0 0.5583630952380952 0.4324609375 0.08696428571428572 0.2146484375
0.0 0.4940178571428572 0.6951953125 0.151875 0.4109375
0.0 0.4178273809523809 0.6446875 0.08955357142857143 0.3440625
0.0 0.3458630952380952 0.4735546875 0.08315476190476191 0.2833203125
0.0 0.6733928571428571 0.3862109375 0.08758928571428572 0.3183203125
0.0 0.29252976190476193 0.2608203125 0.08696428571428572 0.202578125
0.0 0.27342261904761905 0.4265625 0.07839285714285714 0.2658203125
0.0 0.927797619047619 0.37953125 0.11113095238095239 0.2903125
0.0 0.6545833333333333 0.2355859375 0.07595238095238095 0.0937890625
