0.0 0.40669642857142857 0.3675390625 0.05633928571428572 0.197734375
0.0 0.35848214285714286 0.368671875 0.05205357142857142 0.16109375
0.0 0.5985714285714285 0.583125 0.0961607142857143 0.33375
0.0 0.5730654761904762 0.4336328125 0.08696428571428572 0.213828125
0.0 0.5044345238095238 0.69453125 0.14086309523809523 0.4122265625
0.0 0.43080357142857145 0.64296875 0.09255952380952381 0.3456640625
0.0 0.3551488095238095 0.475703125 0.08913690476190476 0.28046875
0.0 0.663125 0.3862109375 0.07258928571428572 0.3183203125
0.0 0.29252976190476193 0.26484375 0.08696428571428572 0.210625
0.0 0.2851785714285714 0.42796875 0.07961309523809523 0.266875
0.0 0.9172916666666666 0.3809375 0.09851190476190477 0.29765625
0.0 0.6545833333333333 0.2354296875 0.07595238095238095 0.094140625
