0.0 0.40717261904761903 0.361953125 0.05633928571428572 0.1894140625
0.0 0.35848214285714286 0.3658984375 0.05205357142857142 0.1555078125
0.0 0.6199107142857143 0.583125 0.09860119047619048 0.3376171875
0.0 0.6020238095238095 0.4456640625 0.1025 0.24328125
0.0 0.5252976190476191 0.6932421875 0.11880952380952381 0.4148046875
0.0 0.45211309523809523 0.6443359375 0.1100595238095238 0.3456640625
0.0 0.3736011904761905 0.48 0.10113095238095238 0.2747265625
0.0 0.6392857142857143 0.3870703125 0.06380952380952382 0.3165625
0.0 0.29252976190476193 0.2728125 0.08696428571428572 0.2266796875
0.0 0.2987797619047619 0.4335546875 0.08720238095238095 0.2721484375
0.0 0.8944642857142858 0.3844921875 0.08315476190476191 0.306015625
0.0 0.6545833333333333 0.235078125 0.07595238095238095 0.0948046875
