0.0 0.40717261904761903 0.360546875 0.05633928571428572 0.186640625
0.0 0.35848214285714286 0.3651953125 0.05205357142857142 0.154140625
0.0 0.6252083333333334 0.583125 0.09922619047619048 0.33859375
0.0 0.6092857142857143 0.4487109375 0.10636904761904763 0.2506640625
0.0 0.5307738095238095 0.6934765625 0.12473214285714285 0.41359375
0.0 0.4574702380952381 0.6446875 0.11443452380952382 0.3456640625
0.0 0.3782738095238095 0.48109375 0.10410714285714284 0.2733203125
0.0 0.6325000000000001 0.3875 0.0669345238095238 0.315703125
0.0 0.29252976190476193 0.2748828125 0.08696428571428572 0.230703125
0.0 0.30217261904761905 0.434921875 0.08907738095238095 0.2734375
0.0 0.8874107142857144 0.386015625 0.08669642857142856 0.3033203125
0.0 0.6545833333333333 0.235 0.07595238095238095 0.0949609375
