0.0 0.40717261904761903 0.359140625 0.05633928571428572 0.1838671875
0.0 0.35848214285714286 0.3644921875 0.05205357142857142 0.152734375
0.0 0.6305654761904762 0.583125 0.09982142857142857 0.33953125
0.0 0.616547619047619 0.4516796875 0.11023809523809523 0.258046875
0.0 0.5362797619047619 0.6937109375 0.1306547619047619 0.4123828125
0.0 0.46279761904761907 0.6450390625 0.11880952380952381 0.3456640625
0.0 0.3855654761904762 0.4810546875 0.10208333333333333 0.275078125
0.0 0.6257142857142858 0.38796875 0.07005952380952381 0.3148046875
0.0 0.29252976190476193 0.276875 0.08696428571428572 0.2347265625
0.0 0.3055654761904762 0.436328125 0.09098214285714286 0.274765625
0.0 0.8802976190476189 0.3875390625 0.09023809523809524 0.3006640625
0.0 0.6545833333333333 0.234921875 0.07595238095238095 0.0951171875
