0.0 0.40717261904761903 0.3536328125 0.05633928571428572 0.1727734375
0.0 0.35848214285714286 0.3709375 0.05205357142857142 0.1655859375
0.0 0.6515178571428571 0.5816015625 0.10008928571428573 0.341640625
0.0 0.6455059523809523 0.46375 0.1257738095238095 0.2875
0.0 0.5583035714285715 0.694453125 0.1543452380952381 0.4075390625
0.0 0.4841666666666667 0.64640625 0.1363095238095238 0.3456640625
0.0 0.41464285714285715 0.4810546875 0.09389880952380952 0.2822265625
0.0 0.5985714285714285 0.3897265625 0.08252976190476191 0.311328125
0.0 0.29252976190476193 0.284921875 0.08696428571428572 0.2508203125
0.0 0.31910714285714287 0.441875 0.09854166666666667 0.2800390625
0.0 0.8519642857142857 0.3936328125 0.1044047619047619 0.289921875
0.0 0.6545833333333333 0.234609375 0.07595238095238095 0.09578125
