0.0 0.40717261904761903 0.3521875 0.05633928571428572 0.17
0.0 0.35848214285714286 0.3725390625 0.05205357142857142 0.168828125
0.0 0.6564583333333334 0.5801171875 0.09848214285714287 0.3408203125
0.0 0.6527380952380952 0.466796875 0.12964285714285714 0.2948828125
0.0 0.5638392857142857 0.6946484375 0.16026785714285716 0.4063671875
0.0 0.48949404761904763 0.6467578125 0.14068452380952381 0.3456640625
0.0 0.42193452380952384 0.4810546875 0.091875 0.2840234375
0.0 0.5917559523809525 0.39015625 0.08562499999999999 0.3104296875
0.0 0.29252976190476193 0.286875 0.08696428571428572 0.2548046875
0.0 0.3225297619047619 0.44328125 0.10044642857142858 0.2813671875
0.0 0.8449107142857143 0.39515625 0.10791666666666666 0.2872265625
0.0 0.6545833333333333 0.23453125 0.07595238095238095 0.0959375
