0.0 0.40717261904761903 0.354140625 0.05633928571428572 0.1738671875
0.0 0.35848214285714286 0.37734375 0.05205357142857142 0.1784765625
0.0 0.6713095238095238 0.57546875 0.09372023809523809 0.3384375
0.0 0.6771428571428572 0.4685546875 0.13023809523809524 0.3001171875
0.0 0.5803869047619047 0.6952734375 0.1780357142857143 0.402734375
0.0 0.5064285714285715 0.6467578125 0.1426488095238095 0.347109375
0.0 0.4438095238095238 0.48109375 0.08574404761904761 0.289375
0.0 0.5731845238095238 0.3901171875 0.09017857142857143 0.3084765625
0.0 0.29252976190476193 0.29296875 0.08696428571428572 0.266875
0.0 0.3398809523809524 0.4454296875 0.09351190476190477 0.2813671875
0.0 0.823779761904762 0.3954296875 0.10288690476190476 0.2845703125
0.0 0.6545833333333333 0.2342578125 0.07595238095238095 0.0964453125
