0.0 0.40717261904761903 0.3575390625 0.05633928571428572 0.180546875
0.0 0.35848214285714286 0.3805859375 0.05205357142857142 0.1848828125
0.0 0.681220238095238 0.5724609375 0.09050595238095238 0.336796875
0.0 0.6942857142857143 0.4672265625 0.12699404761904762 0.29796875
0.0 0.5914285714285714 0.6956640625 0.18985119047619048 0.4003125
0.0 0.5189285714285715 0.6453125 0.12901785714285716 0.3499609375
0.0 0.4532738095238096 0.4844921875 0.09273809523809524 0.28984375
0.0 0.5632440476190477 0.3883203125 0.08681547619047619 0.3080859375
0.0 0.29252976190476193 0.2969921875 0.08696428571428572 0.274921875
0.0 0.3514583333333333 0.4468359375 0.08886904761904761 0.2813671875
0.0 0.8096726190476191 0.39421875 0.0943154761904762 0.2845703125
0.0 0.6545833333333333 0.2341015625 0.07595238095238095 0.0967578125
