0.0 0.40717261904761903 0.360859375 0.05633928571428572 0.1872265625
0.0 0.35848214285714286 0.3837890625 0.05205357142857142 0.191328125
0.0 0.6911607142857142 0.5694140625 0.08732142857142858 0.3351953125
0.0 0.7114285714285714 0.4659375 0.12372023809523809 0.2958203125
0.0 0.6064880952380952 0.694453125 0.1800595238095238 0.4028125
0.0 0.5314583333333334 0.643828125 0.11541666666666667 0.3528125
0.0 0.46270833333333333 0.48796875 0.09973214285714285 0.2903125
0.0 0.5532738095238096 0.386484375 0.08345238095238094 0.3076953125
0.0 0.29252976190476193 0.301015625 0.08696428571428572 0.28296875
0.0 0.3630059523809524 0.4483203125 0.08425595238095238 0.2813671875
0.0 0.7955654761904762 0.3930078125 0.08574404761904761 0.2845703125
0.0 0.6545833333333333 0.2339453125 0.07595238095238095 0.097109375
