0.0 0.40717261904761903 0.3641796875 0.05633928571428572 0.19390625
0.0 0.35848214285714286 0.3869921875 0.05205357142857142 0.197734375
0.0 0.7027380952380953 0.56859375 0.0874404761904762 0.3346484375
0.0 0.7286011904761904 0.4646484375 0.12044642857142857 0.293671875
0.0 0.621547619047619 0.6932421875 0.17026785714285714 0.4052734375
0.0 0.5439583333333333 0.6424609375 0.10181547619047619 0.3556640625
0.0 0.4721726190476191 0.49140625 0.10675595238095237 0.29078125
0.0 0.5433035714285714 0.3846875 0.08008928571428571 0.307265625
0.0 0.29252976190476193 0.3049609375 0.08696428571428572 0.291015625
0.0 0.3746130952380953 0.4496875 0.07961309523809523 0.2813671875
0.0 0.7814880952380951 0.3918359375 0.07717261904761905 0.2845703125
0.0 0.6545833333333333 0.2337890625 0.07595238095238095 0.0974609375
