0.0 0.40717261904761903 0.365859375 0.05633928571428572 0.197265625
0.0 0.35848214285714286 0.38859375 0.05205357142857142 0.2009765625
0.0 0.7093452380952381 0.5693359375 0.08913690476190476 0.3348828125
0.0 0.737172619047619 0.463984375 0.11880952380952381 0.2926171875
0.0 0.6291071428571429 0.6926171875 0.16535714285714287 0.4065234375
0.0 0.5502380952380952 0.6417578125 0.095 0.357109375
0.0 0.47690476190476194 0.4930859375 0.11023809523809523 0.291015625
0.0 0.5383630952380952 0.3837890625 0.07839285714285714 0.3070703125
0.0 0.29252976190476193 0.3048828125 0.08696428571428572 0.290703125
0.0 0.37901785714285713 0.450703125 0.08330357142857142 0.2815234375
0.0 0.7750595238095238 0.390078125 0.07517857142857143 0.2801953125
0.0 0.6545833333333333 0.233671875 0.07595238095238095 0.0976171875
