0.0 0.40717261904761903 0.3675390625 0.05633928571428572 0.2005859375
0.0 0.35848214285714286 0.390234375 0.05205357142857142 0.2041796875
0.0 0.715952380952381 0.570078125 0.09083333333333334 0.33515625
0.0 0.7457440476190476 0.463359375 0.11717261904761904 0.2915234375
0.0 0.6366369047619047 0.6919921875 0.1604761904761905 0.407734375
0.0 0.5565178571428572 0.641015625 0.08818452380952381 0.358515625
0.0 0.4833035714285714 0.493359375 0.10741071428571429 0.292109375
0.0 0.5330952380952381 0.385 0.07717261904761905 0.3066015625
0.0 0.29252976190476193 0.3046875 0.08696428571428572 0.2904296875
0.0 0.3834226190476191 0.451640625 0.08696428571428572 0.28171875
0.0 0.7686011904761905 0.3883203125 0.0731547619047619 0.27578125
0.0 0.6545833333333333 0.23359375 0.07595238095238095 0.0977734375
