0.0 0.40717261904761903 0.36921875 0.05633928571428572 0.2039453125
0.0 0.35848214285714286 0.3918359375 0.05205357142857142 0.2073828125
0.0 0.7225297619047619 0.5708203125 0.0925297619047619 0.335390625
0.0 0.7543154761904761 0.462734375 0.11556547619047619 0.29046875
0.0 0.6441666666666667 0.6913671875 0.1555654761904762 0.408984375
0.0 0.5609821428571429 0.6412109375 0.09255952380952381 0.3581640625
0.0 0.4897321428571429 0.49359375 0.10461309523809523 0.2932421875
0.0 0.527797619047619 0.386171875 0.07595238095238095 0.30609375
0.0 0.29252976190476193 0.3045703125 0.08696428571428572 0.29015625
0.0 0.38782738095238095 0.45265625 0.0906547619047619 0.281875
0.0 0.7621130952380952 0.3865625 0.07116071428571429 0.27140625
0.0 0.6545833333333333 0.233515625 0.07595238095238095 0.0979296875
