0.0 0.40717261904761903 0.370859375 0.05633928571428572 0.207265625
0.0 0.35848214285714286 0.3934375 0.05205357142857142 0.210625
0.0 0.7291369047619047 0.5715625 0.09422619047619048 0.335625
0.0 0.7628571428571428 0.462109375 0.11392857142857143 0.289375
0.0 0.6516964285714286 0.6907421875 0.1506547619047619 0.410234375
0.0 0.5654761904761905 0.6413671875 0.09690476190476191 0.3578125
0.0 0.4961904761904762 0.493828125 0.1017857142857143 0.294375
0.0 0.5225297619047619 0.387421875 0.07473214285714286 0.305625
0.0 0.29252976190476193 0.304453125 0.08696428571428572 0.2898828125
0.0 0.39229166666666665 0.453671875 0.0943154761904762 0.2820703125
0.0 0.7556547619047619 0.3848046875 0.06913690476190476 0.26703125
0.0 0.055 0.68921875 0.10901785714285715 0.3906640625
0.0 0.6545833333333333 0.2334375 0.07595238095238095 0.0980859375
