0.0 0.40717261904761903 0.3725 0.05633928571428572 0.210625
0.0 0.35848214285714286 0.3950390625 0.05205357142857142 0.213828125
0.0 0.7357142857142857 0.5723046875 0.09592261904761903 0.3358984375
0.0 0.7714583333333332 0.4614453125 0.11229166666666665 0.2883203125
0.0 0.6592559523809524 0.6901171875 0.14577380952380953 0.4114453125
0.0 0.5699702380952381 0.6415234375 0.10125 0.3574609375
0.0 0.5026190476190476 0.4940625 0.09898809523809524 0.2955078125
0.0 0.5172916666666667 0.38859375 0.07351190476190476 0.30515625
0.0 0.29252976190476193 0.3043359375 0.08696428571428572 0.289609375
0.0 0.39669642857142856 0.454609375 0.09800595238095237 0.2822265625
0.0 0.7491964285714285 0.383046875 0.06714285714285714 0.26265625
0.0 0.05904761904761905 0.689140625 0.115 0.39046875
0.0 0.6545833333333333 0.233359375 0.07595238095238095 0.09828125
