0.0 0.40717261904761903 0.37421875 0.05633928571428572 0.2139453125
0.0 0.35848214285714286 0.396640625 0.05205357142857142 0.21703125
0.0 0.7423214285714286 0.5730859375 0.0976190476190476 0.3361328125
0.0 0.7800595238095239 0.4608203125 0.11065476190476191 0.2872265625
0.0 0.6667559523809524 0.6894921875 0.14086309523809523 0.4126953125
0.0 0.5744642857142858 0.6417578125 0.10562500000000001 0.357109375
0.0 0.5090178571428572 0.4943359375 0.0961607142857143 0.296640625
0.0 0.5120238095238095 0.3898046875 0.07226190476190476 0.3046484375
0.0 0.29252976190476193 0.3041796875 0.08696428571428572 0.2893359375
0.0 0.40113095238095237 0.4555859375 0.10166666666666666 0.282421875
0.0 0.7427380952380952 0.381328125 0.06514880952380953 0.2582421875
0.0 0.063125 0.6890234375 0.12095238095238095 0.3902734375
0.0 0.6545833333333333 0.23328125 0.07595238095238095 0.0984375
