0.0 0.40717261904761903 0.375859375 0.05633928571428572 0.2173046875
0.0 0.35848214285714286 0.3982421875 0.05205357142857142 0.2202734375
0.0 0.7488988095238095 0.573828125 0.09931547619047618 0.3363671875
0.0 0.7886309523809525 0.4601171875 0.10901785714285715 0.286171875
0.0 0.6743154761904762 0.68890625 0.13598214285714286 0.41390625
0.0 0.5789583333333334 0.641953125 0.10997023809523811 0.35671875
0.0 0.5154464285714285 0.4945703125 0.09333333333333334 0.297734375
0.0 0.5067261904761905 0.391015625 0.07104166666666667 0.3041796875
0.0 0.29252976190476193 0.303984375 0.08696428571428572 0.2890625
0.0 0.4055357142857143 0.4565625 0.10535714285714286 0.2826171875
0.0 0.7362797619047619 0.37953125 0.063125 0.2538671875
0.0 0.06717261904761905 0.6889453125 0.1269345238095238 0.390078125
0.0 0.6545833333333333 0.233203125 0.07595238095238095 0.09859375
