0.0 0.40717261904761903 0.377578125 0.05633928571428572 0.220625
0.0 0.35848214285714286 0.39984375 0.05205357142857142 0.2234765625
0.0 0.7555059523809524 0.5745703125 0.10101190476190476 0.336640625
0.0 0.7951488095238096 0.458671875 0.10494047619047618 0.2875
0.0 0.681875 0.6882421875 0.13107142857142856 0.41515625
0.0 0.583452380952381 0.642109375 0.11431547619047618 0.3563671875
0.0 0.521904761904762 0.494765625 0.09050595238095238 0.2988671875
0.0 0.5014880952380952 0.3922265625 0.06982142857142858 0.3037109375
0.0 0.29252976190476193 0.30390625 0.08696428571428572 0.28875
0.0 0.4099702380952381 0.457578125 0.10901785714285715 0.2827734375
0.0 0.7298214285714286 0.3778125 0.061130952380952376 0.2494921875
0.0 0.0712202380952381 0.688828125 0.13291666666666666 0.3898828125
0.0 0.6545833333333333 0.233125 0.07595238095238095 0.09875
