0.0 0.40717261904761903 0.380859375 0.05633928571428572 0.2273046875
0.0 0.3586309523809524 0.4013671875 0.05205357142857142 0.2266796875
0.0 0.7686904761904761 0.5760546875 0.1044047619047619 0.337109375
0.0 0.8082142857142858 0.4557421875 0.09675595238095237 0.2901953125
0.0 0.6932440476190477 0.68828125 0.1338690476190476 0.4151171875
0.0 0.5924107142857143 0.6424609375 0.12303571428571429 0.3556640625
0.0 0.5347619047619048 0.4953125 0.08488095238095238 0.3011328125
0.0 0.490952380952381 0.3946484375 0.06738095238095239 0.302734375
0.0 0.29252976190476193 0.30359375 0.08696428571428572 0.288203125
0.0 0.4207738095238095 0.4585546875 0.11038690476190477 0.2849609375
0.0 0.7169047619047619 0.3742578125 0.05711309523809524 0.240703125
0.0 0.0793452380952381 0.6886328125 0.1448511904761905 0.389453125
0.0 0.6545833333333333 0.2329296875 0.07595238095238095 0.0991015625
