0.0 0.40717261904761903 0.382578125 0.05633928571428572 0.2306640625
0.0 0.3588095238095238 0.40125 0.05205357142857142 0.2266796875
0.0 0.7752976190476191 0.576796875 0.10610119047619047 0.3373828125
0.0 0.8147321428571429 0.45421875 0.09267857142857143 0.2915234375
0.0 0.6971130952380952 0.6889453125 0.14160714285714285 0.413828125
0.0 0.5969047619047619 0.642578125 0.12738095238095237 0.3553125
0.0 0.5411904761904762 0.4955078125 0.08208333333333333 0.302265625
0.0 0.4856845238095238 0.395859375 0.06616071428571428 0.302265625
0.0 0.29252976190476193 0.3034765625 0.08696428571428572 0.2879296875
0.0 0.4271130952380952 0.4585546875 0.10809523809523809 0.2869921875
0.0 0.7104464285714286 0.3725390625 0.055119047619047616 0.236328125
0.0 0.08339285714285714 0.6885546875 0.15080357142857143 0.3892578125
0.0 0.6545833333333333 0.2328515625 0.07595238095238095 0.0992578125
