0.0 0.40717261904761903 0.385859375 0.05633928571428572 0.23734375
0.0 0.35910714285714285 0.4009765625 0.05205357142857142 0.2266796875
0.0 0.7868452380952381 0.5773828125 0.10422619047619049 0.338671875
0.0 0.8277976190476191 0.451328125 0.08452380952380951 0.29421875
0.0 0.7048214285714286 0.6901953125 0.1570238095238095 0.41125
0.0 0.6155357142857143 0.640859375 0.12276785714285714 0.35671875
0.0 0.5522321428571428 0.495859375 0.091875 0.2996875
0.0 0.47419642857142863 0.3990625 0.07255952380952381 0.3032421875
0.0 0.29252976190476193 0.303203125 0.08696428571428572 0.2873828125
0.0 0.4397916666666667 0.4585546875 0.10351190476190476 0.291015625
0.0 0.7020238095238095 0.378359375 0.06523809523809525 0.243984375
0.0 0.09467261904761905 0.6892578125 0.15705357142857143 0.3881640625
0.0 0.6545833333333333 0.2326953125 0.07595238095238095 0.099609375
