0.0 0.40717261904761903 0.38921875 0.05633928571428572 0.2440234375
0.0 0.359375 0.4007421875 0.05205357142857142 0.2266796875
0.0 0.7966964285714285 0.577109375 0.09708333333333333 0.3408203125
0.0 0.8408630952380951 0.448359375 0.07636904761904761 0.296875
0.0 0.7125297619047619 0.6915234375 0.1724702380952381 0.408671875
0.0 0.6341964285714285 0.6390234375 0.118125 0.3581640625
0.0 0.5632440476190477 0.4961328125 0.10166666666666666 0.297109375
0.0 0.46270833333333333 0.402265625 0.07895833333333334 0.30421875
0.0 0.29252976190476193 0.3029296875 0.08696428571428572 0.2868359375
0.0 0.45252976190476196 0.458515625 0.09889880952380951 0.295
0.0 0.6936309523809524 0.38421875 0.07532738095238095 0.2516015625
0.0 0.10910714285714285 0.690859375 0.15761904761904763 0.38640625
0.0 0.6545833333333333 0.2325390625 0.07595238095238095 0.099921875
