0.0 0.4072023809523809 0.39421875 0.0562797619047619 0.2540234375
0.0 0.3600297619047619 0.4002734375 0.05205357142857142 0.2266796875
0.0 0.8165476190476191 0.5766015625 0.08279761904761905 0.3451171875
0.0 0.8669940476190476 0.4424609375 0.06002976190476191 0.302265625
0.0 0.7279761904761904 0.6941015625 0.2033333333333333 0.4035546875
0.0 0.6714880952380953 0.6355078125 0.10886904761904762 0.361015625
0.0 0.5852678571428571 0.4968359375 0.1212797619047619 0.291953125
0.0 0.43970238095238096 0.408671875 0.09178571428571429 0.3062109375
0.0 0.29252976190476193 0.3023828125 0.08696428571428572 0.285703125
0.0 0.4758928571428572 0.4591796875 0.09357142857142857 0.2990234375
0.0 0.6767559523809523 0.395859375 0.0955357142857143 0.266875
0.0 0.13794642857142858 0.6940625 0.1586904761904762 0.3828125
0.0 0.6545833333333333 0.2321875 0.07595238095238095 0.1005859375
