0.0 0.4072321428571429 0.39421875 0.056249999999999994 0.2540234375
0.0 0.36014880952380957 0.40015625 0.05205357142857142 0.2266796875
0.0 0.8214583333333333 0.5764453125 0.07919642857142857 0.3462109375
0.0 0.8758035714285713 0.445 0.06538690476190476 0.3040625
0.0 0.7373809523809524 0.6932421875 0.19863095238095235 0.4044921875
0.0 0.6808035714285714 0.6345703125 0.10657738095238097 0.3617578125
0.0 0.5907738095238095 0.4969921875 0.1261607142857143 0.2906640625
0.0 0.43395833333333333 0.4103125 0.0949702380952381 0.30671875
0.0 0.29252976190476193 0.3022265625 0.08696428571428572 0.2854296875
0.0 0.48122023809523806 0.45953125 0.09321428571428572 0.2990234375
0.0 0.6688095238095239 0.397109375 0.09241071428571429 0.26796875
0.0 0.14517857142857143 0.6948828125 0.1589583333333333 0.3819140625
0.0 0.06711309523809524 0.803359375 0.13351190476190475 0.3826171875
0.0 0.6545833333333333 0.232109375 0.07595238095238095 0.1007421875
