0.0 0.40726190476190477 0.39421875 0.056190476190476187 0.2540234375
0.0 0.3603273809523809 0.4000390625 0.05205357142857142 0.2266796875
0.0 0.8264583333333333 0.5763671875 0.075625 0.347265625
0.0 0.8846428571428572 0.4474609375 0.07074404761904762 0.305859375
0.0 0.7467857142857143 0.6923046875 0.19395833333333334 0.4054296875
0.0 0.6848809523809524 0.634765625 0.11023809523809523 0.36109375
0.0 0.5963095238095238 0.497109375 0.13107142857142856 0.289375
0.0 0.4281845238095238 0.4119140625 0.09818452380952382 0.3071875
0.0 0.29252976190476193 0.302109375 0.08696428571428572 0.28515625
0.0 0.486547619047619 0.45984375 0.09285714285714286 0.2990234375
0.0 0.6608333333333333 0.398359375 0.08928571428571429 0.2690234375
0.0 0.1523809523809524 0.6956640625 0.1592559523809524 0.381015625
0.0 0.07208333333333333 0.8037109375 0.13282738095238095 0.383359375
0.0 0.6545833333333333 0.23203125 0.07595238095238095 0.1009375
