0.0 0.40726190476190477 0.39421875 0.05613095238095238 0.2540234375
0.0 0.3604761904761905 0.399921875 0.05205357142857142 0.2266796875
0.0 0.8313988095238096 0.576171875 0.07205357142857143 0.3483203125
0.0 0.8934523809523809 0.45 0.07610119047619048 0.3076953125
0.0 0.7561309523809524 0.691484375 0.18925595238095239 0.4063671875
0.0 0.6889285714285714 0.634921875 0.11392857142857143 0.36046875
0.0 0.6047321428571428 0.49671875 0.12916666666666665 0.28921875
0.0 0.4224404761904762 0.413515625 0.10139880952380953 0.3076953125
0.0 0.29252976190476193 0.301953125 0.08696428571428572 0.2848828125
0.0 0.49184523809523806 0.46015625 0.09247023809523809 0.2990234375
0.0 0.6528869047619048 0.3995703125 0.08616071428571428 0.270078125
0.0 0.1581845238095238 0.6962109375 0.15636904761904763 0.383515625
0.0 0.07705357142857143 0.804140625 0.13214285714285715 0.3840625
0.0 0.6545833333333333 0.231953125 0.07595238095238095 0.10109375
