0.0 0.4073214285714286 0.39421875 0.05607142857142857 0.2540234375
0.0 0.36062500000000003 0.399765625 0.05205357142857142 0.2266796875
0.0 0.8363392857142857 0.576015625 0.06848214285714287 0.3494140625
0.0 0.9022023809523809 0.4525 0.08145833333333334 0.3094921875
0.0 0.7655654761904762 0.690625 0.18455357142857143 0.4073046875
0.0 0.6929761904761905 0.635078125 0.1175892857142857 0.3598046875
0.0 0.6131845238095238 0.49625 0.12726190476190474 0.2890234375
0.0 0.4166964285714285 0.41515625 0.10458333333333333 0.308203125
0.0 0.29252976190476193 0.3017578125 0.08696428571428572 0.284609375
0.0 0.49720238095238095 0.46046875 0.09211309523809523 0.2990234375
0.0 0.6449107142857142 0.4008203125 0.08303571428571428 0.271171875
0.0 0.16395833333333334 0.6967578125 0.15351190476190477 0.386015625
0.0 0.08205357142857143 0.804453125 0.13148809523809524 0.384765625
0.0 0.6545833333333333 0.231875 0.07595238095238095 0.10125
