0.0 0.4073511904761905 0.39421875 0.05604166666666666 0.2540234375
0.0 0.3607738095238095 0.3996484375 0.05205357142857142 0.2266796875
0.0 0.841279761904762 0.5759375 0.06491071428571428 0.35046875
0.0 0.9110119047619049 0.4550390625 0.08681547619047619 0.3112890625
0.0 0.7749404761904761 0.689765625 0.17985119047619047 0.4082421875
0.0 0.6969940476190476 0.635234375 0.1212797619047619 0.3591796875
0.0 0.6216369047619048 0.4958203125 0.12535714285714286 0.2888671875
0.0 0.410922619047619 0.4167578125 0.10779761904761904 0.308671875
0.0 0.29252976190476193 0.301640625 0.08696428571428572 0.284296875
0.0 0.5025297619047618 0.4608203125 0.09175595238095238 0.2990234375
0.0 0.6369642857142858 0.402109375 0.07988095238095239 0.2722265625
0.0 0.16973214285714286 0.697265625 0.1506547619047619 0.388515625
0.0 0.08699404761904762 0.8048046875 0.13080357142857144 0.3855078125
0.0 0.6545833333333333 0.231796875 0.07595238095238095 0.10140625
