0.0 0.40738095238095234 0.39421875 0.05592261904761905 0.2540234375
0.0 0.3611011904761905 0.3994140625 0.05205357142857142 0.2266796875
0.0 0.8535416666666668 0.574140625 0.06625 0.35046875
0.0 0.9286607142857142 0.460078125 0.09752976190476191 0.314921875
0.0 0.7937202380952381 0.68796875 0.17047619047619048 0.4101171875
0.0 0.7050892857142858 0.6355078125 0.12863095238095237 0.357890625
0.0 0.6385119047619048 0.4948828125 0.12154761904761906 0.288515625
0.0 0.3976190476190476 0.4156640625 0.10562500000000001 0.3108203125
0.0 0.29252976190476193 0.30140625 0.08696428571428572 0.28375
0.0 0.5131845238095238 0.46140625 0.09101190476190475 0.2990234375
0.0 0.6210416666666666 0.404609375 0.07363095238095238 0.274375
0.0 0.1813095238095238 0.698359375 0.1449404761904762 0.393515625
0.0 0.09696428571428571 0.805546875 0.1294345238095238 0.3869140625
0.0 0.6545833333333333 0.231640625 0.07595238095238095 0.1017578125
