0.0 0.40741071428571424 0.39421875 0.05586309523809524 0.2540234375
0.0 0.36124999999999996 0.399296875 0.05205357142857142 0.2266796875
0.0 0.859642857142857 0.57328125 0.0669345238095238 0.35046875
0.0 0.9374702380952381 0.462578125 0.10288690476190476 0.31671875
0.0 0.8031250000000001 0.6871484375 0.16577380952380955 0.4110546875
0.0 0.7091369047619048 0.6357421875 0.13229166666666667 0.3572265625
0.0 0.6469345238095239 0.4944140625 0.11964285714285715 0.2883203125
0.0 0.390952380952381 0.4151171875 0.10452380952380952 0.3119140625
0.0 0.29252976190476193 0.30125 0.08696428571428572 0.2834765625
0.0 0.5185416666666667 0.46171875 0.0906547619047619 0.2990234375
0.0 0.6130952380952381 0.405859375 0.07050595238095239 0.27546875
0.0 0.18708333333333332 0.6989453125 0.14208333333333334 0.396015625
0.0 0.10193452380952381 0.8058984375 0.12875 0.3876171875
0.0 0.6545833333333333 0.2315234375 0.07595238095238095 0.1019140625
