0.0 0.4074404761904762 0.39421875 0.05583333333333334 0.2540234375
0.0 0.36139880952380954 0.3991796875 0.05205357142857142 0.2266796875
0.0 0.8657738095238094 0.5723828125 0.06758928571428571 0.35046875
0.0 0.9416071428571429 0.46203125 0.09818452380952382 0.3178125
0.0 0.8125 0.6862109375 0.16107142857142856 0.4119921875
0.0 0.7131547619047619 0.635859375 0.13598214285714286 0.3566015625
0.0 0.6553571428571429 0.493984375 0.11773809523809524 0.288125
0.0 0.3842857142857143 0.414609375 0.10345238095238095 0.31296875
0.0 0.29252976190476193 0.301328125 0.08696428571428572 0.283671875
0.0 0.5239880952380952 0.4618359375 0.09494047619047619 0.2982421875
0.0 0.6051190476190476 0.407109375 0.06738095238095239 0.2765234375
0.0 0.19288690476190476 0.6994140625 0.13922619047619048 0.3985546875
0.0 0.10687499999999998 0.80625 0.1280654761904762 0.388359375
0.0 0.6545833333333333 0.2314453125 0.07595238095238095 0.1020703125
