0.0 0.4074702380952381 0.39421875 0.05577380952380952 0.2540234375
0.0 0.3615178571428571 0.3990625 0.05205357142857142 0.2266796875
0.0 0.8719345238095239 0.5715234375 0.06827380952380953 0.35046875
0.0 0.9458035714285715 0.4615234375 0.09351190476190477 0.3188671875
0.0 0.8218749999999999 0.685390625 0.15636904761904763 0.4129296875
0.0 0.7172023809523809 0.636015625 0.13964285714285715 0.3559375
0.0 0.6638095238095237 0.4935546875 0.11583333333333334 0.28796875
0.0 0.37758928571428574 0.4140625 0.10235119047619048 0.3140234375
0.0 0.29252976190476193 0.3014453125 0.08696428571428572 0.28390625
0.0 0.5294345238095237 0.4619140625 0.09922619047619048 0.297421875
0.0 0.5998809523809524 0.406796875 0.06738095238095239 0.2765234375
0.0 0.19866071428571427 0.7 0.1363690476190476 0.4010546875
0.0 0.1118452380952381 0.806640625 0.12738095238095237 0.3890625
0.0 0.6545833333333333 0.2313671875 0.07595238095238095 0.102265625
