0.0 0.4075595238095238 0.39421875 0.05556547619047619 0.2540234375
0.0 0.36217261904761905 0.39859375 0.05205357142857142 0.2266796875
0.0 0.8964285714285714 0.5680078125 0.07092261904761904 0.35046875
0.0 0.9625892857142857 0.4593359375 0.07473214285714286 0.3231640625
0.0 0.8496428571428571 0.6843359375 0.16169642857142857 0.4148046875
0.0 0.7486309523809523 0.6351171875 0.1351488095238095 0.358515625
0.0 0.6961607142857142 0.4965234375 0.10288690476190476 0.2926171875
0.0 0.350922619047619 0.4119140625 0.09800595238095237 0.3183203125
0.0 0.29252976190476193 0.2790625 0.08696428571428572 0.239140625
0.0 0.5512202380952381 0.462265625 0.11636904761904762 0.29421875
0.0 0.579047619047619 0.4057421875 0.06738095238095239 0.2765234375
0.0 0.22916666666666666 0.699453125 0.13351190476190475 0.39609375
0.0 0.13366071428571427 0.813046875 0.13279761904761905 0.3775
0.0 0.6545833333333333 0.2310546875 0.07595238095238095 0.102890625
