0.0 0.40758928571428565 0.39421875 0.05550595238095238 0.2540234375
0.0 0.3622916666666667 0.3984375 0.05205357142857142 0.2266796875
0.0 0.9025297619047619 0.5671484375 0.07160714285714286 0.35046875
0.0 0.8541666666666666 0.6846875 0.16904761904761903 0.4148046875
0.0 0.7577083333333333 0.634765625 0.1324404761904762 0.359609375
0.0 0.7040773809523809 0.497578125 0.09922619047619048 0.29421875
0.0 0.3458928571428571 0.4108203125 0.09675595238095237 0.3165234375
0.0 0.29252976190476193 0.2734375 0.08696428571428572 0.2279296875
0.0 0.5566964285714286 0.46234375 0.1206547619047619 0.2933984375
0.0 0.5738690476190476 0.40546875 0.06738095238095239 0.2765234375
0.0 0.23741071428571428 0.6990234375 0.13351190476190475 0.39359375
0.0 0.13910714285714287 0.8146484375 0.13413690476190476 0.374609375
0.0 0.6545833333333333 0.2309375 0.07595238095238095 0.1030859375
