0.0 0.4076785714285714 0.39421875 0.05535714285714286 0.2540234375
0.0 0.36276785714285714 0.3980859375 0.05205357142857142 0.2266796875
0.0 0.9172321428571428 0.5400390625 0.07636904761904761 0.301171875
0.0 0.8676190476190475 0.68578125 0.19110119047619045 0.4148046875
0.0 0.7850892857142858 0.633671875 0.12425595238095238 0.3628125
0.0 0.7280059523809524 0.501015625 0.08818452380952381 0.2990234375
0.0 0.33071428571428574 0.4075 0.09309523809523809 0.31109375
0.0 0.29252976190476193 0.256640625 0.08696428571428572 0.1943359375
0.0 0.5730654761904762 0.4625390625 0.13351190476190475 0.291015625
0.0 0.5582738095238096 0.4046875 0.06738095238095239 0.2765234375
0.0 0.26211309523809523 0.69796875 0.13351190476190475 0.3861328125
0.0 0.15544642857142857 0.819453125 0.1381845238095238 0.3658984375
0.0 0.6545833333333333 0.230703125 0.07595238095238095 0.10359375
