0.0 0.40770833333333334 0.39421875 0.05529761904761904 0.2540234375
0.0 0.36291666666666667 0.39796875 0.05205357142857142 0.2266796875
0.0 0.9215178571428572 0.526875 0.07839285714285714 0.2765234375
0.0 0.8720833333333333 0.686171875 0.19842261904761904 0.4148046875
0.0 0.7941964285714287 0.633359375 0.12154761904761906 0.3638671875
0.0 0.7359523809523809 0.502109375 0.08452380952380951 0.3006640625
0.0 0.3256547619047619 0.4063671875 0.091875 0.309296875
0.0 0.29252976190476193 0.25109375 0.08696428571428572 0.1831640625
0.0 0.5797023809523809 0.462421875 0.12898809523809524 0.2932421875
0.0 0.5530357142857143 0.4044140625 0.06738095238095239 0.2765234375
0.0 0.27035714285714285 0.6975390625 0.13351190476190475 0.383671875
0.0 0.16089285714285714 0.8210546875 0.13952380952380952 0.3630078125
0.0 0.6545833333333333 0.230625 0.07595238095238095 0.10375
