0.0 0.40773809523809523 0.39421875 0.055267857142857146 0.2540234375
0.0 0.3630952380952381 0.3978125 0.05205357142857142 0.2266796875
0.0 0.9258035714285714 0.51375 0.08044642857142857 0.251875
0.0 0.8766369047619048 0.6865234375 0.20577380952380953 0.4148046875
0.0 0.8033035714285715 0.63296875 0.11880952380952381 0.3649609375
0.0 0.7439285714285715 0.5032421875 0.08083333333333334 0.302265625
0.0 0.320625 0.4053125 0.0906547619047619 0.3074609375
0.0 0.29252976190476193 0.24546875 0.08696428571428572 0.171953125
0.0 0.5863988095238095 0.462265625 0.12446428571428572 0.2955078125
0.0 0.5478571428571429 0.4041796875 0.06738095238095239 0.2765234375
0.0 0.2786011904761905 0.6972265625 0.13351190476190475 0.381171875
0.0 0.16633928571428572 0.82265625 0.14086309523809523 0.3601171875
0.0 0.6545833333333333 0.230546875 0.07595238095238095 0.10390625
