0.0 0.40773809523809523 0.39421875 0.05520833333333334 0.2540234375
0.0 0.3632440476190476 0.397734375 0.05205357142857142 0.2266796875
0.0 0.9301190476190475 0.500625 0.0824702380952381 0.2272265625
0.0 0.8811011904761905 0.686875 0.213125 0.4148046875
0.0 0.8076190476190477 0.6331640625 0.12467261904761905 0.3642578125
0.0 0.7518452380952381 0.504375 0.07717261904761905 0.3038671875
0.0 0.3155654761904762 0.4041796875 0.08943452380952381 0.3056640625
0.0 0.29252976190476193 0.2398828125 0.08696428571428572 0.16078125
0.0 0.5930654761904762 0.4620703125 0.11991071428571429 0.297734375
0.0 0.5426190476190476 0.4038671875 0.06738095238095239 0.2765234375
0.0 0.2868452380952381 0.6968359375 0.13351190476190475 0.378671875
0.0 0.17568452380952382 0.8213671875 0.1387202380952381 0.362734375
0.0 0.6545833333333333 0.23046875 0.07595238095238095 0.1040625
