0.0 0.4077678571428571 0.39421875 0.05514880952380953 0.2540234375
0.0 0.36336309523809524 0.397578125 0.05205357142857142 0.2266796875
0.0 0.9343452380952381 0.4875 0.08452380952380951 0.202578125
0.0 0.88875 0.684296875 0.20190476190476192 0.4161328125
0.0 0.8119047619047619 0.6333203125 0.13053571428571428 0.363515625
0.0 0.7572321428571429 0.5038671875 0.08267857142857143 0.3044921875
0.0 0.31050595238095235 0.4030859375 0.08818452380952381 0.3038671875
0.0 0.29252976190476193 0.2446875 0.08696428571428572 0.1704296875
0.0 0.5997321428571428 0.4619140625 0.11538690476190477 0.3
0.0 0.5348214285714286 0.4066015625 0.07595238095238095 0.2775390625
0.0 0.2950892857142857 0.6965234375 0.13351190476190475 0.3762109375
0.0 0.18502976190476192 0.8201171875 0.13657738095238095 0.3653515625
0.0 0.6545833333333333 0.2303515625 0.07595238095238095 0.10421875
