0.0 0.4077976190476191 0.39421875 0.055089285714285716 0.2540234375
0.0 0.3635416666666667 0.3975 0.05205357142857142 0.2266796875
0.0 0.8963988095238096 0.6817578125 0.19068452380952378 0.4174609375
0.0 0.8162202380952381 0.633515625 0.1363690476190476 0.3628125
0.0 0.7625 0.5033984375 0.08818452380952381 0.30515625
0.0 0.3020833333333333 0.4023828125 0.09199404761904761 0.303515625
0.0 0.29252976190476193 0.24953125 0.08696428571428572 0.180078125
0.0 0.6063988095238095 0.4617578125 0.11086309523809523 0.302265625
0.0 0.5270238095238096 0.409296875 0.08452380952380951 0.2785546875
0.0 0.3032142857142857 0.695859375 0.13598214285714286 0.3760546875
0.0 0.19437500000000002 0.81875 0.1344345238095238 0.36796875
0.0 0.6545833333333333 0.2302734375 0.07595238095238095 0.1044140625
