0.0 0.40782738095238097 0.39421875 0.05505952380952381 0.2540234375
0.0 0.3636607142857143 0.39734375 0.05205357142857142 0.2266796875
0.0 0.9040773809523809 0.67921875 0.17946428571428572 0.418828125
0.0 0.8204464285714286 0.6337109375 0.14223214285714286 0.362109375
0.0 0.7678571428571429 0.5029296875 0.09372023809523809 0.30578125
0.0 0.2936309523809524 0.401640625 0.09580357142857142 0.3031640625
0.0 0.29252976190476193 0.254375 0.08696428571428572 0.1897265625
0.0 0.6130952380952381 0.4615625 0.1063392857142857 0.3044921875
0.0 0.5192261904761905 0.41203125 0.09309523809523809 0.27953125
0.0 0.3113392857142857 0.6951953125 0.13842261904761904 0.3758984375
0.0 0.2037202380952381 0.8174609375 0.13229166666666667 0.3705859375
0.0 0.6545833333333333 0.2301953125 0.07595238095238095 0.1045703125
