0.0 0.4078571428571428 0.39421875 0.055 0.2540234375
0.0 0.3638392857142857 0.397265625 0.05205357142857142 0.2266796875
0.0 0.9117261904761904 0.676640625 0.16821428571428573 0.42015625
0.0 0.8247619047619048 0.63390625 0.14809523809523809 0.3613671875
0.0 0.7731845238095238 0.502421875 0.09922619047619048 0.3064453125
0.0 0.28520833333333334 0.4009375 0.09964285714285713 0.3027734375
0.0 0.29252976190476193 0.259140625 0.08696428571428572 0.1993359375
0.0 0.6197619047619047 0.4614453125 0.1017857142857143 0.3067578125
0.0 0.5113988095238096 0.4147265625 0.10166666666666666 0.280546875
0.0 0.3194642857142857 0.69453125 0.14086309523809523 0.37578125
0.0 0.2130654761904762 0.816171875 0.13014880952380953 0.373203125
0.0 0.6545833333333333 0.2301171875 0.07595238095238095 0.1047265625
