0.0 0.40791666666666665 0.39421875 0.054880952380952384 0.2540234375
0.0 0.36413690476190474 0.3969921875 0.05205357142857142 0.2266796875
0.0 0.9270535714285715 0.6715625 0.14577380952380953 0.4228125
0.0 0.8333333333333334 0.6342578125 0.15979166666666667 0.3599609375
0.0 0.7838690476190476 0.501484375 0.11023809523809523 0.307734375
0.0 0.2683333333333333 0.39953125 0.10726190476190475 0.3020703125
0.0 0.29252976190476193 0.2687890625 0.08696428571428572 0.2186328125
0.0 0.6331249999999999 0.46109375 0.09273809523809524 0.31125
0.0 0.49577380952380956 0.42015625 0.11880952380952381 0.2825390625
0.0 0.33574404761904764 0.693203125 0.14577380952380953 0.37546875
0.0 0.23172619047619047 0.813515625 0.12586309523809525 0.3784375
0.0 0.6545833333333333 0.2299609375 0.07595238095238095 0.105078125
