0.0 0.40791666666666665 0.39421875 0.05485119047619048 0.2540234375
0.0 0.36431547619047616 0.3969140625 0.05205357142857142 0.2266796875
0.0 0.933422619047619 0.6739453125 0.13303571428571428 0.4237890625
0.0 0.8376190476190476 0.634453125 0.165625 0.35921875
0.0 0.7891666666666668 0.5009765625 0.11574404761904762 0.308359375
0.0 0.2598809523809524 0.3987890625 0.11107142857142857 0.30171875
0.0 0.29252976190476193 0.273671875 0.08696428571428572 0.22828125
0.0 0.6397916666666666 0.4609765625 0.08818452380952381 0.313515625
0.0 0.4879761904761905 0.422890625 0.12738095238095237 0.2835546875
0.0 0.34386904761904763 0.692578125 0.14821428571428572 0.3753125
0.0 0.24107142857142858 0.8122265625 0.12372023809523809 0.381015625
0.0 0.6545833333333333 0.2298828125 0.07595238095238095 0.105234375
