0.0 0.4080059523809524 0.39421875 0.05473214285714286 0.2540234375
0.0 0.36461309523809526 0.3966796875 0.05205357142857142 0.2266796875
0.0 0.9461607142857144 0.678828125 0.10755952380952381 0.4257421875
0.0 0.850625 0.6348828125 0.16577380952380955 0.3612109375
0.0 0.7998214285714286 0.5 0.12678571428571428 0.3096484375
0.0 0.24297619047619048 0.3973828125 0.1186904761904762 0.301015625
0.0 0.29252976190476193 0.2833203125 0.08696428571428572 0.247578125
0.0 0.6484821428571428 0.459765625 0.09708333333333333 0.3094921875
0.0 0.4766964285714285 0.426796875 0.12901785714285716 0.2821484375
0.0 0.3601190476190476 0.6912109375 0.153125 0.3750390625
0.0 0.2544047619047619 0.8122265625 0.13964285714285715 0.380390625
0.0 0.6545833333333333 0.2297265625 0.07595238095238095 0.105546875
