0.0 0.4080357142857143 0.39421875 0.05464285714285714 0.2540234375
0.0 0.9588988095238096 0.6836328125 0.08208333333333333 0.42765625
0.0 0.8680059523809524 0.635390625 0.1543452380952381 0.3665625
0.0 0.8136309523809524 0.4984765625 0.13229166666666667 0.308671875
0.0 0.22785714285714287 0.3957421875 0.11690476190476191 0.3006640625
0.0 0.29252976190476193 0.29296875 0.08696428571428572 0.266875
0.0 0.6572321428571429 0.458515625 0.10595238095238095 0.30546875
0.0 0.46976190476190477 0.42921875 0.11514880952380951 0.27734375
0.0 0.3763690476190476 0.689921875 0.15800595238095239 0.374765625
0.0 0.2677678571428571 0.812265625 0.1555654761904762 0.3797265625
0.0 0.6545833333333333 0.2295703125 0.07595238095238095 0.1058984375
