0.0 0.40806547619047623 0.39421875 0.05458333333333333 0.2540234375
0.0 0.8767559523809523 0.635703125 0.14863095238095236 0.3692578125
0.0 0.8220833333333334 0.4973828125 0.13229166666666667 0.3070703125
0.0 0.2211011904761905 0.39484375 0.11133928571428571 0.3006640625
0.0 0.29252976190476193 0.297734375 0.08696428571428572 0.2765234375
0.0 0.6616071428571428 0.45796875 0.11038690476190477 0.3034765625
0.0 0.4662797619047619 0.4304296875 0.10821428571428571 0.274921875
0.0 0.3845238095238095 0.6892578125 0.1604761904761905 0.374609375
0.0 0.27443452380952377 0.812265625 0.16354166666666667 0.3794140625
0.0 0.6545833333333333 0.229453125 0.07595238095238095 0.1060546875
