0.0 0.4080952380952381 0.39421875 0.054464285714285715 0.2540234375
0.0 0.8941666666666667 0.6362109375 0.13720238095238096 0.374609375
0.0 0.8390178571428573 0.495234375 0.13229166666666667 0.3038671875
0.0 0.2076488095238095 0.393125 0.10017857142857142 0.3006640625
0.0 0.29252976190476193 0.3073828125 0.08696428571428572 0.2958203125
0.0 0.6702976190476191 0.4567578125 0.11928571428571429 0.299453125
0.0 0.4593452380952381 0.4328515625 0.0943154761904762 0.270078125
0.0 0.3961904761904762 0.6899609375 0.15175595238095238 0.374609375
0.0 0.2878273809523809 0.812265625 0.17946428571428572 0.3787890625
0.0 0.6545833333333333 0.229296875 0.07595238095238095 0.10640625
