0.0 0.4082142857142857 0.39421875 0.05431547619047619 0.2540234375
0.0 0.9202976190476191 0.636953125 0.1200297619047619 0.3826171875
0.0 0.8644642857142857 0.4920703125 0.13229166666666667 0.2990234375
0.0 0.1874107142857143 0.390390625 0.08342261904761905 0.3006640625
0.0 0.29252976190476193 0.3080078125 0.08696428571428572 0.29703125
0.0 0.6913988095238095 0.456953125 0.11851190476190476 0.29984375
0.0 0.4287202380952381 0.4306640625 0.0943154761904762 0.270078125
0.0 0.4137797619047619 0.6910546875 0.1386904761904762 0.374609375
0.0 0.30785714285714283 0.8121875 0.2033333333333333 0.3778125
0.0 0.06080357142857143 0.5410546875 0.09636904761904763 0.3201171875
0.0 0.6545833333333333 0.2290625 0.07595238095238095 0.106875
