0.0 0.4082440476190476 0.39421875 0.054196428571428576 0.2540234375
0.0 0.9242857142857143 0.638203125 0.12249999999999998 0.3778125
0.0 0.8813988095238094 0.4898828125 0.13229166666666667 0.2958203125
0.0 0.17392857142857143 0.38859375 0.07226190476190476 0.3006640625
0.0 0.29252976190476193 0.3083984375 0.08696428571428572 0.2978515625
0.0 0.7080952380952381 0.4577734375 0.11330357142857143 0.302265625
0.0 0.40830357142857143 0.4292578125 0.0943154761904762 0.270078125
0.0 0.4254761904761905 0.6917578125 0.1299702380952381 0.374609375
0.0 0.32422619047619045 0.810078125 0.17854166666666668 0.3814453125
0.0 0.06532738095238096 0.546953125 0.0955357142857143 0.3269140625
0.0 0.6545833333333333 0.2288671875 0.07595238095238095 0.1072265625
