0.0 0.40827380952380954 0.39421875 0.05416666666666666 0.2540234375
0.0 0.9262500000000001 0.6387890625 0.12372023809523809 0.375390625
0.0 0.8898809523809523 0.488828125 0.13229166666666667 0.29421875
0.0 0.1693452380952381 0.3883203125 0.07574404761904761 0.3001171875
0.0 0.29252976190476193 0.308671875 0.08696428571428572 0.29828125
0.0 0.7164285714285714 0.458125 0.11071428571428572 0.3034765625
0.0 0.39806547619047616 0.428515625 0.0943154761904762 0.270078125
0.0 0.43130952380952375 0.692109375 0.12562500000000001 0.374609375
0.0 0.3324107142857143 0.80890625 0.16613095238095238 0.3832421875
0.0 0.0675595238095238 0.549921875 0.09514880952380952 0.3303125
0.0 0.6545833333333333 0.2287890625 0.07595238095238095 0.1073828125
