0.0 0.40830357142857143 0.39421875 0.054107142857142854 0.2540234375
0.0 0.9282738095238094 0.6394140625 0.12494047619047619 0.3730078125
0.0 0.8983333333333332 0.487734375 0.13229166666666667 0.2926171875
0.0 0.16473214285714285 0.3880859375 0.07919642857142857 0.2995703125
0.0 0.29252976190476193 0.308828125 0.08696428571428572 0.298671875
0.0 0.7247619047619048 0.458515625 0.10809523809523809 0.3046484375
0.0 0.3878869047619048 0.4278515625 0.0943154761904762 0.270078125
0.0 0.437172619047619 0.6924609375 0.1212797619047619 0.374609375
0.0 0.34059523809523806 0.8078515625 0.1537202380952381 0.3850390625
0.0 0.06979166666666667 0.5528515625 0.09473214285714285 0.333671875
0.0 0.6545833333333333 0.2287109375 0.07595238095238095 0.1075390625
