0.0 0.4083333333333333 0.39421875 0.05398809523809524 0.2540234375
0.0 0.9322619047619047 0.640625 0.12738095238095237 0.3681640625
0.0 0.9113392857142857 0.4855859375 0.13229166666666667 0.289921875
0.0 0.1555654761904762 0.3875390625 0.08616071428571428 0.298515625
0.0 0.29252976190476193 0.30921875 0.08696428571428572 0.2994921875
0.0 0.7414583333333333 0.4593359375 0.10288690476190476 0.3070703125
0.0 0.3674702380952381 0.4263671875 0.0943154761904762 0.270078125
0.0 0.44943452380952376 0.6932421875 0.1212797619047619 0.3842578125
0.0 0.35696428571428573 0.805625 0.12892857142857142 0.388671875
0.0 0.07428571428571429 0.55875 0.09389880952380952 0.34046875
0.0 0.6537499999999999 0.23078125 0.07595238095238095 0.107734375
