0.0 0.4083928571428571 0.39421875 0.05395833333333333 0.2540234375
0.0 0.9341964285714285 0.64125 0.12863095238095237 0.3657421875
0.0 0.9158333333333334 0.4845703125 0.13229166666666667 0.2888671875
0.0 0.15098214285714284 0.387265625 0.08961309523809524 0.29796875
0.0 0.29252976190476193 0.309453125 0.08696428571428572 0.299921875
0.0 0.7475595238095238 0.4593359375 0.11514880952380951 0.3070703125
0.0 0.36625 0.4263671875 0.0943154761904762 0.270078125
0.0 0.45553571428571427 0.693671875 0.1212797619047619 0.3890625
0.0 0.36517857142857146 0.8044921875 0.11651785714285715 0.39046875
0.0 0.07651785714285715 0.56171875 0.09351190476190477 0.3438671875
0.0 0.6529761904761905 0.2329296875 0.07595238095238095 0.107734375
