0.0 0.6239583333333334 0.46203125 0.07601190476190475 0.3281640625
0.0 0.5225892857142858 0.5451953125 0.11657738095238096 0.3747265625
0.0 0.44553571428571426 0.5185546875 0.08952380952380952 0.33703125
0.0 0.6746428571428572 0.4853515625 0.08276785714285714 0.2948828125
0.0 0.4972619047619048 0.2646484375 0.07940476190476191 0.2328125
0.0 0.07931547619047619 0.446328125 0.0868452380952381 0.28296875
0.0 0.7392857142857143 0.3244921875 0.08818452380952381 0.2572265625
0.0 0.8678571428571429 0.7262109375 0.17392857142857143 0.530546875
0.0 0.569047619047619 0.2624609375 0.0675595238095238 0.1995703125
0.0 0.6400297619047619 0.246953125 0.07095238095238095 0.18625
