0.0 0.6159821428571428 0.4633984375 0.07601190476190475 0.3281640625
0.0 0.5104464285714285 0.5469921875 0.11657738095238096 0.3747265625
0.0 0.43434523809523806 0.519609375 0.08952380952380952 0.33703125
0.0 0.6670535714285715 0.4853515625 0.08276785714285714 0.2948828125
0.0 0.4938690476190476 0.26546875 0.07940476190476191 0.2328125
0.0 0.07949404761904762 0.4465625 0.0868452380952381 0.28296875
0.0 0.7392261904761904 0.324453125 0.08818452380952381 0.2572265625
0.0 0.8678571428571429 0.7262109375 0.17392857142857143 0.530546875
0.0 0.5659821428571428 0.2634375 0.0675595238095238 0.1995703125
0.0 0.6363095238095239 0.246953125 0.07095238095238095 0.18625
