0.0 0.6119345238095238 0.4641015625 0.07601190476190475 0.3281640625
0.0 0.504375 0.547890625 0.11657738095238096 0.3747265625
0.0 0.42875 0.52015625 0.08952380952380952 0.33703125
0.0 0.6632440476190476 0.4853515625 0.08276785714285714 0.2948828125
0.0 0.49220238095238095 0.265859375 0.07940476190476191 0.2328125
0.0 0.07961309523809523 0.446640625 0.0868452380952381 0.28296875
0.0 0.7392261904761904 0.3244140625 0.08818452380952381 0.2572265625
0.0 0.867797619047619 0.7262109375 0.17392857142857143 0.530546875
0.0 0.5644345238095239 0.26390625 0.0675595238095238 0.1995703125
0.0 0.6344642857142857 0.246953125 0.07095238095238095 0.18625
