0.0 0.6079166666666667 0.46484375 0.07601190476190475 0.3281640625
0.0 0.49833333333333335 0.548828125 0.11657738095238096 0.3747265625
0.0 0.4231547619047619 0.520703125 0.08952380952380952 0.33703125
0.0 0.6594345238095238 0.4853515625 0.08276785714285714 0.2948828125
0.0 0.4905059523809524 0.2662890625 0.07940476190476191 0.2328125
0.0 0.07967261904761905 0.446796875 0.0868452380952381 0.28296875
0.0 0.7392261904761904 0.324375 0.08818452380952381 0.2572265625
0.0 0.867797619047619 0.7262109375 0.17392857142857143 0.530546875
0.0 0.5628869047619047 0.2644140625 0.0675595238095238 0.1995703125
0.0 0.6326190476190476 0.246953125 0.07095238095238095 0.18625
