0.0 0.6038988095238095 0.465546875 0.07601190476190475 0.3281640625
0.0 0.4922619047619048 0.5496875 0.11657738095238096 0.3747265625
0.0 0.4175595238095238 0.52125 0.08952380952380952 0.33703125
0.0 0.655625 0.4853515625 0.08276785714285714 0.2948828125
0.0 0.48880952380952386 0.26671875 0.07940476190476191 0.2328125
0.0 0.07979166666666666 0.446875 0.0868452380952381 0.28296875
0.0 0.7392261904761904 0.3243359375 0.08818452380952381 0.2572265625
0.0 0.867797619047619 0.7262109375 0.17392857142857143 0.530546875
0.0 0.5613392857142857 0.2648828125 0.0675595238095238 0.1995703125
0.0 0.6307738095238096 0.246953125 0.07095238095238095 0.18625
