0.0 0.5998809523809524 0.4662109375 0.07601190476190475 0.3281640625
0.0 0.48619047619047623 0.5505859375 0.11657738095238096 0.3747265625
0.0 0.41196428571428567 0.52171875 0.08952380952380952 0.33703125
0.0 0.6518154761904762 0.4853515625 0.08276785714285714 0.2948828125
0.0 0.48714285714285716 0.267109375 0.07940476190476191 0.2328125
0.0 0.07988095238095239 0.446953125 0.0868452380952381 0.28296875
0.0 0.7392261904761904 0.3243359375 0.08818452380952381 0.2572265625
0.0 0.8677380952380952 0.7262109375 0.17392857142857143 0.530546875
0.0 0.5597916666666667 0.265390625 0.0675595238095238 0.1995703125
0.0 0.6289285714285714 0.246953125 0.07095238095238095 0.18625
