0.0 0.591875 0.467578125 0.07601190476190475 0.3281640625
0.0 0.47404761904761905 0.5523828125 0.11657738095238096 0.3747265625
0.0 0.4008333333333334 0.5228125 0.08952380952380952 0.33703125
0.0 0.6442559523809523 0.4853515625 0.08276785714285714 0.2948828125
0.0 0.48374999999999996 0.2679296875 0.07940476190476191 0.2328125
0.0 0.08008928571428571 0.4471875 0.0868452380952381 0.28296875
0.0 0.7391964285714285 0.324296875 0.08818452380952381 0.2572265625
0.0 0.8677083333333334 0.7262109375 0.17392857142857143 0.530546875
0.0 0.5567261904761904 0.266328125 0.0675595238095238 0.1995703125
0.0 0.6252083333333334 0.246953125 0.07095238095238095 0.18625
0.0 0.8944940476190476 0.4763671875 0.11056547619047619 0.249921875
