0.0 0.5878869047619047 0.46828125 0.07601190476190475 0.3281640625
0.0 0.4679761904761905 0.553359375 0.11657738095238096 0.3747265625
0.0 0.3952380952380953 0.523359375 0.08952380952380952 0.33703125
0.0 0.6404464285714285 0.4853515625 0.08276785714285714 0.2948828125
0.0 0.4820535714285714 0.268359375 0.07940476190476191 0.2328125
0.0 0.08020833333333333 0.447265625 0.0868452380952381 0.28296875
0.0 0.7391964285714285 0.3242578125 0.08818452380952381 0.2572265625
0.0 0.8676785714285715 0.7262109375 0.17392857142857143 0.530546875
0.0 0.5552083333333334 0.266796875 0.0675595238095238 0.1995703125
0.0 0.6233630952380952 0.246953125 0.07095238095238095 0.18625
0.0 0.8896130952380953 0.48296875 0.11133928571428571 0.258203125
