0.0 0.5838392857142857 0.468984375 0.07601190476190475 0.3281640625
0.0 0.4619047619047619 0.55421875 0.11657738095238096 0.3747265625
0.0 0.3896428571428571 0.52390625 0.08952380952380952 0.33703125
0.0 0.6366369047619047 0.4853515625 0.08276785714285714 0.2948828125
0.0 0.48038690476190476 0.26875 0.07940476190476191 0.2328125
0.0 0.08026785714285714 0.447421875 0.0868452380952381 0.28296875
0.0 0.7391964285714285 0.3242578125 0.08818452380952381 0.2572265625
0.0 0.8676785714285715 0.7262109375 0.17392857142857143 0.530546875
0.0 0.5536309523809524 0.26734375 0.0675595238095238 0.1995703125
0.0 0.6215178571428572 0.246953125 0.07095238095238095 0.18625
0.0 0.8847321428571429 0.4894921875 0.11208333333333333 0.2664453125
