0.0 0.5798214285714286 0.4696875 0.07601190476190475 0.3281640625
0.0 0.4558333333333333 0.55515625 0.11657738095238096 0.3747265625
0.0 0.38401785714285713 0.5244140625 0.08952380952380952 0.33703125
0.0 0.6328273809523809 0.4853515625 0.08276785714285714 0.2948828125
0.0 0.4786904761904762 0.2691796875 0.07940476190476191 0.2328125
0.0 0.08038690476190477 0.4475 0.0868452380952381 0.28296875
0.0 0.7391666666666667 0.32421875 0.08818452380952381 0.2572265625
0.0 0.8676488095238094 0.7262109375 0.17392857142857143 0.530546875
0.0 0.5520833333333334 0.2677734375 0.0675595238095238 0.1995703125
0.0 0.6196428571428572 0.246953125 0.07095238095238095 0.18625
0.0 0.8798809523809523 0.49609375 0.11282738095238094 0.2747265625
