0.0 0.5718154761904761 0.4710546875 0.07601190476190475 0.3281640625
0.0 0.44369047619047625 0.5569140625 0.11657738095238096 0.3747265625
0.0 0.3728571428571429 0.5255078125 0.08952380952380952 0.33703125
0.0 0.6252083333333334 0.4853515625 0.08276785714285714 0.2948828125
0.0 0.475297619047619 0.27 0.07940476190476191 0.2328125
0.0 0.08056547619047619 0.447734375 0.0868452380952381 0.28296875
0.0 0.7391666666666667 0.324140625 0.08818452380952381 0.2572265625
0.0 0.8676190476190475 0.7262109375 0.17392857142857143 0.530546875
0.0 0.5490178571428571 0.26875 0.0675595238095238 0.1995703125
0.0 0.615952380952381 0.246953125 0.07095238095238095 0.18625
0.0 0.8701488095238096 0.5092578125 0.1143452380952381 0.29125
