0.0 0.567797619047619 0.4717578125 0.07601190476190475 0.3281640625
0.0 0.4376190476190476 0.5578515625 0.11657738095238096 0.3747265625
0.0 0.36723214285714284 0.5260546875 0.08952380952380952 0.33703125
0.0 0.6213988095238095 0.4853515625 0.08276785714285714 0.2948828125
0.0 0.4735714285714286 0.270390625 0.07940476190476191 0.2328125
0.0 0.0806845238095238 0.4478125 0.0868452380952381 0.28296875
0.0 0.7391369047619047 0.3241015625 0.08818452380952381 0.2572265625
0.0 0.8675892857142857 0.7262109375 0.17392857142857143 0.530546875
0.0 0.5474702380952381 0.26921875 0.0675595238095238 0.1995703125
0.0 0.6141071428571429 0.246953125 0.07095238095238095 0.18625
0.0 0.865297619047619 0.5158203125 0.11511904761904762 0.2994921875
