0.0 0.555625 0.4749609375 0.07601190476190475 0.3281640625
0.0 0.4194047619047619 0.560546875 0.11657738095238096 0.3747265625
0.0 0.35044642857142855 0.52765625 0.08952380952380952 0.33703125
0.0 0.6095833333333334 0.4866015625 0.08324404761904762 0.2953125
0.0 0.4685416666666667 0.271640625 0.07940476190476191 0.2328125
0.0 0.08098214285714286 0.448125 0.0868452380952381 0.28296875
0.0 0.7390476190476191 0.3241015625 0.08818452380952381 0.2572265625
0.0 0.8675595238095238 0.7262109375 0.17392857142857143 0.530546875
0.0 0.5428273809523809 0.270703125 0.0675595238095238 0.1995703125
0.0 0.6085714285714285 0.246953125 0.07095238095238095 0.18625
0.0 0.8507142857142856 0.535546875 0.11738095238095238 0.3242578125
