0.0 0.5473511904761905 0.47859375 0.07601190476190475 0.3281640625
0.0 0.40729166666666666 0.56234375 0.11657738095238096 0.3747265625
0.0 0.3392857142857143 0.5287109375 0.08952380952380952 0.33703125
0.0 0.6011309523809524 0.4891796875 0.08413690476190476 0.296171875
0.0 0.46517857142857144 0.2724609375 0.07940476190476191 0.2328125
0.0 0.08116071428571428 0.448359375 0.0868452380952381 0.28296875
0.0 0.7389880952380953 0.3241015625 0.08818452380952381 0.2572265625
0.0 0.8675595238095238 0.7262109375 0.17392857142857143 0.530546875
0.0 0.5397916666666667 0.271640625 0.0675595238095238 0.1995703125
0.0 0.6048809523809524 0.246953125 0.07095238095238095 0.18625
0.0 0.840952380952381 0.5487109375 0.11889880952380953 0.34078125
