0.0 0.5431845238095238 0.4803515625 0.07601190476190475 0.3281640625
0.0 0.4012202380952381 0.5632421875 0.11657738095238096 0.3747265625
0.0 0.3336904761904762 0.5292578125 0.08952380952380952 0.33703125
0.0 0.596875 0.4905078125 0.08461309523809524 0.2966015625
0.0 0.4644642857142857 0.2725 0.07940476190476191 0.2328125
0.0 0.0812797619047619 0.4484375 0.0868452380952381 0.28296875
0.0 0.7389583333333333 0.3241015625 0.08818452380952381 0.2572265625
0.0 0.8675595238095238 0.7262109375 0.17392857142857143 0.530546875
0.0 0.5382142857142858 0.272109375 0.0675595238095238 0.1995703125
0.0 0.6030357142857143 0.246953125 0.07095238095238095 0.18625
0.0 0.8361309523809524 0.5552734375 0.11964285714285715 0.3490234375
