0.0 0.5390476190476191 0.4821875 0.07601190476190475 0.3281640625
0.0 0.39517857142857143 0.564140625 0.11657738095238096 0.3747265625
0.0 0.3280952380952381 0.529765625 0.08952380952380952 0.33703125
0.0 0.5926488095238095 0.491796875 0.08505952380952381 0.29703125
0.0 0.46380952380952384 0.272578125 0.07940476190476191 0.2328125
0.0 0.08136904761904762 0.448515625 0.0868452380952381 0.28296875
0.0 0.7388690476190476 0.3241015625 0.08818452380952381 0.2572265625
0.0 0.8675595238095238 0.7262109375 0.17392857142857143 0.530546875
0.0 0.5366666666666666 0.272578125 0.0675595238095238 0.1995703125
0.0 0.6011607142857143 0.246953125 0.07095238095238095 0.18625
0.0 0.8312202380952382 0.5618359375 0.12041666666666667 0.3573046875
