0.0 0.5348809523809523 0.4840234375 0.07601190476190475 0.3281640625
0.0 0.3891071428571429 0.565078125 0.11657738095238096 0.3747265625
0.0 0.3225 0.5303125 0.08952380952380952 0.33703125
0.0 0.588452380952381 0.4930859375 0.08550595238095238 0.2974609375
0.0 0.46312500000000006 0.27265625 0.07940476190476191 0.2328125
0.0 0.08148809523809523 0.448671875 0.0868452380952381 0.28296875
0.0 0.7388690476190476 0.3241015625 0.08818452380952381 0.2572265625
0.0 0.8675595238095238 0.7262109375 0.17392857142857143 0.530546875
0.0 0.5351488095238095 0.2730859375 0.0675595238095238 0.1995703125
0.0 0.5995238095238096 0.2471484375 0.07095238095238095 0.18625
0.0 0.8263690476190477 0.5684375 0.12116071428571429 0.365546875
