0.0 0.5307440476190477 0.485859375 0.07601190476190475 0.3281640625
0.0 0.38300595238095236 0.5659765625 0.11657738095238096 0.3747265625
0.0 0.3169047619047619 0.530859375 0.08952380952380952 0.33703125
0.0 0.5842261904761905 0.494375 0.08595238095238095 0.297890625
0.0 0.4624404761904762 0.27265625 0.07940476190476191 0.2328125
0.0 0.08157738095238096 0.44875 0.0868452380952381 0.28296875
0.0 0.7388392857142857 0.3241015625 0.08818452380952381 0.2572265625
0.0 0.8675595238095238 0.7262109375 0.17392857142857143 0.530546875
0.0 0.5335714285714286 0.2735546875 0.0675595238095238 0.1995703125
0.0 0.5979166666666667 0.2473046875 0.07095238095238095 0.18625
0.0 0.8214880952380952 0.575 0.12193452380952381 0.3737890625
