0.0 0.5224702380952382 0.489453125 0.07601190476190475 0.3281640625
0.0 0.37086309523809524 0.5677734375 0.11657738095238096 0.3747265625
0.0 0.3057142857142857 0.531953125 0.08952380952380952 0.33703125
0.0 0.5757142857142857 0.496953125 0.08687500000000001 0.29875
0.0 0.4610714285714285 0.2728125 0.07940476190476191 0.2328125
0.0 0.08175595238095237 0.448984375 0.0868452380952381 0.28296875
0.0 0.7387797619047619 0.3241015625 0.08818452380952381 0.2572265625
0.0 0.8675595238095238 0.7262109375 0.17392857142857143 0.530546875
0.0 0.5305059523809523 0.27453125 0.0675595238095238 0.1995703125
0.0 0.594672619047619 0.24765625 0.07095238095238095 0.18625
0.0 0.8117857142857142 0.5881640625 0.12345238095238094 0.3903125
