0.0 0.5183035714285714 0.49125 0.07601190476190475 0.3281640625
0.0 0.3647916666666666 0.568671875 0.11657738095238096 0.3747265625
0.0 0.3001190476190476 0.5324609375 0.08952380952380952 0.33703125
0.0 0.5714880952380953 0.4982421875 0.08732142857142858 0.2991796875
0.0 0.46038690476190475 0.2728125 0.07940476190476191 0.2328125
0.0 0.081875 0.4490625 0.0868452380952381 0.28296875
0.0 0.7386904761904761 0.3241015625 0.08818452380952381 0.2572265625
0.0 0.8675595238095238 0.7262109375 0.17392857142857143 0.530546875
0.0 0.5289583333333333 0.275 0.0675595238095238 0.1995703125
0.0 0.5930357142857142 0.2478515625 0.07095238095238095 0.18625
0.0 0.8069345238095238 0.5947265625 0.12419642857142857 0.39859375
