0.0 0.5058630952380953 0.49671875 0.07601190476190475 0.3281640625
0.0 0.34351190476190474 0.572890625 0.11657738095238096 0.3747265625
0.0 0.27875 0.534453125 0.08952380952380952 0.33703125
0.0 0.5587797619047619 0.5021484375 0.0886904761904762 0.3004296875
0.0 0.4583333333333333 0.2730078125 0.07940476190476191 0.2328125
0.0 0.08217261904761905 0.449375 0.0868452380952381 0.28296875
0.0 0.7386309523809524 0.3241015625 0.08818452380952381 0.2572265625
0.0 0.8675595238095238 0.7262109375 0.17392857142857143 0.530546875
0.0 0.5243154761904761 0.2764453125 0.0675595238095238 0.1995703125
0.0 0.5881845238095238 0.2483984375 0.07095238095238095 0.18625
0.0 0.7922916666666666 0.6144921875 0.12645833333333334 0.423359375
