0.0 0.493422619047619 0.5021875 0.07601190476190475 0.3281640625
0.0 0.3218154761904762 0.577734375 0.11657738095238096 0.3747265625
0.0 0.25511904761904763 0.5366796875 0.08952380952380952 0.33703125
0.0 0.5460416666666666 0.506015625 0.09005952380952381 0.30171875
0.0 0.45627976190476194 0.273125 0.07940476190476191 0.2328125
0.0 0.0824702380952381 0.4496875 0.0868452380952381 0.28296875
0.0 0.7385119047619048 0.3241015625 0.08818452380952381 0.2572265625
0.0 0.8675595238095238 0.7262109375 0.17392857142857143 0.530546875
0.0 0.519702380952381 0.277890625 0.0675595238095238 0.1995703125
0.0 0.5833333333333334 0.24890625 0.07095238095238095 0.18625
0.0 0.7777083333333333 0.6341796875 0.12875 0.448125
