0.0 0.37648809523809523 0.5419921875 0.11488095238095239 0.3458984375
0.0 0.4851190476190476 0.50578125 0.07601190476190475 0.3281640625
0.0 0.3088690476190476 0.58078125 0.11657738095238096 0.3747265625
0.0 0.24288690476190475 0.5380859375 0.08952380952380952 0.33703125
0.0 0.5376190476190476 0.50859375 0.09098214285714286 0.302578125
0.0 0.4548809523809524 0.2732421875 0.07940476190476191 0.2328125
0.0 0.08264880952380953 0.449921875 0.0868452380952381 0.28296875
0.0 0.7384226190476191 0.3241015625 0.08818452380952381 0.2572265625
0.0 0.8675595238095238 0.7262109375 0.17392857142857143 0.530546875
0.0 0.5166071428571429 0.2788671875 0.0675595238095238 0.1995703125
0.0 0.5801190476190475 0.2492578125 0.07095238095238095 0.18625
0.0 0.7680357142857143 0.64734375 0.13026785714285716 0.4646484375
