0.0 0.36973214285714284 0.542109375 0.11488095238095239 0.3458984375
0.0 0.4809821428571429 0.507578125 0.07601190476190475 0.3281640625
0.0 0.30235119047619047 0.582265625 0.11657738095238096 0.3747265625
0.0 0.23857142857142857 0.5387109375 0.08952380952380952 0.33703125
0.0 0.5333928571428571 0.5098828125 0.09142857142857143 0.3030078125
0.0 0.4542261904761905 0.2733203125 0.07940476190476191 0.2328125
0.0 0.08276785714285714 0.45 0.0868452380952381 0.28296875
0.0 0.7383928571428571 0.3241015625 0.08818452380952381 0.2572265625
0.0 0.8675595238095238 0.7262109375 0.17392857142857143 0.530546875
0.0 0.5150595238095238 0.279375 0.0675595238095238 0.1995703125
0.0 0.5784523809523809 0.249453125 0.07095238095238095 0.18625
0.0 0.763125 0.6539453125 0.13101190476190477 0.472890625
