0.0 0.36297619047619045 0.5422265625 0.11488095238095239 0.3458984375
0.0 0.4768452380952381 0.5094140625 0.07601190476190475 0.3281640625
0.0 0.29586309523809523 0.5837890625 0.11657738095238096 0.3747265625
0.0 0.23419642857142856 0.539296875 0.08952380952380952 0.33703125
0.0 0.5291369047619048 0.5112109375 0.091875 0.3034375
0.0 0.4535119047619047 0.273359375 0.07940476190476191 0.2328125
0.0 0.08285714285714285 0.450078125 0.0868452380952381 0.28296875
0.0 0.7383333333333334 0.3241015625 0.08818452380952381 0.2572265625
0.0 0.8675595238095238 0.7262109375 0.17392857142857143 0.530546875
0.0 0.5135416666666667 0.27984375 0.0675595238095238 0.1995703125
0.0 0.576845238095238 0.249609375 0.07095238095238095 0.18625
0.0 0.7582738095238095 0.6605078125 0.1317559523809524 0.481171875
