0.0 0.3561904761904762 0.54234375 0.11488095238095239 0.3458984375
0.0 0.4726785714285714 0.51125 0.07601190476190475 0.3281640625
0.0 0.289375 0.5853125 0.11657738095238096 0.3747265625
0.0 0.2298511904761905 0.54 0.08952380952380952 0.33703125
0.0 0.5249107142857143 0.5125 0.09232142857142857 0.3038671875
0.0 0.45285714285714285 0.2734375 0.07940476190476191 0.2328125
0.0 0.08297619047619047 0.450234375 0.0868452380952381 0.28296875
0.0 0.7383333333333334 0.3241015625 0.08818452380952381 0.2572265625
0.0 0.8675595238095238 0.7262109375 0.17392857142857143 0.530546875
0.0 0.5119940476190477 0.2803125 0.0675595238095238 0.1995703125
0.0 0.5751785714285714 0.2498046875 0.07095238095238095 0.18625
0.0 0.7536607142857142 0.6628515625 0.13270833333333334 0.481171875
