0.0 0.3494345238095238 0.5424609375 0.11488095238095239 0.3458984375
0.0 0.4685416666666667 0.513046875 0.07601190476190475 0.3281640625
0.0 0.28291666666666665 0.5868359375 0.11657738095238096 0.3747265625
0.0 0.22550595238095236 0.5405859375 0.08952380952380952 0.33703125
0.0 0.5206845238095238 0.5137890625 0.09279761904761905 0.304296875
0.0 0.4521726190476191 0.2734375 0.07940476190476191 0.2328125
0.0 0.08306547619047619 0.4503125 0.0868452380952381 0.28296875
0.0 0.7382738095238095 0.3241015625 0.08818452380952381 0.2572265625
0.0 0.8675595238095238 0.7262109375 0.17392857142857143 0.530546875
0.0 0.5104464285714285 0.28078125 0.0675595238095238 0.1995703125
0.0 0.5736309523809524 0.25 0.07095238095238095 0.18625
0.0 0.749077380952381 0.66515625 0.13363095238095238 0.481171875
