0.0 0.33595238095238095 0.5426953125 0.11488095238095239 0.3458984375
0.0 0.46056547619047616 0.513203125 0.07601190476190475 0.3281640625
0.0 0.2699107142857143 0.5898828125 0.11657738095238096 0.3747265625
0.0 0.2168452380952381 0.541875 0.08952380952380952 0.33703125
0.0 0.5122023809523809 0.5163671875 0.09369047619047619 0.3051171875
0.0 0.4508035714285714 0.2735546875 0.07940476190476191 0.2328125
0.0 0.08327380952380953 0.450546875 0.0868452380952381 0.28296875
0.0 0.7382142857142857 0.3241015625 0.08818452380952381 0.2572265625
0.0 0.8675595238095238 0.7262109375 0.17392857142857143 0.530546875
0.0 0.5073511904761905 0.281796875 0.0675595238095238 0.1995703125
0.0 0.5703571428571428 0.2503125 0.07095238095238095 0.18625
0.0 0.7398809523809524 0.6698046875 0.13547619047619047 0.481171875
