0.0 0.32916666666666666 0.5428125 0.11488095238095239 0.3458984375
0.0 0.45663690476190477 0.51328125 0.07601190476190475 0.3281640625
0.0 0.26345238095238094 0.59140625 0.11657738095238096 0.3747265625
0.0 0.2124702380952381 0.5425 0.08952380952380952 0.33703125
0.0 0.5079761904761905 0.51765625 0.09413690476190475 0.305546875
0.0 0.45011904761904764 0.2736328125 0.07940476190476191 0.2328125
0.0 0.08336309523809524 0.450625 0.0868452380952381 0.28296875
0.0 0.7381547619047619 0.3241015625 0.08818452380952381 0.2572265625
0.0 0.8675595238095238 0.7262109375 0.17392857142857143 0.530546875
0.0 0.5058035714285714 0.2822265625 0.0675595238095238 0.1995703125
0.0 0.5686904761904762 0.250546875 0.07095238095238095 0.18625
0.0 0.7352380952380952 0.6721484375 0.13642857142857143 0.481171875
