0.0 0.3224404761904762 0.542890625 0.11488095238095239 0.3458984375
0.0 0.45264880952380954 0.513359375 0.07601190476190475 0.3281640625
0.0 0.2569642857142857 0.592890625 0.11657738095238096 0.3747265625
0.0 0.2081547619047619 0.543125 0.08952380952380952 0.33703125
0.0 0.5037202380952381 0.518984375 0.09461309523809523 0.3059765625
0.0 0.4494047619047619 0.273671875 0.07940476190476191 0.2328125
0.0 0.08348214285714287 0.450703125 0.0868452380952381 0.28296875
0.0 0.7381547619047619 0.3241015625 0.08818452380952381 0.2572265625
0.0 0.8675595238095238 0.7262109375 0.17392857142857143 0.530546875
0.0 0.5042857142857142 0.282734375 0.0675595238095238 0.1995703125
0.0 0.5671130952380953 0.250703125 0.07095238095238095 0.18625
0.0 0.7306250000000001 0.674453125 0.13735119047619046 0.481171875
