0.0 0.31565476190476194 0.543046875 0.11488095238095239 0.3458984375
0.0 0.4486607142857143 0.5134375 0.07601190476190475 0.3281640625
0.0 0.25044642857142857 0.5944140625 0.11657738095238096 0.3747265625
0.0 0.2037797619047619 0.54375 0.08952380952380952 0.33703125
0.0 0.49949404761904764 0.520234375 0.09505952380952382 0.30640625
0.0 0.44875 0.27375 0.07940476190476191 0.2328125
0.0 0.08354166666666667 0.450859375 0.0868452380952381 0.28296875
0.0 0.7380952380952381 0.3241015625 0.08818452380952381 0.2572265625
0.0 0.8675595238095238 0.7262109375 0.17392857142857143 0.530546875
0.0 0.5027678571428572 0.283203125 0.0675595238095238 0.1995703125
0.0 0.5654761904761905 0.250859375 0.07095238095238095 0.18625
0.0 0.7260416666666666 0.6767578125 0.13827380952380952 0.481171875
