0.0 0.30889880952380955 0.543125 0.11488095238095239 0.3458984375
0.0 0.444672619047619 0.513515625 0.07601190476190475 0.3281640625
0.0 0.2439285714285714 0.5959375 0.11657738095238096 0.3747265625
0.0 0.1994642857142857 0.5444140625 0.08952380952380952 0.33703125
0.0 0.495297619047619 0.5215625 0.09550595238095239 0.3068359375
0.0 0.4480654761904762 0.27375 0.07940476190476191 0.2328125
0.0 0.08366071428571428 0.4509375 0.0868452380952381 0.28296875
0.0 0.7380654761904762 0.3241015625 0.08818452380952381 0.2572265625
0.0 0.8675595238095238 0.7262109375 0.17392857142857143 0.530546875
0.0 0.5012202380952381 0.283671875 0.0675595238095238 0.1995703125
0.0 0.5638690476190477 0.2510546875 0.07095238095238095 0.18625
0.0 0.7214583333333333 0.6791015625 0.13919642857142858 0.481171875
