0.0 0.30214285714285716 0.54328125 0.11488095238095239 0.3458984375
0.0 0.44065476190476194 0.51359375 0.07601190476190475 0.3281640625
0.0 0.2374404761904762 0.5974609375 0.11657738095238096 0.3747265625
0.0 0.19511904761904764 0.5450390625 0.08952380952380952 0.33703125
0.0 0.49107142857142855 0.5228515625 0.09598214285714286 0.307265625
0.0 0.4473809523809524 0.273828125 0.07940476190476191 0.2328125
0.0 0.0837797619047619 0.4510546875 0.0868452380952381 0.28296875
0.0 0.7380357142857142 0.3241015625 0.08818452380952381 0.2572265625
0.0 0.8675595238095238 0.7262109375 0.17392857142857143 0.530546875
0.0 0.4996428571428571 0.2841796875 0.0675595238095238 0.1995703125
0.0 0.5622619047619047 0.2512109375 0.07095238095238095 0.18625
0.0 0.7168452380952381 0.6814453125 0.14014880952380954 0.481171875
