0.0 0.29538690476190477 0.543359375 0.11488095238095239 0.3458984375
0.0 0.43669642857142854 0.513671875 0.07601190476190475 0.3281640625
0.0 0.23095238095238094 0.598984375 0.11657738095238096 0.3747265625
0.0 0.19074404761904762 0.5456640625 0.08952380952380952 0.33703125
0.0 0.48678571428571427 0.524140625 0.09642857142857142 0.3076953125
0.0 0.4466666666666667 0.27390625 0.07940476190476191 0.2328125
0.0 0.08383928571428571 0.451171875 0.0868452380952381 0.28296875
0.0 0.7379761904761905 0.3241015625 0.08818452380952381 0.2572265625
0.0 0.8675595238095238 0.7262109375 0.17392857142857143 0.530546875
0.0 0.49812500000000004 0.2846875 0.0675595238095238 0.1995703125
0.0 0.560625 0.25140625 0.07095238095238095 0.18625
0.0 0.7122321428571429 0.6837890625 0.14107142857142857 0.481171875
