0.0 0.2886309523809524 0.543515625 0.11488095238095239 0.3458984375
0.0 0.4327083333333333 0.51375 0.07601190476190475 0.3281640625
0.0 0.22446428571428573 0.6005078125 0.11657738095238096 0.3747265625
0.0 0.18642857142857144 0.5462890625 0.08952380952380952 0.33703125
0.0 0.48255952380952377 0.525390625 0.09687499999999999 0.308125
0.0 0.4460119047619048 0.2739453125 0.07940476190476191 0.2328125
0.0 0.08395833333333333 0.4512890625 0.0868452380952381 0.28296875
0.0 0.7379166666666667 0.3241015625 0.08818452380952381 0.2572265625
0.0 0.8675595238095238 0.7262109375 0.17392857142857143 0.530546875
0.0 0.4970833333333334 0.284921875 0.0675595238095238 0.1995703125
0.0 0.5596130952380952 0.2521484375 0.07116071428571429 0.1869140625
0.0 0.7076190476190476 0.6860546875 0.14199404761904763 0.481171875
