0.0 0.2751190476190476 0.5437109375 0.11488095238095239 0.3458984375
0.0 0.4247321428571429 0.51390625 0.07601190476190475 0.3281640625
0.0 0.21148809523809525 0.603515625 0.11657738095238096 0.3747265625
0.0 0.17261904761904762 0.547109375 0.08952380952380952 0.33703125
0.0 0.4741071428571429 0.5280078125 0.09779761904761905 0.308984375
0.0 0.4446428571428572 0.2740625 0.07940476190476191 0.2328125
0.0 0.08413690476190476 0.451484375 0.0868452380952381 0.28296875
0.0 0.7378869047619048 0.3241015625 0.08818452380952381 0.2572265625
0.0 0.8675595238095238 0.7262109375 0.17392857142857143 0.530546875
0.0 0.49505952380952384 0.28546875 0.0675595238095238 0.1995703125
0.0 0.5575892857142857 0.2535546875 0.07154761904761904 0.18828125
0.0 0.698422619047619 0.69078125 0.1438392857142857 0.481171875
