0.0 0.26160714285714287 0.543984375 0.11488095238095239 0.3458984375
0.0 0.41678571428571426 0.5140625 0.07601190476190475 0.3281640625
0.0 0.19904761904761903 0.6059375 0.11791666666666666 0.375625
0.0 0.15880952380952382 0.547890625 0.08952380952380952 0.33703125
0.0 0.46562499999999996 0.530546875 0.09869047619047618 0.3098046875
0.0 0.4432738095238095 0.274140625 0.07940476190476191 0.2328125
0.0 0.0843452380952381 0.451640625 0.0868452380952381 0.28296875
0.0 0.7377976190476191 0.3241015625 0.08818452380952381 0.2572265625
0.0 0.8675595238095238 0.7262109375 0.17392857142857143 0.530546875
0.0 0.49306547619047614 0.286015625 0.0675595238095238 0.1995703125
0.0 0.5555952380952381 0.255 0.07193452380952381 0.1896484375
0.0 0.6892261904761905 0.6954296875 0.1457142857142857 0.481171875
