0.0 0.24833333333333332 0.5456640625 0.11488095238095239 0.3458984375
0.0 0.40883928571428574 0.51421875 0.07601190476190475 0.3281640625
0.0 0.18708333333333332 0.6076953125 0.12062500000000001 0.3773828125
0.0 0.1449404761904762 0.5487109375 0.08952380952380952 0.33703125
0.0 0.4571726190476191 0.533203125 0.09961309523809524 0.3106640625
0.0 0.44193452380952386 0.274296875 0.07940476190476191 0.2328125
0.0 0.08455357142857142 0.4519140625 0.0868452380952381 0.28296875
0.0 0.7377380952380952 0.3241015625 0.08818452380952381 0.2572265625
0.0 0.8675595238095238 0.7262109375 0.17392857142857143 0.530546875
0.0 0.4910416666666667 0.2865625 0.0675595238095238 0.1995703125
0.0 0.5535714285714286 0.2564453125 0.07232142857142858 0.191015625
0.0 0.6800297619047619 0.700078125 0.1475595238095238 0.481171875
