0.0 0.2418452380952381 0.5472265625 0.11488095238095239 0.3458984375
0.0 0.4048511904761905 0.514296875 0.07601190476190475 0.3281640625
0.0 0.1811309523809524 0.60859375 0.1219642857142857 0.37828125
0.0 0.1380357142857143 0.549140625 0.08952380952380952 0.33703125
0.0 0.4529464285714286 0.534453125 0.1000595238095238 0.31109375
0.0 0.44125 0.274296875 0.07940476190476191 0.2328125
0.0 0.08467261904761905 0.451953125 0.0868452380952381 0.28296875
0.0 0.7377083333333333 0.3241015625 0.08818452380952381 0.2572265625
0.0 0.8675595238095238 0.7262109375 0.17392857142857143 0.530546875
0.0 0.48999999999999994 0.2867578125 0.0675595238095238 0.1995703125
0.0 0.5525595238095238 0.2571875 0.0725 0.19171875
0.0 0.6754166666666667 0.7023828125 0.14848214285714287 0.481171875
