0.0 0.2223214285714286 0.5518359375 0.11488095238095239 0.3458984375
0.0 0.39288690476190474 0.51453125 0.07601190476190475 0.3281640625
0.0 0.16321428571428573 0.61125 0.12601190476190477 0.3809375
0.0 0.11729166666666666 0.5503125 0.08952380952380952 0.33703125
0.0 0.4402380952380952 0.5383203125 0.10142857142857142 0.3123828125
0.0 0.43916666666666665 0.274453125 0.07940476190476191 0.2328125
0.0 0.0849702380952381 0.452265625 0.0868452380952381 0.28296875
0.0 0.7375595238095238 0.3241015625 0.08818452380952381 0.2572265625
0.0 0.8675595238095238 0.7262109375 0.17392857142857143 0.530546875
0.0 0.48696428571428574 0.287578125 0.0675595238095238 0.1995703125
0.0 0.5495238095238095 0.259375 0.07309523809523809 0.19375
0.0 0.661875 0.70734375 0.15300595238095238 0.48328125
