0.0 0.21583333333333332 0.553359375 0.11488095238095239 0.3458984375
0.0 0.3888988095238095 0.514609375 0.07601190476190475 0.3281640625
0.0 0.15726190476190477 0.6121484375 0.12738095238095237 0.3818359375
0.0 0.11038690476190477 0.5507421875 0.08952380952380952 0.33703125
0.0 0.43601190476190477 0.5396484375 0.101875 0.3128125
0.0 0.43851190476190477 0.27453125 0.07940476190476191 0.2328125
0.0 0.0850297619047619 0.452421875 0.0868452380952381 0.28296875
0.0 0.7375595238095238 0.3241015625 0.08818452380952381 0.2572265625
0.0 0.8675595238095238 0.7262109375 0.17392857142857143 0.530546875
0.0 0.48595238095238097 0.2878515625 0.0675595238095238 0.1995703125
0.0 0.5485416666666667 0.2601171875 0.07330357142857143 0.194453125
0.0 0.6575595238095238 0.7076171875 0.15568452380952383 0.4854296875
