0.0 0.2093154761904762 0.554921875 0.11488095238095239 0.3458984375
0.0 0.38491071428571433 0.5146875 0.07601190476190475 0.3281640625
0.0 0.1512797619047619 0.613046875 0.12872023809523808 0.3826953125
0.0 0.10532738095238095 0.5512109375 0.08952380952380952 0.33703125
0.0 0.4317559523809524 0.5409765625 0.10232142857142858 0.3132421875
0.0 0.437827380952381 0.274609375 0.07940476190476191 0.2328125
0.0 0.08514880952380952 0.4525 0.0868452380952381 0.28296875
0.0 0.7375297619047619 0.3241015625 0.08818452380952381 0.2572265625
0.0 0.8675595238095238 0.7262109375 0.17392857142857143 0.530546875
0.0 0.4849107142857143 0.288125 0.0675595238095238 0.1995703125
0.0 0.5475297619047619 0.2608203125 0.07348214285714286 0.1951171875
0.0 0.6532738095238095 0.7079296875 0.15833333333333335 0.4875390625
