0.0 0.20279761904761906 0.5565234375 0.11488095238095239 0.3458984375
0.0 0.38092261904761904 0.514765625 0.07601190476190475 0.3281640625
0.0 0.14532738095238096 0.613984375 0.1300892857142857 0.38359375
0.0 0.10026785714285713 0.55171875 0.08952380952380952 0.33703125
0.0 0.42752976190476194 0.5422265625 0.10279761904761904 0.313671875
0.0 0.4371428571428571 0.274609375 0.07940476190476191 0.2328125
0.0 0.08526785714285715 0.4526171875 0.0868452380952381 0.28296875
0.0 0.737470238095238 0.3241015625 0.08818452380952381 0.2572265625
0.0 0.8675595238095238 0.7262109375 0.17392857142857143 0.530546875
0.0 0.48389880952380954 0.288359375 0.0675595238095238 0.1995703125
0.0 0.5464880952380953 0.2615234375 0.0736904761904762 0.1958203125
0.0 0.6489285714285714 0.7082421875 0.16101190476190477 0.4896875
