0.0 0.1963095238095238 0.5580859375 0.11488095238095239 0.3458984375
0.0 0.3769642857142857 0.51484375 0.07601190476190475 0.3281640625
0.0 0.1393452380952381 0.6148046875 0.13142857142857142 0.3844921875
0.0 0.09517857142857143 0.5521484375 0.08952380952380952 0.33703125
0.0 0.4233035714285714 0.543515625 0.10324404761904761 0.3141015625
0.0 0.4364285714285714 0.2746875 0.07940476190476191 0.2328125
0.0 0.08532738095238096 0.452734375 0.0868452380952381 0.28296875
0.0 0.7374404761904761 0.3241015625 0.08818452380952381 0.2572265625
0.0 0.8675595238095238 0.7262109375 0.17392857142857143 0.530546875
0.0 0.48288690476190477 0.2886328125 0.0675595238095238 0.1995703125
0.0 0.5455059523809523 0.262265625 0.07386904761904763 0.196484375
0.0 0.6446130952380953 0.7085546875 0.1636607142857143 0.491796875
