0.0 0.18979166666666666 0.559609375 0.11488095238095239 0.3458984375
0.0 0.37297619047619046 0.514921875 0.07601190476190475 0.3281640625
0.0 0.13339285714285715 0.615703125 0.13279761904761905 0.3853515625
0.0 0.09011904761904763 0.5526171875 0.08952380952380952 0.33703125
0.0 0.41904761904761906 0.54484375 0.1036904761904762 0.31453125
0.0 0.4364285714285714 0.2746875 0.07940476190476191 0.2328125
0.0 0.08532738095238096 0.452734375 0.0868452380952381 0.28296875
0.0 0.7374404761904761 0.3241015625 0.08818452380952381 0.2572265625
0.0 0.8675595238095238 0.7262109375 0.17392857142857143 0.530546875
0.0 0.481875 0.28890625 0.0675595238095238 0.1995703125
0.0 0.5444940476190476 0.2630078125 0.07407738095238095 0.1971875
0.0 0.6402678571428572 0.708828125 0.16633928571428572 0.4939453125
