0.0 0.1832738095238095 0.561171875 0.11488095238095239 0.3458984375
0.0 0.3689880952380952 0.515 0.07601190476190475 0.3281640625
0.0 0.12738095238095237 0.616640625 0.13413690476190476 0.38625
0.0 0.08505952380952381 0.553125 0.08952380952380952 0.33703125
0.0 0.41482142857142856 0.5461328125 0.10416666666666667 0.314921875
0.0 0.4364285714285714 0.2746875 0.07940476190476191 0.2328125
0.0 0.08532738095238096 0.452734375 0.0868452380952381 0.28296875
0.0 0.7374404761904761 0.3241015625 0.08818452380952381 0.2572265625
0.0 0.8675595238095238 0.7262109375 0.17392857142857143 0.530546875
0.0 0.48086309523809523 0.2891796875 0.0675595238095238 0.1995703125
0.0 0.5435119047619048 0.26375 0.07425595238095238 0.1978515625
0.0 0.6359821428571428 0.709140625 0.16898809523809524 0.49609375
