0.0 0.17678571428571427 0.5626953125 0.11488095238095239 0.3458984375
0.0 0.365 0.5151171875 0.07601190476190475 0.3281640625
0.0 0.12142857142857141 0.6174609375 0.13547619047619047 0.3871484375
0.0 0.08 0.55359375 0.08952380952380952 0.33703125
0.0 0.4105654761904762 0.5473828125 0.10461309523809523 0.3153515625
0.0 0.4364285714285714 0.2746875 0.07940476190476191 0.2328125
0.0 0.08532738095238096 0.452734375 0.0868452380952381 0.28296875
0.0 0.7374404761904761 0.3241015625 0.08818452380952381 0.2572265625
0.0 0.8675595238095238 0.7262109375 0.17392857142857143 0.530546875
0.0 0.47985119047619046 0.2894140625 0.0675595238095238 0.1995703125
0.0 0.5425 0.2644140625 0.07446428571428572 0.198515625
0.0 0.6316071428571428 0.709453125 0.17166666666666666 0.498203125
