0.0 0.17029761904761903 0.5642578125 0.11488095238095239 0.3458984375
0.0 0.36104166666666665 0.51515625 0.07601190476190475 0.3281640625
0.0 0.11547619047619047 0.618359375 0.13684523809523808 0.3880078125
0.0 0.0749404761904762 0.5540625 0.08952380952380952 0.33703125
0.0 0.40633928571428574 0.5487109375 0.1050595238095238 0.31578125
0.0 0.4364285714285714 0.2746875 0.07940476190476191 0.2328125
0.0 0.08532738095238096 0.452734375 0.0868452380952381 0.28296875
0.0 0.7374404761904761 0.3241015625 0.08818452380952381 0.2572265625
0.0 0.8675595238095238 0.7262109375 0.17392857142857143 0.530546875
0.0 0.4788392857142857 0.2896875 0.0675595238095238 0.1995703125
0.0 0.5414880952380953 0.26515625 0.07467261904761904 0.19921875
0.0 0.6273214285714286 0.7097265625 0.17434523809523808 0.5003515625
