0.0 0.1507738095238095 0.56890625 0.11488095238095239 0.3458984375
0.0 0.34776785714285713 0.5171875 0.07601190476190475 0.3281640625
0.0 0.09830357142857143 0.6194140625 0.13684523809523808 0.3880078125
0.0 0.05970238095238095 0.55546875 0.08952380952380952 0.33703125
0.0 0.3936904761904762 0.5526171875 0.10642857142857143 0.3170703125
0.0 0.4364285714285714 0.2746875 0.07940476190476191 0.2328125
0.0 0.08532738095238096 0.452734375 0.0868452380952381 0.28296875
0.0 0.7374404761904761 0.3241015625 0.08818452380952381 0.2572265625
0.0 0.8675595238095238 0.7262109375 0.17392857142857143 0.530546875
0.0 0.47580357142857144 0.290546875 0.0675595238095238 0.1995703125
0.0 0.5384523809523809 0.26734375 0.07523809523809524 0.20125
0.0 0.614375 0.710625 0.18232142857142858 0.50671875
