0.0 0.14428571428571427 0.57046875 0.11488095238095239 0.3458984375
0.0 0.3431845238095238 0.5180859375 0.07601190476190475 0.3281640625
0.0 0.09258928571428571 0.6197265625 0.13684523809523808 0.3880078125
0.0 0.05464285714285714 0.5559375 0.08952380952380952 0.33703125
0.0 0.3894047619047619 0.55390625 0.10687499999999998 0.3175
0.0 0.4364285714285714 0.2746875 0.07940476190476191 0.2328125
0.0 0.08532738095238096 0.452734375 0.0868452380952381 0.28296875
0.0 0.7374404761904761 0.3241015625 0.08818452380952381 0.2572265625
0.0 0.8675595238095238 0.7262109375 0.17392857142857143 0.530546875
0.0 0.47479166666666667 0.29078125 0.0675595238095238 0.1995703125
0.0 0.5374404761904762 0.2680859375 0.07544642857142858 0.201953125
0.0 0.61 0.7108984375 0.185 0.5088671875
