0.0 0.13125 0.57359375 0.11488095238095239 0.3458984375
0.0 0.3338988095238095 0.52 0.07601190476190475 0.3281640625
0.0 0.08116071428571428 0.6204296875 0.13684523809523808 0.3880078125
0.0 0.04452380952380953 0.556875 0.08952380952380952 0.33703125
0.0 0.38095238095238093 0.5564453125 0.10779761904761904 0.318359375
0.0 0.4364285714285714 0.2746875 0.07940476190476191 0.2328125
0.0 0.08532738095238096 0.452734375 0.0868452380952381 0.28296875
0.0 0.7374404761904761 0.3241015625 0.08818452380952381 0.2572265625
0.0 0.8675595238095238 0.7262109375 0.17392857142857143 0.530546875
0.0 0.47276785714285713 0.291328125 0.0675595238095238 0.1995703125
0.0 0.5354166666666667 0.26953125 0.07583333333333334 0.2033203125
0.0 0.6013690476190476 0.7115625 0.19032738095238097 0.513125
0.0 0.7511904761904762 0.7159375 0.12163690476190475 0.43015625
