0.0 0.12476190476190477 0.5751171875 0.11488095238095239 0.3458984375
0.0 0.32925595238095234 0.5209765625 0.07601190476190475 0.3281640625
0.0 0.07544642857142858 0.6207421875 0.13684523809523808 0.3880078125
0.0 0.039464285714285716 0.5573828125 0.08952380952380952 0.33703125
0.0 0.37669642857142854 0.557734375 0.10824404761904761 0.3187890625
0.0 0.4364285714285714 0.2746875 0.07940476190476191 0.2328125
0.0 0.08532738095238096 0.452734375 0.0868452380952381 0.28296875
0.0 0.7374404761904761 0.3241015625 0.08818452380952381 0.2572265625
0.0 0.8675595238095238 0.7262109375 0.17392857142857143 0.530546875
0.0 0.47276785714285713 0.291328125 0.0675595238095238 0.1995703125
0.0 0.5344345238095238 0.2702734375 0.07601190476190475 0.203984375
0.0 0.5970833333333333 0.711796875 0.1929761904761905 0.5152734375
0.0 0.7475297619047618 0.71703125 0.12163690476190475 0.43015625
