0.0 0.12029761904761906 0.57609375 0.11488095238095239 0.3458984375
0.0 0.32461309523809523 0.5219140625 0.07601190476190475 0.3281640625
0.0 0.06973214285714285 0.62109375 0.13684523809523808 0.3880078125
0.0 0.3725 0.5590625 0.1086904761904762 0.31921875
0.0 0.4364285714285714 0.2746875 0.07940476190476191 0.2328125
0.0 0.08532738095238096 0.452734375 0.0868452380952381 0.28296875
0.0 0.7374404761904761 0.3241015625 0.08818452380952381 0.2572265625
0.0 0.8675595238095238 0.7262109375 0.17392857142857143 0.530546875
0.0 0.47276785714285713 0.291328125 0.0675595238095238 0.1995703125
0.0 0.533452380952381 0.2709765625 0.07622023809523809 0.2046875
0.0 0.5927380952380952 0.7121484375 0.1956547619047619 0.5173828125
0.0 0.7437797619047619 0.718125 0.12163690476190475 0.43015625
