0.0 0.11583333333333334 0.57703125 0.11488095238095239 0.3458984375
0.0 0.3199702380952381 0.522890625 0.07601190476190475 0.3281640625
0.0 0.06401785714285715 0.6214453125 0.13684523809523808 0.3880078125
0.0 0.3682142857142857 0.5603125 0.10916666666666666 0.3196484375
0.0 0.4364285714285714 0.2746875 0.07940476190476191 0.2328125
0.0 0.08532738095238096 0.452734375 0.0868452380952381 0.28296875
0.0 0.7374404761904761 0.3241015625 0.08818452380952381 0.2572265625
0.0 0.8675595238095238 0.7262109375 0.17392857142857143 0.530546875
0.0 0.47276785714285713 0.291328125 0.0675595238095238 0.1995703125
0.0 0.5323809523809524 0.27171875 0.07639880952380954 0.2053515625
0.0 0.588452380952381 0.712421875 0.1983035714285714 0.51953125
0.0 0.7400892857142857 0.71921875 0.12163690476190475 0.43015625
