0.0 0.11136904761904762 0.5780078125 0.11488095238095239 0.3458984375
0.0 0.31532738095238094 0.5237890625 0.07601190476190475 0.3281640625
0.0 0.05830357142857143 0.621796875 0.13684523809523808 0.3880078125
0.0 0.36401785714285717 0.561640625 0.10961309523809523 0.320078125
0.0 0.4364285714285714 0.2746875 0.07940476190476191 0.2328125
0.0 0.08532738095238096 0.452734375 0.0868452380952381 0.28296875
0.0 0.7374404761904761 0.3241015625 0.08818452380952381 0.2572265625
0.0 0.8675595238095238 0.7262109375 0.17392857142857143 0.530546875
0.0 0.47276785714285713 0.291328125 0.0675595238095238 0.1995703125
0.0 0.5313988095238096 0.2724609375 0.07660714285714285 0.2060546875
0.0 0.5841071428571428 0.7126953125 0.20098214285714286 0.5216796875
0.0 0.7363988095238095 0.7203515625 0.12163690476190475 0.43015625
