0.0 0.1069047619047619 0.57890625 0.11488095238095239 0.3458984375
0.0 0.3107440476190476 0.524765625 0.07601190476190475 0.3281640625
0.0 0.05255952380952381 0.6220703125 0.13684523809523808 0.3880078125
0.0 0.3597619047619047 0.56296875 0.1100595238095238 0.32046875
0.0 0.4364285714285714 0.2746875 0.07940476190476191 0.2328125
0.0 0.08532738095238096 0.452734375 0.0868452380952381 0.28296875
0.0 0.7374404761904761 0.3241015625 0.08818452380952381 0.2572265625
0.0 0.8675595238095238 0.7262109375 0.17392857142857143 0.530546875
0.0 0.47276785714285713 0.291328125 0.0675595238095238 0.1995703125
0.0 0.5304166666666666 0.273125 0.07678571428571429 0.20671875
0.0 0.5797916666666667 0.7130078125 0.20363095238095238 0.5237890625
0.0 0.7327083333333333 0.721484375 0.12163690476190475 0.43015625
