0.0 0.09797619047619048 0.5808203125 0.11488095238095239 0.3458984375
0.0 0.30142857142857143 0.526640625 0.07601190476190475 0.3281640625
0.0 0.04113095238095238 0.6228125 0.13684523809523808 0.3880078125
0.0 0.3512797619047619 0.5655078125 0.11098214285714285 0.321328125
0.0 0.4364285714285714 0.2746875 0.07940476190476191 0.2328125
0.0 0.08532738095238096 0.452734375 0.0868452380952381 0.28296875
0.0 0.7374404761904761 0.3241015625 0.08818452380952381 0.2572265625
0.0 0.8675595238095238 0.7262109375 0.17392857142857143 0.530546875
0.0 0.47276785714285713 0.291328125 0.0675595238095238 0.1995703125
0.0 0.5283630952380952 0.274609375 0.07720238095238095 0.2080859375
0.0 0.5711607142857142 0.7136328125 0.2089583333333333 0.528046875
0.0 0.725327380952381 0.723671875 0.12163690476190475 0.43015625
