0.0 0.08458333333333334 0.5837109375 0.11488095238095239 0.3458984375
0.0 0.2875297619047619 0.52953125 0.07601190476190475 0.3281640625
0.0 0.3386011904761905 0.569375 0.11235119047619048 0.3226171875
0.0 0.4364285714285714 0.2746875 0.07940476190476191 0.2328125
0.0 0.08532738095238096 0.452734375 0.0868452380952381 0.28296875
0.0 0.7374404761904761 0.3241015625 0.08818452380952381 0.2572265625
0.0 0.8675595238095238 0.7262109375 0.17392857142857143 0.530546875
0.0 0.47276785714285713 0.291328125 0.0675595238095238 0.1995703125
0.0 0.5253869047619047 0.276796875 0.07776785714285714 0.2101171875
0.0 0.5581845238095239 0.7145703125 0.21696428571428572 0.534453125
0.0 0.7142559523809524 0.7269921875 0.12163690476190475 0.43015625
