0.0 0.08011904761904762 0.584609375 0.11488095238095239 0.3458984375
0.0 0.28288690476190476 0.53046875 0.07601190476190475 0.3281640625
0.0 0.334375 0.5706640625 0.11279761904761905 0.323046875
0.0 0.4364285714285714 0.2746875 0.07940476190476191 0.2328125
0.0 0.08532738095238096 0.452734375 0.0868452380952381 0.28296875
0.0 0.7374404761904761 0.3241015625 0.08818452380952381 0.2572265625
0.0 0.8675595238095238 0.7262109375 0.17392857142857143 0.530546875
0.0 0.47276785714285713 0.291328125 0.0675595238095238 0.1995703125
0.0 0.524375 0.2774609375 0.07797619047619048 0.2108203125
0.0 0.5538690476190476 0.71484375 0.21961309523809525 0.5366015625
0.0 0.7105654761904762 0.728125 0.12163690476190475 0.43015625
