0.0 0.07119047619047619 0.5865625 0.11488095238095239 0.3458984375
0.0 0.27363095238095236 0.53234375 0.07601190476190475 0.3281640625
0.0 0.32589285714285715 0.57328125 0.1137202380952381 0.32390625
0.0 0.4364285714285714 0.2746875 0.07940476190476191 0.2328125
0.0 0.08532738095238096 0.452734375 0.0868452380952381 0.28296875
0.0 0.7374404761904761 0.3241015625 0.08818452380952381 0.2572265625
0.0 0.8675595238095238 0.7262109375 0.17392857142857143 0.530546875
0.0 0.47276785714285713 0.291328125 0.0675595238095238 0.1995703125
0.0 0.5223214285714286 0.2789453125 0.07836309523809523 0.2121875
0.0 0.5383630952380952 0.7184765625 0.21446428571428572 0.5366015625
0.0 0.7031547619047619 0.7303515625 0.12163690476190475 0.43015625
