0.0 0.06672619047619048 0.5874609375 0.11488095238095239 0.3458984375
0.0 0.26898809523809525 0.5333203125 0.07601190476190475 0.3281640625
0.0 0.32166666666666666 0.5745703125 0.11416666666666667 0.3243359375
0.0 0.4364285714285714 0.2746875 0.07940476190476191 0.2328125
0.0 0.08532738095238096 0.452734375 0.0868452380952381 0.28296875
0.0 0.7374404761904761 0.3241015625 0.08818452380952381 0.2572265625
0.0 0.8675595238095238 0.7262109375 0.17392857142857143 0.530546875
0.0 0.47276785714285713 0.291328125 0.0675595238095238 0.1995703125
0.0 0.5213392857142857 0.2796484375 0.07854166666666666 0.2128515625
0.0 0.5305952380952381 0.7203125 0.21187499999999998 0.5366015625
0.0 0.6994345238095238 0.7314453125 0.12163690476190475 0.43015625
