0.0 0.06226190476190477 0.5883984375 0.11488095238095239 0.3458984375
0.0 0.26437499999999997 0.534296875 0.07601190476190475 0.3281640625
0.0 0.31744047619047616 0.5758203125 0.11461309523809524 0.324765625
0.0 0.4364285714285714 0.2746875 0.07940476190476191 0.2328125
0.0 0.08532738095238096 0.452734375 0.0868452380952381 0.28296875
0.0 0.7374404761904761 0.3241015625 0.08818452380952381 0.2572265625
0.0 0.8675595238095238 0.7262109375 0.17392857142857143 0.530546875
0.0 0.47276785714285713 0.291328125 0.0675595238095238 0.1995703125
0.0 0.520327380952381 0.280390625 0.07875 0.2135546875
0.0 0.5228571428571429 0.7221484375 0.20928571428571427 0.5366015625
0.0 0.6957440476190476 0.7325390625 0.12163690476190475 0.43015625
