0.0 0.25973214285714286 0.535234375 0.07601190476190475 0.3281640625
0.0 0.31318452380952383 0.5771484375 0.1150595238095238 0.3251953125
0.0 0.4364285714285714 0.2746875 0.07940476190476191 0.2328125
0.0 0.08532738095238096 0.452734375 0.0868452380952381 0.28296875
0.0 0.7374404761904761 0.3241015625 0.08818452380952381 0.2572265625
0.0 0.8675595238095238 0.7262109375 0.17392857142857143 0.530546875
0.0 0.47276785714285713 0.291328125 0.0675595238095238 0.1995703125
0.0 0.5193452380952381 0.2811328125 0.07895833333333334 0.21421875
0.0 0.5150892857142857 0.723984375 0.2066964285714286 0.5366015625
0.0 0.6913095238095238 0.7340625 0.12163690476190475 0.43015625
