0.0 0.25047619047619046 0.537109375 0.07601190476190475 0.3281640625
0.0 0.30473214285714284 0.5797265625 0.11598214285714285 0.326015625
0.0 0.4364285714285714 0.2746875 0.07940476190476191 0.2328125
0.0 0.08532738095238096 0.452734375 0.0868452380952381 0.28296875
0.0 0.7374404761904761 0.3241015625 0.08818452380952381 0.2572265625
0.0 0.8675595238095238 0.7262109375 0.17392857142857143 0.530546875
0.0 0.47276785714285713 0.291328125 0.0675595238095238 0.1995703125
0.0 0.5172916666666667 0.282578125 0.0793452380952381 0.2155859375
0.0 0.4996130952380953 0.727578125 0.20154761904761903 0.5366015625
0.0 0.6824107142857143 0.737109375 0.12163690476190475 0.43015625
