0.0 0.2411904761904762 0.5390234375 0.07601190476190475 0.3281640625
0.0 0.2962797619047619 0.58234375 0.116875 0.326875
0.0 0.4364285714285714 0.2746875 0.07940476190476191 0.2328125
0.0 0.08532738095238096 0.452734375 0.0868452380952381 0.28296875
0.0 0.7374404761904761 0.3241015625 0.08818452380952381 0.2572265625
0.0 0.8675595238095238 0.7262109375 0.17392857142857143 0.530546875
0.0 0.47276785714285713 0.291328125 0.0675595238095238 0.1995703125
0.0 0.5152976190476191 0.2840234375 0.07973214285714285 0.216953125
0.0 0.48407738095238095 0.73125 0.19636904761904764 0.5366015625
0.0 0.6735416666666667 0.74015625 0.12163690476190475 0.43015625
