0.0 0.22729166666666667 0.541875 0.07601190476190475 0.3281640625
0.0 0.2835714285714286 0.5862109375 0.11824404761904761 0.3281640625
0.0 0.4364285714285714 0.2746875 0.07940476190476191 0.2328125
0.0 0.08532738095238096 0.452734375 0.0868452380952381 0.28296875
0.0 0.7374404761904761 0.3241015625 0.08818452380952381 0.2572265625
0.0 0.8675595238095238 0.7262109375 0.17392857142857143 0.530546875
0.0 0.47276785714285713 0.291328125 0.0675595238095238 0.1995703125
0.0 0.5122619047619048 0.2862109375 0.08029761904761905 0.218984375
0.0 0.4608630952380952 0.7367578125 0.18860119047619048 0.5366015625
0.0 0.6601785714285714 0.7446875 0.12163690476190475 0.43015625
