0.0 0.22264880952380953 0.5428125 0.07601190476190475 0.3281640625
0.0 0.2779464285714286 0.58546875 0.11824404761904761 0.3281640625
0.0 0.4364285714285714 0.2746875 0.07940476190476191 0.2328125
0.0 0.08532738095238096 0.452734375 0.0868452380952381 0.28296875
0.0 0.7374404761904761 0.3241015625 0.08818452380952381 0.2572265625
0.0 0.8675595238095238 0.7262109375 0.17392857142857143 0.530546875
0.0 0.47276785714285713 0.291328125 0.0675595238095238 0.1995703125
0.0 0.5112797619047619 0.2869140625 0.08050595238095239 0.2196875
0.0 0.453125 0.7385546875 0.18604166666666666 0.5366015625
0.0 0.6557440476190477 0.7462109375 0.12163690476190475 0.43015625
