0.0 0.2087797619047619 0.5456640625 0.07601190476190475 0.3281640625
0.0 0.26104166666666667 0.5832421875 0.11824404761904761 0.3281640625
0.0 0.4364285714285714 0.2746875 0.07940476190476191 0.2328125
0.0 0.08532738095238096 0.452734375 0.0868452380952381 0.28296875
0.0 0.7374404761904761 0.3241015625 0.08818452380952381 0.2572265625
0.0 0.8675595238095238 0.7262109375 0.17392857142857143 0.530546875
0.0 0.47276785714285713 0.291328125 0.0675595238095238 0.1995703125
0.0 0.5082738095238095 0.2890625 0.08110119047619048 0.22171875
0.0 0.42985119047619047 0.7440625 0.17827380952380953 0.5366015625
0.0 0.6424107142857143 0.7507421875 0.12163690476190475 0.43015625
0.0 0.036904761904761905 0.7702734375 0.17907738095238096 0.4390234375
