0.0 0.19485119047619048 0.548515625 0.07601190476190475 0.3281640625
0.0 0.24413690476190478 0.581015625 0.11824404761904761 0.3281640625
0.0 0.4364285714285714 0.2746875 0.07940476190476191 0.2328125
0.0 0.08532738095238096 0.452734375 0.0868452380952381 0.28296875
0.0 0.7374404761904761 0.3241015625 0.08818452380952381 0.2572265625
0.0 0.8675595238095238 0.7262109375 0.17392857142857143 0.530546875
0.0 0.47276785714285713 0.291328125 0.0675595238095238 0.1995703125
0.0 0.5021428571428571 0.2904296875 0.08110119047619048 0.22171875
0.0 0.40595238095238095 0.74640625 0.17169642857142856 0.5366015625
0.0 0.629077380952381 0.7553125 0.12163690476190475 0.43015625
0.0 0.06732142857142857 0.7719140625 0.17907738095238096 0.4390234375
