0.0 0.17627976190476188 0.55 0.07601190476190475 0.3281640625
0.0 0.22160714285714284 0.578046875 0.11824404761904761 0.3281640625
0.0 0.4364285714285714 0.2746875 0.07940476190476191 0.2328125
0.0 0.08532738095238096 0.452734375 0.0868452380952381 0.28296875
0.0 0.7374404761904761 0.3241015625 0.08818452380952381 0.2572265625
0.0 0.8675595238095238 0.7262109375 0.17392857142857143 0.530546875
0.0 0.47276785714285713 0.291328125 0.0675595238095238 0.1995703125
0.0 0.49404761904761907 0.2921875 0.08110119047619048 0.22171875
0.0 0.3736309523809524 0.7475390625 0.1636607142857143 0.5366015625
0.0 0.6112797619047619 0.7613671875 0.12163690476190475 0.43015625
0.0 0.10785714285714286 0.774140625 0.17907738095238096 0.4390234375
