0.0 0.15770833333333334 0.551484375 0.07601190476190475 0.3281640625
0.0 0.19910714285714287 0.57515625 0.11824404761904761 0.3281640625
0.0 0.4364285714285714 0.2746875 0.07940476190476191 0.2328125
0.0 0.08532738095238096 0.452734375 0.0868452380952381 0.28296875
0.0 0.7374404761904761 0.3241015625 0.08818452380952381 0.2572265625
0.0 0.8675595238095238 0.7262109375 0.17392857142857143 0.530546875
0.0 0.47276785714285713 0.291328125 0.0675595238095238 0.1995703125
0.0 0.48595238095238097 0.293984375 0.08110119047619048 0.22171875
0.0 0.3412797619047619 0.7486328125 0.15562499999999999 0.5366015625
0.0 0.5960714285714286 0.7575 0.12163690476190475 0.43015625
0.0 0.14842261904761905 0.7763671875 0.17907738095238096 0.4390234375
