0.0 0.14842261904761905 0.5522265625 0.07601190476190475 0.3281640625
0.0 0.1900297619047619 0.580078125 0.11824404761904761 0.3281640625
0.0 0.4364285714285714 0.2746875 0.07940476190476191 0.2328125
0.0 0.08532738095238096 0.452734375 0.0868452380952381 0.28296875
0.0 0.7374404761904761 0.3241015625 0.08818452380952381 0.2572265625
0.0 0.8675595238095238 0.7262109375 0.17392857142857143 0.530546875
0.0 0.47276785714285713 0.291328125 0.0675595238095238 0.1995703125
0.0 0.481875 0.29484375 0.08110119047619048 0.22171875
0.0 0.32514880952380953 0.74921875 0.15163690476190478 0.5366015625
0.0 0.5884821428571428 0.755546875 0.12163690476190475 0.43015625
0.0 0.17473214285714286 0.7751953125 0.18160714285714286 0.4456640625
