0.0 0.13449404761904762 0.553359375 0.07601190476190475 0.3281640625
0.0 0.17639880952380954 0.587578125 0.11824404761904761 0.3281640625
0.0 0.4364285714285714 0.2746875 0.07940476190476191 0.2328125
0.0 0.08532738095238096 0.452734375 0.0868452380952381 0.28296875
0.0 0.7374404761904761 0.3241015625 0.08818452380952381 0.2572265625
0.0 0.8675595238095238 0.7262109375 0.17392857142857143 0.530546875
0.0 0.47276785714285713 0.291328125 0.0675595238095238 0.1995703125
0.0 0.47583333333333333 0.296171875 0.08110119047619048 0.22171875
0.0 0.30095238095238097 0.75 0.1455952380952381 0.5366015625
0.0 0.5771130952380952 0.75265625 0.12163690476190475 0.43015625
0.0 0.22330357142857143 0.770234375 0.18919642857142857 0.465625
