0.0 0.11592261904761905 0.554765625 0.07601190476190475 0.3281640625
0.0 0.15824404761904762 0.5975390625 0.11824404761904761 0.3281640625
0.0 0.4364285714285714 0.2746875 0.07940476190476191 0.2328125
0.0 0.08532738095238096 0.452734375 0.0868452380952381 0.28296875
0.0 0.7374404761904761 0.3241015625 0.08818452380952381 0.2572265625
0.0 0.8675595238095238 0.7262109375 0.17392857142857143 0.530546875
0.0 0.47276785714285713 0.291328125 0.0675595238095238 0.1995703125
0.0 0.4676785714285714 0.29796875 0.08110119047619048 0.22171875
0.0 0.5174702380952381 0.28015625 0.059136904761904766 0.2128515625
0.0 0.2730059523809524 0.7514453125 0.14360119047619047 0.5366015625
0.0 0.561875 0.74875 0.12163690476190475 0.43015625
0.0 0.28806547619047623 0.76359375 0.1993452380952381 0.4922265625
