0.0 0.10657738095238097 0.555546875 0.07601190476190475 0.3281640625
0.0 0.14916666666666667 0.6025390625 0.11824404761904761 0.3281640625
0.0 0.4364285714285714 0.2746875 0.07940476190476191 0.2328125
0.0 0.08532738095238096 0.452734375 0.0868452380952381 0.28296875
0.0 0.7374404761904761 0.3241015625 0.08818452380952381 0.2572265625
0.0 0.8675595238095238 0.7262109375 0.17392857142857143 0.530546875
0.0 0.47276785714285713 0.291328125 0.0675595238095238 0.1995703125
0.0 0.46363095238095237 0.298828125 0.08110119047619048 0.22171875
0.0 0.5173214285714286 0.279921875 0.059136904761904766 0.2128515625
0.0 0.25976190476190475 0.7521484375 0.14360119047619047 0.5366015625
0.0 0.5542559523809524 0.7468359375 0.12163690476190475 0.43015625
0.0 0.32047619047619047 0.7602734375 0.20440476190476192 0.505546875
