0.0 0.10193452380952381 0.5558984375 0.07601190476190475 0.3281640625
0.0 0.14461309523809524 0.605078125 0.11824404761904761 0.3281640625
0.0 0.4364285714285714 0.2746875 0.07940476190476191 0.2328125
0.0 0.08532738095238096 0.452734375 0.0868452380952381 0.28296875
0.0 0.7374404761904761 0.3241015625 0.08818452380952381 0.2572265625
0.0 0.8675595238095238 0.7262109375 0.17392857142857143 0.530546875
0.0 0.47276785714285713 0.291328125 0.0675595238095238 0.1995703125
0.0 0.4616071428571428 0.299296875 0.08110119047619048 0.22171875
0.0 0.5172916666666667 0.2798046875 0.059136904761904766 0.2128515625
0.0 0.25315476190476194 0.7525 0.14360119047619047 0.5366015625
0.0 0.5505059523809523 0.745859375 0.12163690476190475 0.43015625
0.0 0.6281547619047619 0.7635546875 0.11488095238095239 0.376953125
0.0 0.3366369047619048 0.75859375 0.20693452380952382 0.5121875
