0.0 0.09729166666666667 0.55625 0.07601190476190475 0.3281640625
0.0 0.14008928571428572 0.6075390625 0.11824404761904761 0.3281640625
0.0 0.4364285714285714 0.2746875 0.07940476190476191 0.2328125
0.0 0.08532738095238096 0.452734375 0.0868452380952381 0.28296875
0.0 0.7374404761904761 0.3241015625 0.08818452380952381 0.2572265625
0.0 0.8675595238095238 0.7262109375 0.17392857142857143 0.530546875
0.0 0.47276785714285713 0.291328125 0.0675595238095238 0.1995703125
0.0 0.4595833333333333 0.2997265625 0.08110119047619048 0.22171875
0.0 0.5172023809523809 0.2797265625 0.059136904761904766 0.2128515625
0.0 0.24651785714285715 0.752890625 0.14360119047619047 0.5366015625
0.0 0.5441666666666667 0.746015625 0.12163690476190475 0.43015625
0.0 0.6208630952380952 0.7628515625 0.11488095238095239 0.376953125
0.0 0.7489583333333334 0.708203125 0.1300892857142857 0.4966796875
0.0 0.3528273809523809 0.7569140625 0.2094940476190476 0.518828125
