0.0 0.09264880952380952 0.556640625 0.07601190476190475 0.3281640625
0.0 0.1355357142857143 0.610078125 0.11824404761904761 0.3281640625
0.0 0.4364285714285714 0.2746875 0.07940476190476191 0.2328125
0.0 0.08532738095238096 0.452734375 0.0868452380952381 0.28296875
0.0 0.7374404761904761 0.3241015625 0.08818452380952381 0.2572265625
0.0 0.8675595238095238 0.7262109375 0.17392857142857143 0.530546875
0.0 0.47276785714285713 0.291328125 0.0675595238095238 0.1995703125
0.0 0.45755952380952386 0.30015625 0.08110119047619048 0.22171875
0.0 0.5171428571428571 0.2795703125 0.059136904761904766 0.2128515625
0.0 0.23991071428571428 0.7532421875 0.14360119047619047 0.5366015625
0.0 0.5378571428571428 0.74609375 0.12163690476190475 0.43015625
0.0 0.6135119047619048 0.7620703125 0.11488095238095239 0.376953125
0.0 0.7467559523809524 0.7096484375 0.1300892857142857 0.4966796875
0.0 0.36669642857142853 0.7575390625 0.2094940476190476 0.518828125
