0.0 0.065625 0.61859375 0.11824404761904761 0.3281640625
0.0 0.4364285714285714 0.2746875 0.07940476190476191 0.2328125
0.0 0.08532738095238096 0.452734375 0.0868452380952381 0.28296875
0.0 0.7374404761904761 0.3241015625 0.08818452380952381 0.2572265625
0.0 0.8675595238095238 0.7262109375 0.17392857142857143 0.530546875
0.0 0.47276785714285713 0.291328125 0.0675595238095238 0.1995703125
0.0 0.43363095238095234 0.307578125 0.08110119047619048 0.22171875
0.0 0.5164583333333334 0.2785546875 0.059136904761904766 0.2128515625
0.0 0.17098214285714286 0.7547265625 0.14360119047619047 0.5366015625
0.0 0.47479166666666667 0.747578125 0.12163690476190475 0.43015625
0.0 0.5751488095238095 0.7591796875 0.11488095238095239 0.376953125
0.0 0.7244345238095238 0.7194140625 0.1300892857142857 0.4966796875
0.0 0.5052083333333334 0.7634375 0.2094940476190476 0.518828125
0.0 0.34672619047619047 0.6607421875 0.11657738095238096 0.423515625
