0.0 0.4364285714285714 0.2746875 0.07940476190476191 0.2328125
0.0 0.08532738095238096 0.452734375 0.0868452380952381 0.28296875
0.0 0.7374404761904761 0.3241015625 0.08818452380952381 0.2572265625
0.0 0.8675595238095238 0.7262109375 0.17392857142857143 0.530546875
0.0 0.47276785714285713 0.291328125 0.0675595238095238 0.1995703125
0.0 0.4060714285714286 0.3040625 0.08110119047619048 0.22171875
0.0 0.5157440476190476 0.2774609375 0.059136904761904766 0.2128515625
0.0 0.0925297619047619 0.755078125 0.14360119047619047 0.5366015625
0.0 0.4049702380952381 0.758515625 0.12163690476190475 0.43015625
0.0 0.5604761904761905 0.7648046875 0.11488095238095239 0.376953125
0.0 0.7008928571428571 0.708046875 0.1300892857142857 0.4966796875
0.0 0.6538392857142857 0.761015625 0.1976488095238095 0.518828125
0.0 0.44741071428571433 0.63390625 0.11657738095238096 0.423515625
