0.0 0.4364285714285714 0.2746875 0.07940476190476191 0.2328125
0.0 0.08532738095238096 0.452734375 0.0868452380952381 0.28296875
0.0 0.7374404761904761 0.3241015625 0.08818452380952381 0.2572265625
0.0 0.8675595238095238 0.7262109375 0.17392857142857143 0.530546875
0.0 0.47276785714285713 0.291328125 0.0675595238095238 0.1995703125
0.0 0.39845238095238095 0.3023828125 0.08110119047619048 0.22171875
0.0 0.5155357142857143 0.2771484375 0.059136904761904766 0.2128515625
0.0 0.06937499999999999 0.756015625 0.14360119047619047 0.5366015625
0.0 0.38589285714285715 0.762421875 0.12163690476190475 0.43015625
0.0 0.5567857142857143 0.7672265625 0.11488095238095239 0.376953125
0.0 0.6919345238095238 0.70703125 0.1300892857142857 0.4966796875
0.0 0.6938095238095239 0.7589453125 0.19258928571428569 0.518828125
0.0 0.4757142857142857 0.6272265625 0.11657738095238096 0.423515625
