0.0 0.4364285714285714 0.2746875 0.07940476190476191 0.2328125
0.0 0.08532738095238096 0.452734375 0.0868452380952381 0.28296875
0.0 0.7374404761904761 0.3241015625 0.08818452380952381 0.2572265625
0.0 0.8675595238095238 0.7262109375 0.17392857142857143 0.530546875
0.0 0.47276785714285713 0.291328125 0.0675595238095238 0.1995703125
0.0 0.39339285714285716 0.3012890625 0.08110119047619048 0.22171875
0.0 0.5154464285714285 0.276953125 0.059136904761904766 0.2128515625
0.0 0.05392857142857143 0.7566015625 0.14360119047619047 0.5366015625
0.0 0.3731845238095238 0.765 0.12163690476190475 0.43015625
0.0 0.5543154761904762 0.7687890625 0.11488095238095239 0.376953125
0.0 0.6824702380952381 0.709296875 0.1300892857142857 0.4966796875
0.0 0.7204464285714286 0.7576171875 0.18919642857142857 0.518828125
0.0 0.4945833333333334 0.6228125 0.11657738095238096 0.423515625
