0.0 0.4364285714285714 0.2746875 0.07940476190476191 0.2328125
0.0 0.08532738095238096 0.452734375 0.0868452380952381 0.28296875
0.0 0.7374404761904761 0.3241015625 0.08818452380952381 0.2572265625
0.0 0.8675595238095238 0.7262109375 0.17392857142857143 0.530546875
0.0 0.47276785714285713 0.291328125 0.0675595238095238 0.1995703125
0.0 0.3883035714285714 0.30015625 0.08110119047619048 0.22171875
0.0 0.5152678571428572 0.2767578125 0.059136904761904766 0.2128515625
0.0 0.3604761904761905 0.76765625 0.12163690476190475 0.43015625
0.0 0.551875 0.77046875 0.11488095238095239 0.376953125
0.0 0.6730654761904762 0.711484375 0.1300892857142857 0.4966796875
0.0 0.7520238095238095 0.7569140625 0.1875297619047619 0.518828125
0.0 0.5136309523809525 0.6198828125 0.11657738095238096 0.423515625
0.0 0.11294642857142859 0.8371484375 0.18919642857142857 0.348125
