0.0 0.4364285714285714 0.2746875 0.07940476190476191 0.2328125
0.0 0.08532738095238096 0.452734375 0.0868452380952381 0.28296875
0.0 0.7374404761904761 0.3241015625 0.08818452380952381 0.2572265625
0.0 0.8675595238095238 0.7262109375 0.17392857142857143 0.530546875
0.0 0.47276785714285713 0.291328125 0.0675595238095238 0.1995703125
0.0 0.3872023809523809 0.30015625 0.08110119047619048 0.22171875
0.0 0.5152083333333334 0.276640625 0.059136904761904766 0.2128515625
0.0 0.35410714285714284 0.76890625 0.12163690476190475 0.43015625
0.0 0.5505952380952381 0.77125 0.11488095238095239 0.376953125
0.0 0.6683630952380952 0.7126171875 0.1300892857142857 0.4966796875
0.0 0.7702678571428572 0.7569140625 0.1875297619047619 0.518828125
0.0 0.5232440476190476 0.6191796875 0.11657738095238096 0.423515625
0.0 0.12473214285714285 0.8341796875 0.18919642857142857 0.348125
