0.0 0.4364285714285714 0.2746875 0.07940476190476191 0.2328125
0.0 0.08532738095238096 0.452734375 0.0868452380952381 0.28296875
0.0 0.7374404761904761 0.3241015625 0.08818452380952381 0.2572265625
0.0 0.8675595238095238 0.7262109375 0.17392857142857143 0.530546875
0.0 0.47276785714285713 0.291328125 0.0675595238095238 0.1995703125
0.0 0.38065476190476194 0.30015625 0.08110119047619048 0.22171875
0.0 0.5148511904761905 0.2760546875 0.059136904761904766 0.2128515625
0.0 0.30973214285714284 0.765859375 0.12163690476190475 0.43015625
0.0 0.5432738095238095 0.77609375 0.11488095238095239 0.376953125
0.0 0.6401190476190477 0.71921875 0.1300892857142857 0.4966796875
0.0 0.8633928571428572 0.7464453125 0.1875297619047619 0.518828125
0.0 0.5809523809523809 0.6151171875 0.11657738095238096 0.423515625
0.0 0.1956845238095238 0.81640625 0.18919642857142857 0.348125
