0.0 0.4364285714285714 0.2746875 0.07940476190476191 0.2328125
0.0 0.08532738095238096 0.452734375 0.0868452380952381 0.28296875
0.0 0.7374404761904761 0.3241015625 0.08818452380952381 0.2572265625
0.0 0.8675595238095238 0.7262109375 0.17392857142857143 0.530546875
0.0 0.47276785714285713 0.291328125 0.0675595238095238 0.1995703125
0.0 0.3763095238095238 0.30015625 0.08110119047619048 0.22171875
0.0 0.5145535714285714 0.275625 0.059136904761904766 0.2128515625
0.0 0.2793452380952381 0.762265625 0.12163690476190475 0.43015625
0.0 0.5248809523809524 0.7733203125 0.11488095238095239 0.376953125
0.0 0.6228869047619048 0.72171875 0.1300892857142857 0.4966796875
0.0 0.9145238095238094 0.7325390625 0.1875297619047619 0.518828125
0.0 0.6194047619047619 0.6123828125 0.11657738095238096 0.423515625
0.0 0.25163690476190476 0.814140625 0.18919642857142857 0.348125
