0.0 0.4364285714285714 0.2746875 0.07940476190476191 0.2328125
0.0 0.08532738095238096 0.452734375 0.0868452380952381 0.28296875
0.0 0.7374404761904761 0.3241015625 0.08818452380952381 0.2572265625
0.0 0.8675595238095238 0.7262109375 0.17392857142857143 0.530546875
0.0 0.47276785714285713 0.291328125 0.0675595238095238 0.1995703125
0.0 0.37407738095238097 0.30015625 0.08110119047619048 0.22171875
0.0 0.5144345238095238 0.2754296875 0.059136904761904766 0.2128515625
0.0 0.26419642857142855 0.7613671875 0.12163690476190475 0.43015625
0.0 0.513452380952381 0.7709375 0.11488095238095239 0.376953125
0.0 0.6150892857142857 0.7219921875 0.1300892857142857 0.4966796875
0.0 0.9367261904761905 0.7325390625 0.1875297619047619 0.518828125
0.0 0.6393154761904762 0.615 0.1180952380952381 0.4237109375
0.0 0.2810416666666667 0.814609375 0.18919642857142857 0.348125
