0.0 0.4364285714285714 0.2746875 0.07940476190476191 0.2328125
0.0 0.08532738095238096 0.452734375 0.0868452380952381 0.28296875
0.0 0.7374404761904761 0.3241015625 0.08818452380952381 0.2572265625
0.0 0.8675595238095238 0.7262109375 0.17392857142857143 0.530546875
0.0 0.47276785714285713 0.291328125 0.0675595238095238 0.1995703125
0.0 0.3670833333333333 0.3021484375 0.08110119047619048 0.22171875
0.0 0.5138988095238095 0.274609375 0.059136904761904766 0.2128515625
0.0 0.20389880952380954 0.7613671875 0.12163690476190475 0.43015625
0.0 0.4676785714285714 0.7613671875 0.11488095238095239 0.376953125
0.0 0.5838392857142857 0.723125 0.1300892857142857 0.4966796875
0.0 0.7216369047619048 0.641640625 0.13038690476190476 0.4253125
0.0 0.39645833333333336 0.81203125 0.18919642857142857 0.348125
0.0 0.12443452380952381 0.8088671875 0.11994047619047618 0.423515625
