0.0 0.4364285714285714 0.2746875 0.07940476190476191 0.2328125
0.0 0.08532738095238096 0.452734375 0.0868452380952381 0.28296875
0.0 0.7374404761904761 0.3241015625 0.08818452380952381 0.2572265625
0.0 0.8675595238095238 0.7262109375 0.17392857142857143 0.530546875
0.0 0.47276785714285713 0.291328125 0.0675595238095238 0.1995703125
0.0 0.36577380952380956 0.303125 0.08110119047619048 0.22171875
0.0 0.51375 0.2744140625 0.059136904761904766 0.2128515625
0.0 0.18880952380952382 0.7613671875 0.12163690476190475 0.43015625
0.0 0.4592559523809524 0.7652734375 0.11488095238095239 0.376953125
0.0 0.5760416666666667 0.7234375 0.1300892857142857 0.4966796875
0.0 0.7422321428571428 0.6482421875 0.13345238095238096 0.425703125
0.0 0.424375 0.809609375 0.18919642857142857 0.348125
0.0 0.14598214285714284 0.8051171875 0.11994047619047618 0.423515625
