0.0 0.4364285714285714 0.2746875 0.07940476190476191 0.2328125
0.0 0.08532738095238096 0.452734375 0.0868452380952381 0.28296875
0.0 0.7374404761904761 0.3241015625 0.08818452380952381 0.2572265625
0.0 0.8675595238095238 0.7262109375 0.17392857142857143 0.530546875
0.0 0.47276785714285713 0.291328125 0.0675595238095238 0.1995703125
0.0 0.3644642857142857 0.3041015625 0.08110119047619048 0.22171875
0.0 0.5136607142857142 0.2741796875 0.059136904761904766 0.2128515625
0.0 0.17375000000000002 0.7613671875 0.12163690476190475 0.43015625
0.0 0.4507738095238095 0.7691015625 0.11488095238095239 0.376953125
0.0 0.5682440476190477 0.723671875 0.1300892857142857 0.4966796875
0.0 0.7672619047619048 0.6420703125 0.13345238095238096 0.425703125
0.0 0.4523511904761905 0.8071875 0.18919642857142857 0.348125
0.0 0.16758928571428572 0.8013671875 0.11994047619047618 0.423515625
0.0 0.050595238095238096 0.7999609375 0.07940476190476191 0.4035546875
