0.0 0.4364285714285714 0.2746875 0.07940476190476191 0.2328125
0.0 0.08532738095238096 0.452734375 0.0868452380952381 0.28296875
0.0 0.7374404761904761 0.3241015625 0.08818452380952381 0.2572265625
0.0 0.8675595238095238 0.7262109375 0.17392857142857143 0.530546875
0.0 0.47276785714285713 0.291328125 0.0675595238095238 0.1995703125
0.0 0.3638095238095238 0.304609375 0.08110119047619048 0.22171875
0.0 0.5135714285714286 0.2741015625 0.059136904761904766 0.2128515625
0.0 0.16452380952380952 0.7641015625 0.12163690476190475 0.43015625
0.0 0.446577380952381 0.7710546875 0.11488095238095239 0.376953125
0.0 0.563422619047619 0.72578125 0.1300892857142857 0.4966796875
0.0 0.7797619047619048 0.6389453125 0.13345238095238096 0.425703125
0.0 0.46633928571428573 0.806015625 0.18919642857142857 0.348125
0.0 0.17836309523809524 0.7994921875 0.11994047619047618 0.423515625
0.0 0.0575297619047619 0.79859375 0.08110119047619048 0.4035546875
