0.0 0.4364285714285714 0.2746875 0.07940476190476191 0.2328125
0.0 0.08532738095238096 0.452734375 0.0868452380952381 0.28296875
0.0 0.7374404761904761 0.3241015625 0.08818452380952381 0.2572265625
0.0 0.8675595238095238 0.7262109375 0.17392857142857143 0.530546875
0.0 0.47276785714285713 0.291328125 0.0675595238095238 0.1995703125
0.0 0.36181547619047616 0.30609375 0.08110119047619048 0.22171875
0.0 0.5133630952380953 0.2737890625 0.059136904761904766 0.2128515625
0.0 0.13684523809523808 0.77234375 0.12163690476190475 0.43015625
0.0 0.43392857142857144 0.7769140625 0.11488095238095239 0.376953125
0.0 0.5488988095238095 0.7319140625 0.1300892857142857 0.4966796875
0.0 0.8172321428571427 0.6296484375 0.13345238095238096 0.425703125
0.0 0.5082440476190476 0.8023828125 0.18919642857142857 0.348125
0.0 0.21345238095238095 0.795390625 0.11994047619047618 0.423515625
0.0 0.07830357142857143 0.7946484375 0.08616071428571428 0.4035546875
