0.0 0.4364285714285714 0.2746875 0.07940476190476191 0.2328125
0.0 0.08532738095238096 0.452734375 0.0868452380952381 0.28296875
0.0 0.7374404761904761 0.3241015625 0.08818452380952381 0.2572265625
0.0 0.8675595238095238 0.7262109375 0.17392857142857143 0.530546875
0.0 0.47276785714285713 0.291328125 0.0675595238095238 0.1995703125
0.0 0.36050595238095234 0.3070703125 0.08110119047619048 0.22171875
0.0 0.5132440476190476 0.2735546875 0.059136904761904766 0.2128515625
0.0 0.11839285714285715 0.777734375 0.12163690476190475 0.43015625
0.0 0.42095238095238097 0.7783984375 0.11488095238095239 0.376953125
0.0 0.5392559523809524 0.7360546875 0.1300892857142857 0.4966796875
0.0 0.8422619047619048 0.6234375 0.13345238095238096 0.425703125
0.0 0.5386607142857143 0.8037109375 0.19389880952380953 0.358359375
0.0 0.24047619047619045 0.7947265625 0.11994047619047618 0.423515625
0.0 0.09214285714285715 0.7919921875 0.08952380952380952 0.4035546875
