0.0 0.4364285714285714 0.2746875 0.07940476190476191 0.2328125
0.0 0.08532738095238096 0.452734375 0.0868452380952381 0.28296875
0.0 0.7374404761904761 0.3241015625 0.08818452380952381 0.2572265625
0.0 0.8675595238095238 0.7262109375 0.17392857142857143 0.530546875
0.0 0.47276785714285713 0.291328125 0.0675595238095238 0.1995703125
0.0 0.35854166666666665 0.30859375 0.08110119047619048 0.22171875
0.0 0.5130357142857143 0.2732421875 0.059136904761904766 0.2128515625
0.0 0.09071428571428572 0.7859375 0.12163690476190475 0.43015625
0.0 0.401547619047619 0.7805859375 0.11488095238095239 0.376953125
0.0 0.5247619047619048 0.7421875 0.1300892857142857 0.4966796875
0.0 0.8785714285714286 0.6159765625 0.13345238095238096 0.425703125
0.0 0.5842559523809524 0.80578125 0.20089285714285715 0.3737109375
0.0 0.28101190476190474 0.7937109375 0.11994047619047618 0.423515625
0.0 0.11294642857142859 0.78796875 0.09461309523809523 0.4035546875
