0.0 0.4364285714285714 0.2746875 0.07940476190476191 0.2328125
0.0 0.08532738095238096 0.452734375 0.0868452380952381 0.28296875
0.0 0.7374404761904761 0.3241015625 0.08818452380952381 0.2572265625
0.0 0.8675595238095238 0.7262109375 0.17392857142857143 0.530546875
0.0 0.47276785714285713 0.291328125 0.0675595238095238 0.1995703125
0.0 0.35788690476190477 0.3090234375 0.08110119047619048 0.22171875
0.0 0.512827380952381 0.27296875 0.059136904761904766 0.2128515625
0.0 0.06303571428571428 0.794140625 0.12163690476190475 0.43015625
0.0 0.3794047619047619 0.7830078125 0.11488095238095239 0.376953125
0.0 0.510327380952381 0.748359375 0.1300892857142857 0.4966796875
0.0 0.9125892857142857 0.6121875 0.13345238095238096 0.425703125
0.0 0.6299107142857143 0.8078515625 0.20791666666666667 0.3890625
0.0 0.3215773809523809 0.7926953125 0.11994047619047618 0.423515625
0.0 0.14502976190476188 0.7901953125 0.09461309523809523 0.4035546875
