0.0 0.4364285714285714 0.2746875 0.07940476190476191 0.2328125
0.0 0.08532738095238096 0.452734375 0.0868452380952381 0.28296875
0.0 0.7374404761904761 0.3241015625 0.08818452380952381 0.2572265625
0.0 0.8675595238095238 0.7262109375 0.17392857142857143 0.530546875
0.0 0.47276785714285713 0.291328125 0.0675595238095238 0.1995703125
0.0 0.35788690476190477 0.3090234375 0.08110119047619048 0.22171875
0.0 0.5127678571428571 0.2728515625 0.059136904761904766 0.2128515625
0.0 0.05380952380952381 0.796875 0.12163690476190475 0.43015625
0.0 0.37160714285714286 0.783828125 0.11488095238095239 0.376953125
0.0 0.5054464285714286 0.7504296875 0.1300892857142857 0.4966796875
0.0 0.9239583333333333 0.6108984375 0.13345238095238096 0.425703125
0.0 0.6450595238095238 0.8085546875 0.21026785714285717 0.3941796875
0.0 0.3350892857142857 0.79234375 0.11994047619047618 0.423515625
0.0 0.15574404761904762 0.7909765625 0.09461309523809523 0.4035546875
