0.0 0.4364285714285714 0.2746875 0.07940476190476191 0.2328125
0.0 0.08532738095238096 0.452734375 0.0868452380952381 0.28296875
0.0 0.7374404761904761 0.3241015625 0.08818452380952381 0.2572265625
0.0 0.8675595238095238 0.7262109375 0.17392857142857143 0.530546875
0.0 0.47276785714285713 0.291328125 0.0675595238095238 0.1995703125
0.0 0.35788690476190477 0.3090234375 0.08110119047619048 0.22171875
0.0 0.5127083333333333 0.2727734375 0.059136904761904766 0.2128515625
0.0 0.3638095238095238 0.7846484375 0.11488095238095239 0.376953125
0.0 0.500625 0.7525390625 0.1300892857142857 0.4966796875
0.0 0.935297619047619 0.6096484375 0.13345238095238096 0.425703125
0.0 0.6602976190476191 0.80921875 0.21258928571428573 0.399296875
0.0 0.3486011904761905 0.7919921875 0.11994047619047618 0.423515625
0.0 0.16642857142857143 0.79171875 0.09461309523809523 0.4035546875
