0.0 0.4364285714285714 0.2746875 0.07940476190476191 0.2328125
0.0 0.08532738095238096 0.452734375 0.0868452380952381 0.28296875
0.0 0.7374404761904761 0.3241015625 0.08818452380952381 0.2572265625
0.0 0.8675595238095238 0.7262109375 0.17392857142857143 0.530546875
0.0 0.47276785714285713 0.291328125 0.0675595238095238 0.1995703125
0.0 0.35788690476190477 0.3090234375 0.08110119047619048 0.22171875
0.0 0.5126488095238095 0.27265625 0.059136904761904766 0.2128515625
0.0 0.35598214285714286 0.7855078125 0.11488095238095239 0.376953125
0.0 0.49684523809523806 0.7530859375 0.12711309523809525 0.4966796875
0.0 0.9466369047619048 0.608359375 0.13345238095238096 0.425703125
0.0 0.6755059523809523 0.809921875 0.21494047619047618 0.4044140625
0.0 0.36211309523809526 0.791640625 0.11994047619047618 0.423515625
0.0 0.17711309523809524 0.7924609375 0.09461309523809523 0.4035546875
0.0 0.6898511904761905 0.2968359375 0.06589285714285714 0.2062109375
