0.0 0.4364285714285714 0.2746875 0.07940476190476191 0.2328125
0.0 0.08532738095238096 0.452734375 0.0868452380952381 0.28296875
0.0 0.7374404761904761 0.3241015625 0.08818452380952381 0.2572265625
0.0 0.8675595238095238 0.7262109375 0.17392857142857143 0.530546875
0.0 0.47276785714285713 0.291328125 0.0675595238095238 0.1995703125
0.0 0.35788690476190477 0.3090234375 0.08110119047619048 0.22171875
0.0 0.5125 0.2724609375 0.059136904761904766 0.2128515625
0.0 0.34035714285714286 0.7871484375 0.11488095238095239 0.376953125
0.0 0.4892261904761905 0.754140625 0.12122023809523809 0.4966796875
0.0 0.9613095238095238 0.6046875 0.13345238095238096 0.425703125
0.0 0.705922619047619 0.8112890625 0.21961309523809525 0.4146484375
0.0 0.38747023809523806 0.79046875 0.11994047619047618 0.423515625
0.0 0.19851190476190478 0.7938671875 0.09461309523809523 0.4035546875
0.0 0.6859226190476191 0.2961328125 0.06589285714285714 0.2062109375
