0.0 0.4364285714285714 0.2746875 0.07940476190476191 0.2328125
0.0 0.08532738095238096 0.452734375 0.0868452380952381 0.28296875
0.0 0.7374404761904761 0.3241015625 0.08818452380952381 0.2572265625
0.0 0.8675595238095238 0.7262109375 0.17392857142857143 0.530546875
0.0 0.47276785714285713 0.291328125 0.0675595238095238 0.1995703125
0.0 0.35788690476190477 0.3090234375 0.08110119047619048 0.22171875
0.0 0.5123809523809524 0.2722265625 0.059136904761904766 0.2128515625
0.0 0.325 0.7884375 0.11488095238095239 0.376953125
0.0 0.4816369047619048 0.7553125 0.11529761904761905 0.4966796875
0.0 0.9759226190476191 0.6009765625 0.13345238095238096 0.425703125
0.0 0.7393154761904762 0.80734375 0.2113690476190476 0.4146484375
0.0 0.4111011904761905 0.78875 0.11994047619047618 0.423515625
0.0 0.2237202380952381 0.795390625 0.09461309523809523 0.4035546875
0.0 0.13389880952380953 0.84203125 0.11824404761904761 0.33703125
0.0 0.6819345238095238 0.295390625 0.06589285714285714 0.2062109375
