0.0 0.4364285714285714 0.2746875 0.07940476190476191 0.2328125
0.0 0.08532738095238096 0.452734375 0.0868452380952381 0.28296875
0.0 0.7374404761904761 0.3241015625 0.08818452380952381 0.2572265625
0.0 0.8675595238095238 0.7262109375 0.17392857142857143 0.530546875
0.0 0.47276785714285713 0.291328125 0.0675595238095238 0.1995703125
0.0 0.35788690476190477 0.3090234375 0.08110119047619048 0.22171875
0.0 0.5122916666666667 0.2721484375 0.059136904761904766 0.2128515625
0.0 0.31744047619047616 0.7888671875 0.11488095238095239 0.376953125
0.0 0.477827380952381 0.7558203125 0.11235119047619048 0.4966796875
0.0 0.9832738095238095 0.599140625 0.13345238095238096 0.425703125
0.0 0.7560119047619048 0.8053515625 0.20723214285714284 0.4146484375
0.0 0.42291666666666666 0.7878515625 0.11994047619047618 0.423515625
0.0 0.2382440476190476 0.7961328125 0.09461309523809523 0.4035546875
0.0 0.14976190476190476 0.84296875 0.11824404761904761 0.33703125
0.0 0.679970238095238 0.2950390625 0.06589285714285714 0.2062109375
