0.0 0.4364285714285714 0.2746875 0.07940476190476191 0.2328125
0.0 0.08532738095238096 0.452734375 0.0868452380952381 0.28296875
0.0 0.7374404761904761 0.3241015625 0.08818452380952381 0.2572265625
0.0 0.8675595238095238 0.7262109375 0.17392857142857143 0.530546875
0.0 0.47276785714285713 0.291328125 0.0675595238095238 0.1995703125
0.0 0.35788690476190477 0.3090234375 0.08110119047619048 0.22171875
0.0 0.5122321428571429 0.2720703125 0.059136904761904766 0.2128515625
0.0 0.30991071428571426 0.7893359375 0.11488095238095239 0.376953125
0.0 0.47404761904761905 0.75640625 0.109375 0.4966796875
0.0 0.990595238095238 0.5973046875 0.13345238095238096 0.425703125
0.0 0.7727380952380952 0.8033984375 0.20309523809523808 0.4146484375
0.0 0.4347916666666667 0.7870703125 0.11994047619047618 0.423515625
0.0 0.25273809523809526 0.796875 0.09461309523809523 0.4035546875
0.0 0.1656547619047619 0.8438671875 0.11824404761904761 0.33703125
0.0 0.6780059523809524 0.294609375 0.06589285714285714 0.2062109375
