0.0 0.4364285714285714 0.2746875 0.07940476190476191 0.2328125
0.0 0.08532738095238096 0.452734375 0.0868452380952381 0.28296875
0.0 0.7374404761904761 0.3241015625 0.08818452380952381 0.2572265625
0.0 0.8675595238095238 0.7262109375 0.17392857142857143 0.530546875
0.0 0.47276785714285713 0.291328125 0.0675595238095238 0.1995703125
0.0 0.35788690476190477 0.3090234375 0.08110119047619048 0.22171875
0.0 0.5121130952380952 0.2718359375 0.059136904761904766 0.2128515625
0.0 0.29482142857142857 0.7901953125 0.11488095238095239 0.376953125
0.0 0.46360119047619053 0.7573046875 0.10642857142857143 0.4966796875
0.0 0.8061607142857143 0.799453125 0.19485119047619048 0.4146484375
0.0 0.45842261904761905 0.7853515625 0.11994047619047618 0.423515625
0.0 0.28172619047619046 0.7983203125 0.09461309523809523 0.4035546875
0.0 0.19741071428571427 0.845625 0.11824404761904761 0.33703125
0.0 0.674077380952381 0.29390625 0.06589285714285714 0.2062109375
0.0 0.630625 0.291484375 0.04729166666666667 0.22171875
