0.0 0.4364285714285714 0.2746875 0.07940476190476191 0.2328125
0.0 0.08532738095238096 0.452734375 0.0868452380952381 0.28296875
0.0 0.7374404761904761 0.3241015625 0.08818452380952381 0.2572265625
0.0 0.8675595238095238 0.7262109375 0.17392857142857143 0.530546875
0.0 0.47276785714285713 0.291328125 0.0675595238095238 0.1995703125
0.0 0.35788690476190477 0.3090234375 0.08110119047619048 0.22171875
0.0 0.5116369047619047 0.2711328125 0.059136904761904766 0.2128515625
0.0 0.24199404761904764 0.7933203125 0.11488095238095239 0.376953125
0.0 0.417202380952381 0.7596875 0.10642857142857143 0.4966796875
0.0 0.5407440476190476 0.780234375 0.11994047619047618 0.423515625
0.0 0.3832142857142857 0.803515625 0.09461309523809523 0.4035546875
0.0 0.30610119047619044 0.84890625 0.11824404761904761 0.33703125
0.0 0.6602678571428571 0.2912890625 0.06589285714285714 0.2062109375
0.0 0.6123511904761905 0.29296875 0.04729166666666667 0.22171875
