0.0 0.4364285714285714 0.2746875 0.07940476190476191 0.2328125
0.0 0.08532738095238096 0.452734375 0.0868452380952381 0.28296875
0.0 0.7374404761904761 0.3241015625 0.08818452380952381 0.2572265625
0.0 0.8675595238095238 0.7262109375 0.17392857142857143 0.530546875
0.0 0.47276785714285713 0.291328125 0.0675595238095238 0.1995703125
0.0 0.35788690476190477 0.3090234375 0.08110119047619048 0.22171875
0.0 0.5115773809523809 0.2710546875 0.059136904761904766 0.2128515625
0.0 0.2344642857142857 0.7937109375 0.11488095238095239 0.376953125
0.0 0.4105952380952381 0.76 0.10642857142857143 0.4966796875
0.0 0.5521130952380953 0.780234375 0.11994047619047618 0.423515625
0.0 0.3956547619047619 0.802890625 0.09461309523809523 0.4035546875
0.0 0.3207440476190476 0.84828125 0.11824404761904761 0.33703125
0.0 0.09687499999999999 0.841171875 0.170625 0.4212890625
0.0 0.6583035714285714 0.2909375 0.06589285714285714 0.2062109375
0.0 0.6097619047619047 0.293125 0.04729166666666667 0.22171875
