0.0 0.4364285714285714 0.2746875 0.07940476190476191 0.2328125
0.0 0.08532738095238096 0.452734375 0.0868452380952381 0.28296875
0.0 0.7374404761904761 0.3241015625 0.08818452380952381 0.2572265625
0.0 0.8675595238095238 0.7262109375 0.17392857142857143 0.530546875
0.0 0.47276785714285713 0.291328125 0.0675595238095238 0.1995703125
0.0 0.35788690476190477 0.3090234375 0.08110119047619048 0.22171875
0.0 0.5114583333333333 0.270859375 0.059136904761904766 0.2128515625
0.0 0.2193452380952381 0.7946484375 0.11488095238095239 0.376953125
0.0 0.39732142857142855 0.760703125 0.10642857142857143 0.4966796875
0.0 0.5748511904761905 0.780234375 0.11994047619047618 0.423515625
0.0 0.4205654761904762 0.8016796875 0.09461309523809523 0.4035546875
0.0 0.35 0.847109375 0.11824404761904761 0.33703125
0.0 0.12729166666666666 0.837890625 0.170625 0.4212890625
0.0 0.654375 0.2901953125 0.06589285714285714 0.2062109375
0.0 0.6045535714285715 0.293515625 0.04729166666666667 0.22171875
