0.0 0.4364285714285714 0.2746875 0.07940476190476191 0.2328125
0.0 0.08532738095238096 0.452734375 0.0868452380952381 0.28296875
0.0 0.7374404761904761 0.3241015625 0.08818452380952381 0.2572265625
0.0 0.8675595238095238 0.7262109375 0.17392857142857143 0.530546875
0.0 0.47276785714285713 0.291328125 0.0675595238095238 0.1995703125
0.0 0.35788690476190477 0.3090234375 0.08110119047619048 0.22171875
0.0 0.5111011904761904 0.2703125 0.059136904761904766 0.2128515625
0.0 0.17148809523809522 0.8195703125 0.11488095238095239 0.376953125
0.0 0.3655059523809524 0.764453125 0.10642857142857143 0.4966796875
0.0 0.6317261904761905 0.780234375 0.11994047619047618 0.423515625
0.0 0.4827380952380952 0.798671875 0.09461309523809523 0.4035546875
0.0 0.4231845238095238 0.844140625 0.11824404761904761 0.33703125
0.0 0.20330357142857144 0.82953125 0.170625 0.4212890625
0.0 0.6452678571428572 0.2951171875 0.06589285714285714 0.2062109375
0.0 0.5932738095238095 0.2972265625 0.054047619047619046 0.22171875
