0.0 0.4364285714285714 0.2746875 0.07940476190476191 0.2328125
0.0 0.08532738095238096 0.452734375 0.0868452380952381 0.28296875
0.0 0.7374404761904761 0.3241015625 0.08818452380952381 0.2572265625
0.0 0.8675595238095238 0.7262109375 0.17392857142857143 0.530546875
0.0 0.47276785714285713 0.291328125 0.0675595238095238 0.1995703125
0.0 0.35788690476190477 0.3090234375 0.08110119047619048 0.22171875
0.0 0.5108630952380953 0.2698828125 0.059136904761904766 0.2128515625
0.0 0.1332142857142857 0.83953125 0.11488095238095239 0.376953125
0.0 0.34071428571428575 0.76859375 0.10642857142857143 0.4966796875
0.0 0.6772321428571428 0.780234375 0.11994047619047618 0.423515625
0.0 0.5344940476190476 0.796875 0.09461309523809523 0.4035546875
0.0 0.48178571428571426 0.841796875 0.11824404761904761 0.33703125
0.0 0.26413690476190477 0.8229296875 0.170625 0.4212890625
0.0 0.6379464285714286 0.2990234375 0.06589285714285714 0.2062109375
0.0 0.5842559523809524 0.30015625 0.05946428571428571 0.22171875
