0.0 0.4364285714285714 0.2746875 0.07940476190476191 0.2328125
0.0 0.08532738095238096 0.452734375 0.0868452380952381 0.28296875
0.0 0.7374404761904761 0.3241015625 0.08818452380952381 0.2572265625
0.0 0.8675595238095238 0.7262109375 0.17392857142857143 0.530546875
0.0 0.47276785714285713 0.291328125 0.0675595238095238 0.1995703125
0.0 0.35788690476190477 0.3090234375 0.08110119047619048 0.22171875
0.0 0.5097321428571429 0.268203125 0.059136904761904766 0.2128515625
0.0 0.23035714285714287 0.772265625 0.10642857142857143 0.4966796875
0.0 0.8942559523809525 0.770625 0.11994047619047618 0.423515625
0.0 0.7733630952380953 0.78734375 0.09461309523809523 0.4035546875
0.0 0.570029761904762 0.786640625 0.24833333333333332 0.4212890625
0.0 0.6068749999999999 0.3156640625 0.06672619047619048 0.207734375
0.0 0.5382142857142858 0.30765625 0.0675595238095238 0.22171875
