0.0 0.4364285714285714 0.2746875 0.07940476190476191 0.2328125
0.0 0.08532738095238096 0.452734375 0.0868452380952381 0.28296875
0.0 0.7374404761904761 0.3241015625 0.08818452380952381 0.2572265625
0.0 0.8675595238095238 0.7262109375 0.17392857142857143 0.530546875
0.0 0.47276785714285713 0.291328125 0.0675595238095238 0.1995703125
0.0 0.35788690476190477 0.3090234375 0.08110119047619048 0.22171875
0.0 0.5095833333333333 0.2679296875 0.059136904761904766 0.2128515625
0.0 0.2168452380952381 0.77125 0.10642857142857143 0.4966796875
0.0 0.9167857142857143 0.7730859375 0.11994047619047618 0.423515625
0.0 0.799672619047619 0.7835546875 0.09461309523809523 0.4035546875
0.0 0.5921130952380952 0.7897265625 0.24833333333333332 0.4212890625
0.0 0.11901785714285715 0.791796875 0.15541666666666668 0.44125
0.0 0.6030357142857143 0.3176953125 0.06842261904761904 0.21078125
0.0 0.5323511904761905 0.308203125 0.0675595238095238 0.22171875
