0.0 0.4364285714285714 0.2746875 0.07940476190476191 0.2328125
0.0 0.08532738095238096 0.452734375 0.0868452380952381 0.28296875
0.0 0.7374404761904761 0.3241015625 0.08818452380952381 0.2572265625
0.0 0.8675595238095238 0.7262109375 0.17392857142857143 0.530546875
0.0 0.47276785714285713 0.291328125 0.0675595238095238 0.1995703125
0.0 0.35788690476190477 0.3090234375 0.08110119047619048 0.22171875
0.0 0.5095238095238095 0.2678515625 0.059136904761904766 0.2128515625
0.0 0.2100595238095238 0.7707421875 0.10642857142857143 0.4966796875
0.0 0.9280654761904762 0.7743359375 0.11994047619047618 0.423515625
0.0 0.8128273809523809 0.781640625 0.09461309523809523 0.4035546875
0.0 0.6032142857142857 0.79125 0.24833333333333332 0.4212890625
0.0 0.13360119047619048 0.7901171875 0.15541666666666668 0.44125
0.0 0.6011607142857143 0.31875 0.06925595238095238 0.2123046875
0.0 0.529375 0.3084765625 0.0675595238095238 0.22171875
