0.0 0.4361011904761905 0.2746875 0.07901785714285714 0.2328125
0.0 0.08532738095238096 0.452734375 0.0868452380952381 0.28296875
0.0 0.7374404761904761 0.3241015625 0.08818452380952381 0.2572265625
0.0 0.8675595238095238 0.7262109375 0.17392857142857143 0.530546875
0.0 0.47276785714285713 0.291328125 0.0675595238095238 0.1995703125
0.0 0.35788690476190477 0.3090234375 0.08110119047619048 0.22171875
0.0 0.509077380952381 0.2671484375 0.059136904761904766 0.2128515625
0.0 0.14107142857142857 0.790234375 0.10642857142857143 0.4966796875
0.0 0.9033035714285714 0.7683203125 0.09461309523809523 0.4035546875
0.0 0.6805357142857142 0.8019921875 0.24833333333333332 0.4212890625
0.0 0.23547619047619048 0.778125 0.15541666666666668 0.44125
0.0 0.587827380952381 0.326015625 0.07517857142857143 0.22296875
0.0 0.5100595238095238 0.3159765625 0.0675595238095238 0.22171875
