0.0 0.4358928571428572 0.2746875 0.07880952380952382 0.2328125
0.0 0.08532738095238096 0.452734375 0.0868452380952381 0.28296875
0.0 0.7374404761904761 0.3241015625 0.08818452380952381 0.2572265625
0.0 0.8675595238095238 0.7262109375 0.17392857142857143 0.530546875
0.0 0.47276785714285713 0.291328125 0.0675595238095238 0.1995703125
0.0 0.35788690476190477 0.3090234375 0.08110119047619048 0.22171875
0.0 0.509375 0.2667578125 0.059136904761904766 0.2128515625
0.0 0.1306547619047619 0.7935546875 0.10642857142857143 0.4966796875
0.0 0.9148809523809524 0.766484375 0.09461309523809523 0.4035546875
0.0 0.6915476190476191 0.8034765625 0.24833333333333332 0.4212890625
0.0 0.2500297619047619 0.776484375 0.15541666666666668 0.44125
0.0 0.5859523809523809 0.32703125 0.07601190476190475 0.2244921875
0.0 0.5074107142857143 0.31734375 0.0675595238095238 0.22171875
