0.0 0.4355654761904762 0.2746875 0.07842261904761905 0.2328125
0.0 0.08532738095238096 0.452734375 0.0868452380952381 0.28296875
0.0 0.7374404761904761 0.3241015625 0.08818452380952381 0.2572265625
0.0 0.8675595238095238 0.7262109375 0.17392857142857143 0.530546875
0.0 0.47276785714285713 0.291328125 0.0675595238095238 0.1995703125
0.0 0.35788690476190477 0.3090234375 0.08110119047619048 0.22171875
0.0 0.5099702380952381 0.2659375 0.059136904761904766 0.2128515625
0.0 0.10994047619047619 0.8001953125 0.10642857142857143 0.4966796875
0.0 0.9380654761904762 0.7626171875 0.09461309523809523 0.4035546875
0.0 0.7227976190476191 0.8019921875 0.24833333333333332 0.4212890625
0.0 0.2791369047619048 0.773046875 0.15541666666666668 0.44125
0.0 0.5821726190476191 0.3291015625 0.07770833333333334 0.2275390625
0.0 0.5020535714285714 0.3201171875 0.0675595238095238 0.22171875
