0.0 0.4354166666666667 0.2746875 0.07821428571428572 0.2328125
0.0 0.08532738095238096 0.452734375 0.0868452380952381 0.28296875
0.0 0.7374404761904761 0.3241015625 0.08818452380952381 0.2572265625
0.0 0.8675595238095238 0.7262109375 0.17392857142857143 0.530546875
0.0 0.47276785714285713 0.291328125 0.0675595238095238 0.1995703125
0.0 0.35788690476190477 0.3090234375 0.08110119047619048 0.22171875
0.0 0.5102678571428572 0.265546875 0.059136904761904766 0.2128515625
0.0 0.09952380952380951 0.8034765625 0.10642857142857143 0.4966796875
0.0 0.949672619047619 0.7607421875 0.09461309523809523 0.4035546875
0.0 0.7384226190476191 0.8012890625 0.24833333333333332 0.4212890625
0.0 0.29372023809523806 0.7713671875 0.15541666666666668 0.44125
0.0 0.5802678571428571 0.33015625 0.07854166666666666 0.2290625
0.0 0.49937499999999996 0.3215234375 0.0675595238095238 0.22171875
