0.0 0.4352083333333333 0.2746875 0.07803571428571428 0.2328125
0.0 0.08532738095238096 0.452734375 0.0868452380952381 0.28296875
0.0 0.7374404761904761 0.3241015625 0.08818452380952381 0.2572265625
0.0 0.8675595238095238 0.7262109375 0.17392857142857143 0.530546875
0.0 0.47276785714285713 0.291328125 0.0675595238095238 0.1995703125
0.0 0.35788690476190477 0.3090234375 0.08110119047619048 0.22171875
0.0 0.5105654761904762 0.26515625 0.059136904761904766 0.2128515625
0.0 0.08916666666666667 0.8068359375 0.10642857142857143 0.4966796875
0.0 0.9612202380952382 0.758828125 0.09461309523809523 0.4035546875
0.0 0.7540476190476191 0.8005859375 0.24833333333333332 0.4212890625
0.0 0.30586309523809524 0.77015625 0.15541666666666668 0.44125
0.0 0.5783333333333334 0.3312109375 0.07940476190476191 0.2305859375
0.0 0.49669642857142854 0.322890625 0.0675595238095238 0.22171875
