0.0 0.43488095238095237 0.2746875 0.07761904761904762 0.2328125
0.0 0.08532738095238096 0.452734375 0.0868452380952381 0.28296875
0.0 0.7374404761904761 0.3241015625 0.08818452380952381 0.2572265625
0.0 0.8675595238095238 0.7262109375 0.17392857142857143 0.530546875
0.0 0.47276785714285713 0.291328125 0.0675595238095238 0.1995703125
0.0 0.35788690476190477 0.3090234375 0.08110119047619048 0.22171875
0.0 0.5111607142857143 0.2643359375 0.059136904761904766 0.2128515625
0.0 0.06839285714285714 0.813515625 0.10642857142857143 0.4966796875
0.0 0.7852976190476191 0.7991015625 0.24833333333333332 0.4212890625
0.0 0.33017857142857143 0.7676953125 0.15541666666666668 0.44125
0.0 0.5745833333333333 0.3333203125 0.08110119047619048 0.2336328125
0.0 0.4913392857142857 0.325703125 0.0675595238095238 0.22171875
