0.0 0.43467261904761906 0.2746875 0.07744047619047618 0.2328125
0.0 0.08532738095238096 0.452734375 0.0868452380952381 0.28296875
0.0 0.7374404761904761 0.3241015625 0.08818452380952381 0.2572265625
0.0 0.8675595238095238 0.7262109375 0.17392857142857143 0.530546875
0.0 0.47276785714285713 0.291328125 0.0675595238095238 0.1995703125
0.0 0.35788690476190477 0.3090234375 0.08110119047619048 0.22171875
0.0 0.5115178571428571 0.2639453125 0.059136904761904766 0.2128515625
0.0 0.05803571428571429 0.8168359375 0.10642857142857143 0.4966796875
0.0 0.800952380952381 0.798359375 0.24833333333333332 0.4212890625
0.0 0.3423511904761905 0.766484375 0.15541666666666668 0.44125
0.0 0.5726785714285714 0.3343359375 0.08193452380952382 0.23515625
0.0 0.4886607142857143 0.32703125 0.0675595238095238 0.22171875
