0.0 0.43413690476190475 0.2746875 0.07684523809523809 0.2328125
0.0 0.08532738095238096 0.452734375 0.0868452380952381 0.28296875
0.0 0.7374404761904761 0.3241015625 0.08818452380952381 0.2572265625
0.0 0.8675595238095238 0.7262109375 0.17392857142857143 0.530546875
0.0 0.47276785714285713 0.291328125 0.0675595238095238 0.1995703125
0.0 0.35788690476190477 0.3090234375 0.08110119047619048 0.22171875
0.0 0.5123809523809524 0.2627734375 0.059136904761904766 0.2128515625
0.0 0.04029761904761905 0.8223828125 0.10642857142857143 0.4966796875
0.0 0.8477976190476191 0.7961328125 0.24833333333333332 0.4212890625
0.0 0.3788392857142857 0.7628125 0.15541666666666668 0.44125
0.0 0.5669345238095238 0.3374609375 0.08446428571428571 0.239765625
0.0 0.4806547619047619 0.33125 0.0675595238095238 0.22171875
