0.0 0.43398809523809523 0.2746875 0.07663690476190477 0.2328125
0.0 0.08532738095238096 0.452734375 0.0868452380952381 0.28296875
0.0 0.7374404761904761 0.3241015625 0.08818452380952381 0.2572265625
0.0 0.8675595238095238 0.7262109375 0.17392857142857143 0.530546875
0.0 0.47276785714285713 0.291328125 0.0675595238095238 0.1995703125
0.0 0.35788690476190477 0.3090234375 0.08110119047619048 0.22171875
0.0 0.5126785714285714 0.26234375 0.059136904761904766 0.2128515625
0.0 0.034375 0.8241796875 0.10642857142857143 0.4966796875
0.0 0.863452380952381 0.795390625 0.24833333333333332 0.4212890625
0.0 0.3910119047619047 0.7616015625 0.15541666666666668 0.44125
0.0 0.5650297619047618 0.338515625 0.08529761904761905 0.2412890625
0.0 0.47800595238095245 0.332578125 0.0675595238095238 0.22171875
