0.0 0.4327083333333333 0.2746875 0.07526785714285714 0.2328125
0.0 0.08532738095238096 0.452734375 0.0868452380952381 0.28296875
0.0 0.7374404761904761 0.3241015625 0.08818452380952381 0.2572265625
0.0 0.8675595238095238 0.7262109375 0.17392857142857143 0.530546875
0.0 0.47276785714285713 0.291328125 0.0675595238095238 0.1995703125
0.0 0.35788690476190477 0.3090234375 0.08110119047619048 0.22171875
0.0 0.5147916666666666 0.25953125 0.059136904761904766 0.2128515625
0.0 0.9759226190476191 0.7976171875 0.24833333333333332 0.4212890625
0.0 0.4761607142857143 0.753046875 0.15541666666666668 0.44125
0.0 0.5517559523809523 0.34578125 0.09122023809523809 0.251953125
0.0 0.4592559523809524 0.3423046875 0.0675595238095238 0.22171875
