0.0 0.43238095238095237 0.2746875 0.07488095238095238 0.2328125
0.0 0.08532738095238096 0.452734375 0.0868452380952381 0.28296875
0.0 0.7374404761904761 0.3241015625 0.08818452380952381 0.2572265625
0.0 0.8675595238095238 0.7262109375 0.17392857142857143 0.530546875
0.0 0.47276785714285713 0.291328125 0.0675595238095238 0.1995703125
0.0 0.35788690476190477 0.3090234375 0.08110119047619048 0.22171875
0.0 0.5153869047619047 0.2587109375 0.059136904761904766 0.2128515625
0.0 1.0082142857142857 0.79859375 0.24833333333333332 0.4212890625
0.0 0.5005059523809523 0.750625 0.15541666666666668 0.44125
0.0 0.5479464285714286 0.3478515625 0.09291666666666666 0.255
0.0 0.4563392857142857 0.343828125 0.0675595238095238 0.22171875
