0.0 0.4311607142857143 0.2746875 0.07351190476190476 0.2328125
0.0 0.08532738095238096 0.452734375 0.0868452380952381 0.28296875
0.0 0.7374404761904761 0.3241015625 0.08818452380952381 0.2572265625
0.0 0.8675595238095238 0.7262109375 0.17392857142857143 0.530546875
0.0 0.47276785714285713 0.291328125 0.0675595238095238 0.1995703125
0.0 0.35788690476190477 0.3090234375 0.08110119047619048 0.22171875
0.0 0.5175 0.2559375 0.059136904761904766 0.2128515625
0.0 0.5876488095238095 0.7602734375 0.170625 0.47671875
0.0 0.5304464285714285 0.3546875 0.09291666666666666 0.255
0.0 0.44622023809523814 0.348984375 0.0675595238095238 0.22171875
