0.0 0.4300892857142857 0.2746875 0.07232142857142858 0.2328125
0.0 0.08532738095238096 0.452734375 0.0868452380952381 0.28296875
0.0 0.7374404761904761 0.3241015625 0.08818452380952381 0.2572265625
0.0 0.8675595238095238 0.7262109375 0.17392857142857143 0.530546875
0.0 0.47276785714285713 0.291328125 0.0675595238095238 0.1995703125
0.0 0.35788690476190477 0.3090234375 0.08110119047619048 0.22171875
0.0 0.5159821428571428 0.2567578125 0.059136904761904766 0.2128515625
0.0 0.6737797619047619 0.75140625 0.170625 0.47671875
0.0 0.5154464285714285 0.360546875 0.09291666666666666 0.255
0.0 0.4375297619047619 0.3533984375 0.0675595238095238 0.22171875
