0.0 0.42875 0.2750390625 0.07080357142857142 0.2335546875
0.0 0.08532738095238096 0.452734375 0.0868452380952381 0.28296875
0.0 0.7374404761904761 0.3241015625 0.08818452380952381 0.2572265625
0.0 0.8675595238095238 0.7262109375 0.17392857142857143 0.530546875
0.0 0.47276785714285713 0.291328125 0.0675595238095238 0.1995703125
0.0 0.35788690476190477 0.3090234375 0.08110119047619048 0.22171875
0.0 0.5116369047619047 0.259921875 0.059136904761904766 0.2128515625
0.0 0.7864285714285715 0.7418359375 0.170625 0.47671875
0.0 0.49544642857142857 0.368359375 0.09291666666666666 0.255
0.0 0.42392857142857143 0.3612109375 0.0675595238095238 0.2240625
0.0 0.663422619047619 0.270703125 0.07770833333333334 0.22171875
