0.0 0.4286607142857143 0.2754296875 0.07062500000000001 0.234296875
0.0 0.08532738095238096 0.452734375 0.0868452380952381 0.28296875
0.0 0.7374404761904761 0.3241015625 0.08818452380952381 0.2572265625
0.0 0.8675595238095238 0.7262109375 0.17392857142857143 0.530546875
0.0 0.47276785714285713 0.291328125 0.0675595238095238 0.1995703125
0.0 0.35788690476190477 0.3090234375 0.08110119047619048 0.22171875
0.0 0.5111011904761904 0.2603515625 0.059136904761904766 0.2128515625
0.0 0.800297619047619 0.74078125 0.170625 0.47671875
0.0 0.49294642857142856 0.3693359375 0.09291666666666666 0.255
0.0 0.4214880952380953 0.3628515625 0.0675595238095238 0.225234375
0.0 0.6605357142857142 0.2698046875 0.07770833333333334 0.22171875
