0.0 0.42857142857142855 0.27578125 0.07047619047619047 0.2350390625
0.0 0.08532738095238096 0.452734375 0.0868452380952381 0.28296875
0.0 0.7374404761904761 0.3241015625 0.08818452380952381 0.2572265625
0.0 0.8675595238095238 0.7262109375 0.17392857142857143 0.530546875
0.0 0.47276785714285713 0.291328125 0.0675595238095238 0.1995703125
0.0 0.35788690476190477 0.3090234375 0.08110119047619048 0.22171875
0.0 0.5105654761904762 0.2607421875 0.059136904761904766 0.2128515625
0.0 0.8141964285714286 0.739765625 0.170625 0.47671875
0.0 0.49044642857142856 0.3703125 0.09291666666666666 0.255
0.0 0.4190178571428571 0.364609375 0.0675595238095238 0.2263671875
0.0 0.6577083333333333 0.2689453125 0.07770833333333334 0.22171875
