0.0 0.428422619047619 0.2765234375 0.07014880952380953 0.2365234375
0.0 0.08532738095238096 0.452734375 0.0868452380952381 0.28296875
0.0 0.7374404761904761 0.3241015625 0.08818452380952381 0.2572265625
0.0 0.8675595238095238 0.7262109375 0.17392857142857143 0.530546875
0.0 0.47276785714285713 0.291328125 0.0675595238095238 0.1995703125
0.0 0.35788690476190477 0.3090234375 0.08110119047619048 0.22171875
0.0 0.5094940476190476 0.2615234375 0.059136904761904766 0.2128515625
0.0 0.8420238095238096 0.7377734375 0.170625 0.47671875
0.0 0.4854464285714286 0.372265625 0.09291666666666666 0.255
0.0 0.4141369047619048 0.3680078125 0.0675595238095238 0.2287109375
0.0 0.6519642857142858 0.267265625 0.07770833333333334 0.22171875
