0.0 0.42827380952380956 0.277265625 0.06982142857142858 0.23796875
0.0 0.08532738095238096 0.452734375 0.0868452380952381 0.28296875
0.0 0.7374404761904761 0.3241015625 0.08818452380952381 0.2572265625
0.0 0.8675595238095238 0.7262109375 0.17392857142857143 0.530546875
0.0 0.47276785714285713 0.291328125 0.0675595238095238 0.1995703125
0.0 0.35788690476190477 0.3090234375 0.08110119047619048 0.22171875
0.0 0.5084226190476191 0.26234375 0.059136904761904766 0.2128515625
0.0 0.8698511904761904 0.735703125 0.170625 0.47671875
0.0 0.4802380952380953 0.37703125 0.09404761904761905 0.255625
0.0 0.40919642857142857 0.371328125 0.0675595238095238 0.231015625
0.0 0.64625 0.265546875 0.07770833333333334 0.22171875
