0.0 0.4280059523809524 0.2783984375 0.0693452380952381 0.2401953125
0.0 0.08532738095238096 0.452734375 0.0868452380952381 0.28296875
0.0 0.7374404761904761 0.3241015625 0.08818452380952381 0.2572265625
0.0 0.8675595238095238 0.7262109375 0.17392857142857143 0.530546875
0.0 0.47276785714285713 0.291328125 0.0675595238095238 0.1995703125
0.0 0.35788690476190477 0.3090234375 0.08110119047619048 0.22171875
0.0 0.5068154761904762 0.263515625 0.059136904761904766 0.2128515625
0.0 0.9091071428571428 0.735 0.170625 0.47671875
0.0 0.47244047619047624 0.384140625 0.09574404761904762 0.256640625
0.0 0.401875 0.37640625 0.0675595238095238 0.2344921875
0.0 0.6388095238095237 0.2648828125 0.07770833333333334 0.22171875
