0.0 0.42794642857142856 0.27875 0.06919642857142858 0.2409375
0.0 0.08532738095238096 0.452734375 0.0868452380952381 0.28296875
0.0 0.7374404761904761 0.3241015625 0.08818452380952381 0.2572265625
0.0 0.8675595238095238 0.7262109375 0.17392857142857143 0.530546875
0.0 0.47276785714285713 0.291328125 0.0675595238095238 0.1995703125
0.0 0.35788690476190477 0.3090234375 0.08110119047619048 0.22171875
0.0 0.506279761904762 0.2639453125 0.059136904761904766 0.2128515625
0.0 0.9206249999999999 0.736328125 0.170625 0.47671875
0.0 0.46988095238095234 0.3865234375 0.09627976190476191 0.256953125
0.0 0.3994047619047619 0.3780859375 0.0675595238095238 0.2356640625
0.0 0.6365178571428571 0.265 0.07770833333333334 0.22171875
