0.0 0.4276488095238095 0.280234375 0.06854166666666667 0.24390625
0.0 0.08532738095238096 0.452734375 0.0868452380952381 0.28296875
0.0 0.7374404761904761 0.3241015625 0.08818452380952381 0.2572265625
0.0 0.8675595238095238 0.7262109375 0.17392857142857143 0.530546875
0.0 0.47276785714285713 0.291328125 0.0675595238095238 0.1995703125
0.0 0.35788690476190477 0.3090234375 0.08110119047619048 0.22171875
0.0 0.5041071428571429 0.2655078125 0.059136904761904766 0.2128515625
0.0 0.9665773809523809 0.741640625 0.170625 0.47671875
0.0 0.4594642857142857 0.396015625 0.09854166666666667 0.25828125
0.0 0.38961309523809523 0.38484375 0.0675595238095238 0.2403125
0.0 0.6273214285714286 0.2653125 0.07770833333333334 0.22171875
