0.0 0.42752976190476194 0.2805859375 0.06839285714285714 0.2446484375
0.0 0.08532738095238096 0.452734375 0.0868452380952381 0.28296875
0.0 0.7374404761904761 0.3241015625 0.08818452380952381 0.2572265625
0.0 0.8675595238095238 0.7262109375 0.17392857142857143 0.530546875
0.0 0.47276785714285713 0.291328125 0.0675595238095238 0.1995703125
0.0 0.35788690476190477 0.3090234375 0.08110119047619048 0.22171875
0.0 0.5035714285714286 0.2658984375 0.059136904761904766 0.2128515625
0.0 0.9780357142857143 0.74296875 0.170625 0.47671875
0.0 0.456875 0.3984375 0.09910714285714285 0.25859375
0.0 0.38711309523809523 0.3865625 0.0675595238095238 0.241484375
0.0 0.625 0.265390625 0.07770833333333334 0.22171875
