0.0 0.4274702380952381 0.2809765625 0.06821428571428571 0.245390625
0.0 0.08532738095238096 0.452734375 0.0868452380952381 0.28296875
0.0 0.7374404761904761 0.3241015625 0.08818452380952381 0.2572265625
0.0 0.8675595238095238 0.7262109375 0.17392857142857143 0.530546875
0.0 0.47276785714285713 0.291328125 0.0675595238095238 0.1995703125
0.0 0.35788690476190477 0.3090234375 0.08110119047619048 0.22171875
0.0 0.5030654761904761 0.2662890625 0.059136904761904766 0.2128515625
0.0 0.9895238095238096 0.744296875 0.170625 0.47671875
0.0 0.45425595238095234 0.4008203125 0.09967261904761905 0.2589453125
0.0 0.38467261904761907 0.388203125 0.0675595238095238 0.24265625
0.0 0.6227380952380953 0.2655078125 0.07770833333333334 0.22171875
