0.0 0.42738095238095236 0.281328125 0.06806547619047619 0.2461328125
0.0 0.08532738095238096 0.452734375 0.0868452380952381 0.28296875
0.0 0.7374404761904761 0.3241015625 0.08818452380952381 0.2572265625
0.0 0.8675595238095238 0.7262109375 0.17392857142857143 0.530546875
0.0 0.47276785714285713 0.291328125 0.0675595238095238 0.1995703125
0.0 0.35788690476190477 0.3090234375 0.08110119047619048 0.22171875
0.0 0.5025000000000001 0.26671875 0.059136904761904766 0.2128515625
0.0 1.0010119047619046 0.745625 0.170625 0.47671875
0.0 0.45166666666666666 0.403203125 0.10023809523809524 0.2592578125
0.0 0.38223214285714285 0.3898828125 0.0675595238095238 0.2437890625
0.0 0.6204464285714286 0.265625 0.07770833333333334 0.22171875
