0.0 0.4269047619047619 0.2835546875 0.06708333333333333 0.250546875
0.0 0.08532738095238096 0.452734375 0.0868452380952381 0.28296875
0.0 0.7374404761904761 0.3241015625 0.08818452380952381 0.2572265625
0.0 0.8675595238095238 0.7262109375 0.17392857142857143 0.530546875
0.0 0.47276785714285713 0.291328125 0.0675595238095238 0.1995703125
0.0 0.35788690476190477 0.3090234375 0.08110119047619048 0.22171875
0.0 0.4992857142857143 0.2691015625 0.059136904761904766 0.2128515625
0.0 0.4361011904761905 0.4175 0.10360119047619049 0.26125
0.0 0.3675 0.400078125 0.0675595238095238 0.25078125
0.0 0.6066071428571428 0.26609375 0.07770833333333334 0.22171875
