0.0 0.4266964285714286 0.2846484375 0.06660714285714285 0.2527734375
0.0 0.08532738095238096 0.452734375 0.0868452380952381 0.28296875
0.0 0.7374404761904761 0.3241015625 0.08818452380952381 0.2572265625
0.0 0.8675595238095238 0.7262109375 0.17392857142857143 0.530546875
0.0 0.47276785714285713 0.291328125 0.0675595238095238 0.1995703125
0.0 0.35788690476190477 0.3090234375 0.08110119047619048 0.22171875
0.0 0.4976488095238095 0.2703125 0.059136904761904766 0.2128515625
0.0 0.4283035714285714 0.424609375 0.10529761904761906 0.2622265625
0.0 0.36014880952380957 0.40515625 0.0675595238095238 0.2542578125
0.0 0.5997619047619048 0.2663671875 0.07770833333333334 0.22171875
