0.0 0.426577380952381 0.2850390625 0.06645833333333333 0.253515625
0.0 0.08532738095238096 0.452734375 0.0868452380952381 0.28296875
0.0 0.7374404761904761 0.3241015625 0.08818452380952381 0.2572265625
0.0 0.8675595238095238 0.7262109375 0.17392857142857143 0.530546875
0.0 0.47276785714285713 0.291328125 0.0675595238095238 0.1995703125
0.0 0.35788690476190477 0.3090234375 0.08110119047619048 0.22171875
0.0 0.4971130952380952 0.270703125 0.059136904761904766 0.2128515625
0.0 0.42574404761904766 0.4269921875 0.10586309523809524 0.2625390625
0.0 0.35770833333333335 0.4068359375 0.0675595238095238 0.2554296875
0.0 0.5974702380952381 0.266484375 0.07770833333333334 0.22171875
