0.0 0.42651785714285717 0.285390625 0.0662797619047619 0.2542578125
0.0 0.08532738095238096 0.452734375 0.0868452380952381 0.28296875
0.0 0.7374404761904761 0.3241015625 0.08818452380952381 0.2572265625
0.0 0.8675595238095238 0.7262109375 0.17392857142857143 0.530546875
0.0 0.47276785714285713 0.291328125 0.0675595238095238 0.1995703125
0.0 0.35788690476190477 0.3090234375 0.08110119047619048 0.22171875
0.0 0.4965773809523809 0.2711328125 0.059136904761904766 0.2128515625
0.0 0.4231547619047619 0.4294140625 0.10642857142857143 0.262890625
0.0 0.35526785714285714 0.408515625 0.0675595238095238 0.2565625
0.0 0.5951488095238096 0.2665625 0.07770833333333334 0.22171875
