0.0 0.42639880952380954 0.28578125 0.06613095238095237 0.255
0.0 0.08532738095238096 0.452734375 0.0868452380952381 0.28296875
0.0 0.7374404761904761 0.3241015625 0.08818452380952381 0.2572265625
0.0 0.8675595238095238 0.7262109375 0.17392857142857143 0.530546875
0.0 0.47276785714285713 0.291328125 0.0675595238095238 0.1995703125
0.0 0.35788690476190477 0.3090234375 0.08110119047619048 0.22171875
0.0 0.4960416666666666 0.2715234375 0.059136904761904766 0.2128515625
0.0 0.42050595238095234 0.4317578125 0.10699404761904763 0.263203125
0.0 0.35276785714285713 0.4101953125 0.0675595238095238 0.257734375
0.0 0.5928571428571429 0.266640625 0.07770833333333334 0.22171875
