0.0 0.4263392857142857 0.2861328125 0.06595238095238096 0.2557421875
0.0 0.08532738095238096 0.452734375 0.0868452380952381 0.28296875
0.0 0.7374404761904761 0.3241015625 0.08818452380952381 0.2572265625
0.0 0.8675595238095238 0.7262109375 0.17392857142857143 0.530546875
0.0 0.47276785714285713 0.291328125 0.0675595238095238 0.1995703125
0.0 0.35788690476190477 0.3090234375 0.08110119047619048 0.22171875
0.0 0.4955059523809524 0.2719140625 0.059136904761904766 0.2128515625
0.0 0.41788690476190476 0.434140625 0.10755952380952381 0.263515625
0.0 0.3503273809523809 0.4119140625 0.0675595238095238 0.25890625
0.0 0.5905654761904762 0.26671875 0.07770833333333334 0.22171875
