0.0 0.42625 0.2865234375 0.06580357142857143 0.256484375
0.0 0.08532738095238096 0.452734375 0.0868452380952381 0.28296875
0.0 0.7374404761904761 0.3241015625 0.08818452380952381 0.2572265625
0.0 0.8675595238095238 0.7262109375 0.17392857142857143 0.530546875
0.0 0.47276785714285713 0.291328125 0.0675595238095238 0.1995703125
0.0 0.35788690476190477 0.3090234375 0.08110119047619048 0.22171875
0.0 0.4949702380952381 0.27234375 0.059136904761904766 0.2128515625
0.0 0.41535714285714287 0.4365234375 0.108125 0.2638671875
0.0 0.34788690476190476 0.41359375 0.0675595238095238 0.260078125
0.0 0.5882738095238095 0.2668359375 0.07770833333333334 0.22171875
