0.0 0.42556547619047624 0.28984375 0.0643452380952381 0.263125
0.0 0.08532738095238096 0.452734375 0.0868452380952381 0.28296875
0.0 0.7374404761904761 0.3241015625 0.08818452380952381 0.2572265625
0.0 0.8675595238095238 0.7262109375 0.17392857142857143 0.530546875
0.0 0.47276785714285713 0.291328125 0.0675595238095238 0.1995703125
0.0 0.35788690476190477 0.3090234375 0.08110119047619048 0.22171875
0.0 0.49270833333333336 0.2758984375 0.059136904761904766 0.2128515625
0.0 0.3843452380952381 0.4454296875 0.108125 0.2638671875
0.0 0.3258035714285714 0.4287890625 0.0675595238095238 0.2705078125
0.0 0.5707738095238095 0.2735546875 0.07770833333333334 0.22171875
