0.0 0.44458333333333333 0.3048828125 0.06419642857142857 0.2638671875
0.0 0.08532738095238096 0.452734375 0.0868452380952381 0.28296875
0.0 0.7374404761904761 0.3241015625 0.08818452380952381 0.2572265625
0.0 0.8675595238095238 0.7262109375 0.17392857142857143 0.530546875
0.0 0.47276785714285713 0.291328125 0.0675595238095238 0.1995703125
0.0 0.35788690476190477 0.3090234375 0.08110119047619048 0.22171875
0.0 0.4887202380952381 0.2830859375 0.059136904761904766 0.2128515625
0.0 0.3224404761904762 0.463125 0.108125 0.2638671875
0.0 0.26264880952380953 0.4502734375 0.0675595238095238 0.2705078125
0.0 0.5392857142857143 0.28765625 0.07770833333333334 0.22171875
0.0 0.8266964285714286 0.3601953125 0.09122023809523809 0.261640625
0.0 0.8779464285714286 0.3883203125 0.09122023809523809 0.2594140625
