0.0 0.45163690476190477 0.304609375 0.06419642857142857 0.2638671875
0.0 0.08532738095238096 0.452734375 0.0868452380952381 0.28296875
0.0 0.7374404761904761 0.3241015625 0.08818452380952381 0.2572265625
0.0 0.8675595238095238 0.7262109375 0.17392857142857143 0.530546875
0.0 0.47276785714285713 0.291328125 0.0675595238095238 0.1995703125
0.0 0.35788690476190477 0.3090234375 0.08110119047619048 0.22171875
0.0 0.4874107142857143 0.2855078125 0.059136904761904766 0.2128515625
0.0 0.29874999999999996 0.4694140625 0.108125 0.2638671875
0.0 0.24157738095238096 0.4574609375 0.0675595238095238 0.2705078125
0.0 0.5360714285714285 0.290078125 0.07770833333333334 0.22171875
0.0 0.8009821428571429 0.36359375 0.09122023809523809 0.261640625
0.0 0.8517559523809524 0.3966015625 0.09122023809523809 0.2594140625
