0.0 0.46113095238095236 0.3028515625 0.06419642857142857 0.2638671875
0.0 0.08532738095238096 0.452734375 0.0868452380952381 0.28296875
0.0 0.7374404761904761 0.3241015625 0.08818452380952381 0.2572265625
0.0 0.8675595238095238 0.7262109375 0.17392857142857143 0.530546875
0.0 0.47276785714285713 0.291328125 0.0675595238095238 0.1995703125
0.0 0.35788690476190477 0.3090234375 0.08110119047619048 0.22171875
0.0 0.4856845238095238 0.2887109375 0.059136904761904766 0.2128515625
0.0 0.26723214285714286 0.4778125 0.108125 0.2638671875
0.0 0.2113095238095238 0.46375 0.0675595238095238 0.2705078125
0.0 0.5317559523809523 0.2933203125 0.07770833333333334 0.22171875
0.0 0.7643154761904762 0.3742578125 0.09122023809523809 0.261640625
0.0 0.8168154761904761 0.407734375 0.09122023809523809 0.2594140625
