0.0 0.4658630952380952 0.3019921875 0.06419642857142857 0.2638671875
0.0 0.08532738095238096 0.452734375 0.0868452380952381 0.28296875
0.0 0.7374404761904761 0.3241015625 0.08818452380952381 0.2572265625
0.0 0.8675595238095238 0.7262109375 0.17392857142857143 0.530546875
0.0 0.47276785714285713 0.291328125 0.0675595238095238 0.1995703125
0.0 0.35788690476190477 0.3090234375 0.08110119047619048 0.22171875
0.0 0.46473214285714287 0.2859765625 0.059136904761904766 0.2128515625
0.0 0.25148809523809523 0.4819921875 0.108125 0.2638671875
0.0 0.19580357142857144 0.466328125 0.0675595238095238 0.2705078125
0.0 0.5295833333333333 0.294921875 0.07770833333333334 0.22171875
0.0 0.7459821428571429 0.3795703125 0.09122023809523809 0.261640625
0.0 0.799404761904762 0.41328125 0.09122023809523809 0.2594140625
