0.0 0.47008928571428565 0.3013671875 0.06419642857142857 0.2638671875
0.0 0.08532738095238096 0.452734375 0.0868452380952381 0.28296875
0.0 0.7374404761904761 0.3241015625 0.08818452380952381 0.2572265625
0.0 0.8675595238095238 0.7262109375 0.17392857142857143 0.530546875
0.0 0.47276785714285713 0.291328125 0.0675595238095238 0.1995703125
0.0 0.35788690476190477 0.3090234375 0.08110119047619048 0.22171875
0.0 0.4371130952380953 0.2817578125 0.059136904761904766 0.2128515625
0.0 0.23568452380952382 0.4862109375 0.108125 0.2638671875
0.0 0.18029761904761904 0.468984375 0.0675595238095238 0.2705078125
0.0 0.5267261904761904 0.29578125 0.07770833333333334 0.22171875
0.0 0.7276488095238095 0.3848828125 0.09122023809523809 0.261640625
0.0 0.7819345238095239 0.418828125 0.09122023809523809 0.2594140625
