0.0 0.47220238095238093 0.301640625 0.06419642857142857 0.2638671875
0.0 0.08532738095238096 0.452734375 0.0868452380952381 0.28296875
0.0 0.7374404761904761 0.3241015625 0.08818452380952381 0.2572265625
0.0 0.8675595238095238 0.7262109375 0.17392857142857143 0.530546875
0.0 0.47276785714285713 0.291328125 0.0675595238095238 0.1995703125
0.0 0.35788690476190477 0.3090234375 0.08110119047619048 0.22171875
0.0 0.4316964285714286 0.2797265625 0.059136904761904766 0.2128515625
0.0 0.2238690476190476 0.489296875 0.108125 0.2638671875
0.0 0.1687202380952381 0.4709375 0.0675595238095238 0.2705078125
0.0 0.5239880952380952 0.29578125 0.07770833333333334 0.22171875
0.0 0.7138690476190477 0.3888671875 0.09122023809523809 0.261640625
0.0 0.7611607142857143 0.4201171875 0.09122023809523809 0.2594140625
