0.0 0.4736011904761905 0.3018359375 0.06419642857142857 0.2638671875
0.0 0.08532738095238096 0.452734375 0.0868452380952381 0.28296875
0.0 0.7374404761904761 0.3241015625 0.08818452380952381 0.2572265625
0.0 0.8675595238095238 0.7262109375 0.17392857142857143 0.530546875
0.0 0.47276785714285713 0.291328125 0.0675595238095238 0.1995703125
0.0 0.35788690476190477 0.3090234375 0.08110119047619048 0.22171875
0.0 0.4280952380952381 0.2783984375 0.059136904761904766 0.2128515625
0.0 0.21598214285714284 0.4914453125 0.108125 0.2638671875
0.0 0.159375 0.4742578125 0.06854166666666667 0.2705078125
0.0 0.5222321428571428 0.29578125 0.07770833333333334 0.22171875
0.0 0.7046726190476191 0.3915234375 0.09122023809523809 0.261640625
0.0 0.7472916666666667 0.421015625 0.09122023809523809 0.2594140625
