0.0 0.47994047619047614 0.30265625 0.06419642857142857 0.2638671875
0.0 0.08532738095238096 0.452734375 0.0868452380952381 0.28296875
0.0 0.7374404761904761 0.3241015625 0.08818452380952381 0.2572265625
0.0 0.8675595238095238 0.7262109375 0.17392857142857143 0.530546875
0.0 0.47276785714285713 0.291328125 0.0675595238095238 0.1995703125
0.0 0.35788690476190477 0.3090234375 0.08110119047619048 0.22171875
0.0 0.4169642857142857 0.2751953125 0.059136904761904766 0.2128515625
0.0 0.18053571428571427 0.500859375 0.108125 0.2638671875
0.0 0.11738095238095238 0.4894921875 0.07288690476190476 0.2705078125
0.0 0.5150297619047619 0.29578125 0.07770833333333334 0.22171875
0.0 0.6634523809523809 0.403515625 0.09122023809523809 0.261640625
0.0 0.695029761904762 0.4271875 0.09122023809523809 0.2594140625
