0.0 0.4820535714285714 0.3029296875 0.06419642857142857 0.2638671875
0.0 0.08532738095238096 0.452734375 0.0868452380952381 0.28296875
0.0 0.7374404761904761 0.3241015625 0.08818452380952381 0.2572265625
0.0 0.8675595238095238 0.7262109375 0.17392857142857143 0.530546875
0.0 0.47276785714285713 0.291328125 0.0675595238095238 0.1995703125
0.0 0.35788690476190477 0.3090234375 0.08110119047619048 0.22171875
0.0 0.41535714285714287 0.2754296875 0.059136904761904766 0.2128515625
0.0 0.16773809523809524 0.5048828125 0.10919642857142857 0.2705078125
0.0 0.10336309523809523 0.4945703125 0.0743452380952381 0.2705078125
0.0 0.5150297619047619 0.29578125 0.07770833333333334 0.22171875
0.0 0.649672619047619 0.4074609375 0.09122023809523809 0.261640625
0.0 0.6817559523809523 0.4301171875 0.09122023809523809 0.2594140625
0.0 0.8456845238095237 0.36890625 0.07264880952380952 0.3237109375
