0.0 0.4863095238095238 0.303515625 0.06419642857142857 0.2638671875
0.0 0.08532738095238096 0.452734375 0.0868452380952381 0.28296875
0.0 0.7374404761904761 0.3241015625 0.08818452380952381 0.2572265625
0.0 0.8675595238095238 0.7262109375 0.17392857142857143 0.530546875
0.0 0.47276785714285713 0.291328125 0.0675595238095238 0.1995703125
0.0 0.35788690476190477 0.3090234375 0.08110119047619048 0.22171875
0.0 0.4100595238095238 0.27609375 0.059136904761904766 0.2128515625
0.0 0.12505952380952381 0.51828125 0.11273809523809525 0.2926953125
0.0 0.05776785714285714 0.5041796875 0.07770833333333334 0.2705078125
0.0 0.5150297619047619 0.29578125 0.07770833333333334 0.22171875
0.0 0.5975892857142857 0.402578125 0.09122023809523809 0.261640625
0.0 0.6376488095238095 0.44 0.09122023809523809 0.2594140625
0.0 0.8034523809523809 0.37109375 0.07264880952380952 0.3237109375
0.0 0.8697916666666666 0.38328125 0.10473214285714286 0.3126171875
