0.0 0.4863095238095238 0.303515625 0.06419642857142857 0.2638671875
0.0 0.08532738095238096 0.452734375 0.0868452380952381 0.28296875
0.0 0.7374404761904761 0.3241015625 0.08818452380952381 0.2572265625
0.0 0.8675595238095238 0.7262109375 0.17392857142857143 0.530546875
0.0 0.47276785714285713 0.291328125 0.0675595238095238 0.1995703125
0.0 0.35788690476190477 0.3090234375 0.08110119047619048 0.22171875
0.0 0.41443452380952384 0.2812109375 0.059136904761904766 0.2128515625
0.0 0.5150297619047619 0.29578125 0.07770833333333334 0.22171875
0.0 0.46145833333333336 0.440078125 0.09461309523809523 0.2882421875
0.0 0.4935416666666667 0.4769140625 0.09122023809523809 0.2594140625
0.0 0.6679166666666666 0.399921875 0.07264880952380952 0.3237109375
0.0 0.7224702380952381 0.4175 0.10473214285714286 0.3126171875
