0.0 0.4863095238095238 0.303515625 0.06419642857142857 0.2638671875
0.0 0.08532738095238096 0.452734375 0.0868452380952381 0.28296875
0.0 0.7374404761904761 0.3241015625 0.08818452380952381 0.2572265625
0.0 0.8675595238095238 0.7262109375 0.17392857142857143 0.530546875
0.0 0.35788690476190477 0.3090234375 0.08110119047619048 0.22171875
0.0 0.4188392857142857 0.2919140625 0.059136904761904766 0.2128515625
0.0 0.5150297619047619 0.29578125 0.07770833333333334 0.22171875
0.0 0.31839285714285714 0.455234375 0.09461309523809523 0.2882421875
0.0 0.3419345238095238 0.5205859375 0.09122023809523809 0.2594140625
0.0 0.5392857142857143 0.414453125 0.07264880952380952 0.3237109375
0.0 0.5897321428571429 0.4454296875 0.10473214285714286 0.3126171875
0.0 0.6495238095238095 0.286640625 0.10136904761904762 0.2350390625
