2.0 0.3194345238095238 0.6113671875 0.11452380952380951 0.0974609375
2.0 0.4392261904761905 0.89625 0.14392857142857143 0.1379296875
2.0 0.143125 0.6387890625 0.10223214285714285 0.0951953125
2.0 0.18577380952380954 0.3506640625 0.16973214285714286 0.1046484375
2.0 0.17964285714285713 0.388359375 0.06491071428571428 0.0432421875
2.0 0.17693452380952382 0.4182421875 0.07005952380952381 0.0559765625
2.0 0.45014880952380953 0.491640625 0.10220238095238096 0.07328125
2.0 0.5919345238095237 0.457265625 0.08339285714285714 0.059375
2.0 0.3597619047619047 0.380625 0.23529761904761906 0.1544140625
2.0 0.4791964285714285 0.3601171875 0.08154761904761905 0.071171875
2.0 0.7088095238095238 0.44609375 0.08452380952380951 0.0547265625
2.0 0.7880357142857142 0.587421875 0.10654761904761904 0.0676953125
2.0 0.8111309523809525 0.68015625 0.11449404761904762 0.0853515625
2.0 0.8505952380952382 0.5783984375 0.09508928571428571 0.061484375
