2.0 0.33672619047619046 0.6211328125 0.11708333333333334 0.0974609375
2.0 0.4583630952380952 0.906171875 0.14791666666666667 0.1353125
2.0 0.15580357142857143 0.6464453125 0.10366071428571429 0.096328125
2.0 0.18223214285714284 0.3498046875 0.16220238095238096 0.1004296875
2.0 0.17279761904761906 0.3857421875 0.06416666666666666 0.04296875
2.0 0.16922619047619047 0.415546875 0.06973214285714285 0.055546875
2.0 0.4399702380952381 0.4876953125 0.101875 0.0730078125
2.0 0.5821726190476191 0.45390625 0.08300595238095239 0.0590625
2.0 0.35351190476190475 0.3787109375 0.23360119047619046 0.1544140625
2.0 0.47294642857142855 0.358203125 0.08178571428571428 0.07125
2.0 0.7015773809523809 0.44375 0.08413690476190476 0.0544140625
2.0 0.7768749999999999 0.583125 0.10601190476190475 0.0673046875
2.0 0.7947321428571428 0.6737109375 0.11386904761904762 0.0851171875
2.0 0.8386011904761904 0.57421875 0.09526785714285714 0.061484375
