2.0 0.3539880952380952 0.630859375 0.11964285714285715 0.0974609375
2.0 0.4775 0.91609375 0.1519345238095238 0.1326953125
2.0 0.16851190476190475 0.6541015625 0.10508928571428572 0.0974609375
2.0 0.3495833333333333 0.916484375 0.1382142857142857 0.1214453125
2.0 0.18011904761904762 0.34875 0.15800595238095239 0.0984375
2.0 0.16595238095238093 0.3831640625 0.06339285714285714 0.042734375
2.0 0.16151785714285716 0.4128515625 0.06943452380952381 0.05515625
2.0 0.4297916666666667 0.4837109375 0.10151785714285715 0.0727734375
2.0 0.5723809523809523 0.4505859375 0.08261904761904762 0.05875
2.0 0.34729166666666667 0.3767578125 0.231875 0.1544140625
2.0 0.46672619047619046 0.356328125 0.08202380952380953 0.0712890625
2.0 0.694375 0.44140625 0.0837797619047619 0.0541015625
2.0 0.7657142857142857 0.57890625 0.10547619047619047 0.066953125
2.0 0.7783630952380951 0.6671875 0.11327380952380953 0.0848828125
2.0 0.8266666666666667 0.57 0.09544642857142857 0.061484375
