2.0 0.3902380952380953 0.648984375 0.1231547619047619 0.1004296875
2.0 0.5157738095238096 0.9359765625 0.15991071428571427 0.127421875
2.0 0.19535714285714287 0.6702734375 0.11080357142857142 0.1026953125
2.0 0.3838392857142857 0.933359375 0.1382142857142857 0.1116796875
2.0 0.17595238095238094 0.346796875 0.14964285714285713 0.094453125
2.0 0.15425595238095238 0.3787890625 0.06163690476190477 0.042734375
2.0 0.14788690476190475 0.4066796875 0.06592261904761905 0.054140625
2.0 0.4094345238095238 0.4758984375 0.10086309523809524 0.0722265625
2.0 0.5541071428571429 0.44421875 0.08178571428571428 0.058125
2.0 0.3345535714285714 0.3719140625 0.22875 0.1506640625
2.0 0.4542261904761905 0.3525390625 0.0824702380952381 0.0714453125
2.0 0.6798809523809524 0.43671875 0.08300595238095239 0.0534765625
2.0 0.743452380952381 0.57046875 0.104375 0.06625
2.0 0.7455952380952381 0.6543359375 0.11202380952380953 0.0844140625
2.0 0.8027083333333332 0.5615234375 0.09580357142857142 0.061484375
