2.0 0.4281845238095238 0.665859375 0.1249702380952381 0.1064453125
2.0 0.5538392857142858 0.9459765625 0.15991071428571427 0.109453125
2.0 0.22220238095238093 0.686328125 0.11651785714285715 0.1079296875
2.0 0.4180952380952381 0.9501953125 0.1382142857142857 0.101953125
2.0 0.17175595238095237 0.3448046875 0.14125000000000001 0.09046875
2.0 0.1425595238095238 0.3744921875 0.05988095238095238 0.042734375
2.0 0.13601190476190478 0.399765625 0.05952380952380952 0.0529296875
2.0 0.3908035714285714 0.468671875 0.09976190476190477 0.0721484375
2.0 0.537172619047619 0.4382421875 0.08092261904761905 0.0574609375
2.0 0.3218452380952381 0.36703125 0.2255952380952381 0.1469140625
2.0 0.4417559523809524 0.34875 0.08291666666666667 0.0715625
2.0 0.6654166666666667 0.43203125 0.08223214285714285 0.0528515625
2.0 0.7211607142857143 0.5619140625 0.10330357142857143 0.065546875
2.0 0.7127976190476191 0.6413671875 0.11080357142857142 0.0839453125
2.0 0.77875 0.5530859375 0.0961607142857143 0.061484375
