2.0 0.4471130952380952 0.6741796875 0.12589285714285714 0.109453125
2.0 0.5728869047619047 0.9509375 0.15991071428571427 0.1004296875
2.0 0.23800595238095237 0.697109375 0.11842261904761904 0.1064453125
2.0 0.43220238095238095 0.9552734375 0.13592261904761904 0.091953125
2.0 0.16967261904761904 0.343828125 0.13708333333333333 0.0884375
2.0 0.13672619047619047 0.3723046875 0.059017857142857136 0.042734375
2.0 0.13005952380952382 0.396328125 0.056309523809523816 0.0523046875
2.0 0.3823511904761905 0.465390625 0.09898809523809524 0.07234375
2.0 0.5286904761904762 0.435234375 0.08047619047619048 0.0571484375
2.0 0.31547619047619047 0.364609375 0.22401785714285713 0.1450390625
2.0 0.4355357142857143 0.3468359375 0.08315476190476191 0.0716015625
2.0 0.6581547619047619 0.4296875 0.081875 0.0525390625
2.0 0.71 0.55765625 0.10273809523809525 0.0651953125
2.0 0.6989880952380952 0.635546875 0.11002976190476191 0.0833984375
2.0 0.7667559523809524 0.5488671875 0.09633928571428571 0.061484375
2.0 0.9144345238095238 0.6616015625 0.139375 0.1124609375
