2.0 0.4660714285714286 0.6826171875 0.12678571428571428 0.1124609375
2.0 0.2538095238095238 0.7078515625 0.12032738095238095 0.1049609375
2.0 0.4462797619047619 0.960234375 0.13366071428571427 0.081953125
2.0 0.13267857142857142 0.3701171875 0.054553571428571423 0.042734375
2.0 0.12410714285714286 0.392890625 0.053125000000000006 0.05171875
2.0 0.37386904761904766 0.4620703125 0.09824404761904762 0.072578125
2.0 0.5202380952380953 0.4322265625 0.08002976190476191 0.056796875
2.0 0.30913690476190475 0.3621484375 0.22247023809523808 0.1431640625
2.0 0.4292857142857143 0.3449609375 0.08339285714285714 0.0716796875
2.0 0.650952380952381 0.42734375 0.08148809523809523 0.0522265625
2.0 0.6988392857142858 0.5534375 0.10220238095238096 0.0648046875
2.0 0.6852083333333333 0.629765625 0.10922619047619049 0.0828125
2.0 0.7547619047619047 0.5446875 0.09651785714285714 0.061484375
2.0 0.9004464285714286 0.6562890625 0.13830357142857141 0.1115234375
