2.0 0.5083630952380952 0.7005859375 0.12541666666666668 0.1124609375
2.0 0.28589285714285717 0.7275 0.12392857142857143 0.1051953125
2.0 0.12458333333333334 0.3658203125 0.0455952380952381 0.042734375
2.0 0.3569940476190476 0.45546875 0.09672619047619048 0.07296875
2.0 0.5033035714285715 0.42625 0.07913690476190476 0.0561328125
2.0 0.2964583333333333 0.3572265625 0.21931547619047617 0.1394140625
2.0 0.4168452380952381 0.3412109375 0.08383928571428571 0.071796875
2.0 0.6364583333333333 0.42265625 0.08071428571428571 0.0516015625
2.0 0.6783928571428571 0.545859375 0.10119047619047619 0.06421875
2.0 0.6575595238095238 0.6181640625 0.10764880952380954 0.08171875
2.0 0.7329166666666667 0.536328125 0.09651785714285714 0.0609765625
2.0 0.8725 0.645703125 0.1361904761904762 0.1096875
