2.0 0.5717559523809524 0.727578125 0.12336309523809524 0.1124609375
2.0 0.3347023809523809 0.7541015625 0.12907738095238094 0.1104296875
2.0 0.33163690476190477 0.445546875 0.09443452380952382 0.0735546875
2.0 0.47788690476190476 0.417265625 0.07779761904761905 0.05515625
2.0 0.2798511904761905 0.353984375 0.21616071428571426 0.1335546875
2.0 0.39809523809523806 0.3355078125 0.08452380952380951 0.071953125
2.0 0.6158630952380952 0.416015625 0.07973214285714285 0.0509375
2.0 0.6505654761904762 0.5359375 0.09976190476190477 0.0634765625
2.0 0.6161011904761905 0.600703125 0.10529761904761906 0.0800390625
2.0 0.7000595238095239 0.5237109375 0.09651785714285714 0.060234375
2.0 0.830595238095238 0.629765625 0.13303571428571428 0.1069140625
