2.0 0.6399404761904762 0.7626953125 0.13229166666666667 0.1196484375
2.0 0.38639880952380956 0.78234375 0.13366071428571427 0.1154296875
2.0 0.3062797619047619 0.4356640625 0.09214285714285715 0.0741796875
2.0 0.4524702380952381 0.4082421875 0.07645833333333334 0.054140625
2.0 0.26321428571428573 0.350703125 0.21297619047619049 0.12765625
2.0 0.3803869047619048 0.329765625 0.08300595238095239 0.069453125
2.0 0.5973214285714286 0.4099609375 0.07901785714285714 0.05078125
2.0 0.6227083333333333 0.526015625 0.09833333333333333 0.062734375
2.0 0.5746428571428572 0.5832421875 0.10294642857142858 0.0783203125
2.0 0.6672321428571428 0.5112109375 0.09651785714285714 0.059453125
2.0 0.7886904761904762 0.6138671875 0.12988095238095237 0.104140625
2.0 0.8882738095238094 0.512734375 0.15413690476190475 0.124375
