2.0 0.6854166666666667 0.7860546875 0.1382142857142857 0.124453125
2.0 0.42467261904761905 0.803359375 0.13592261904761904 0.1184375
2.0 0.289375 0.4290625 0.090625 0.0745703125
2.0 0.4355357142857143 0.4022265625 0.0755654761904762 0.0534765625
2.0 0.25217261904761906 0.348515625 0.21089285714285713 0.12375
2.0 0.36860119047619044 0.3259375 0.08199404761904762 0.0678125
2.0 0.585 0.4059765625 0.07854166666666666 0.050703125
2.0 0.6041369047619047 0.519375 0.09738095238095237 0.0622265625
2.0 0.5470535714285715 0.571640625 0.10136904761904762 0.0772265625
2.0 0.6452976190476191 0.5028515625 0.09651785714285714 0.058984375
2.0 0.7607738095238096 0.6032421875 0.12776785714285716 0.1023046875
2.0 0.8701190476190477 0.507109375 0.15294642857142857 0.1227734375
