2.0 0.7836309523809524 0.8328125 0.1500892857142857 0.1268359375
2.0 0.5037499999999999 0.8467578125 0.14163690476190477 0.124453125
2.0 0.2582738095238095 0.4169921875 0.08854166666666667 0.07296875
2.0 0.4025 0.390703125 0.07380952380952381 0.05234375
2.0 0.23 0.344140625 0.20666666666666667 0.1158984375
2.0 0.3450297619047619 0.31828125 0.0799702380952381 0.064453125
2.0 0.5603571428571429 0.3979296875 0.07761904761904762 0.050546875
2.0 0.5670238095238096 0.506171875 0.09547619047619046 0.0612109375
2.0 0.4917857142857143 0.5484375 0.09824404761904762 0.0749609375
2.0 0.605922619047619 0.4880859375 0.09238095238095238 0.0584765625
2.0 0.7075 0.583125 0.12440476190476189 0.099375
2.0 0.8338095238095239 0.4957421875 0.15053571428571427 0.119609375
