2.0 0.8081845238095239 0.84453125 0.1530654761904762 0.127421875
2.0 0.5237797619047619 0.8577734375 0.1431547619047619 0.1259375
2.0 0.2511607142857143 0.4142578125 0.08824404761904761 0.071953125
2.0 0.3949107142857143 0.3880859375 0.07336309523809523 0.0522265625
2.0 0.22446428571428573 0.3430078125 0.20559523809523808 0.1139453125
2.0 0.3401190476190476 0.31703125 0.07925595238095237 0.063046875
2.0 0.5541666666666666 0.3958984375 0.07738095238095238 0.0505078125
2.0 0.5577380952380953 0.5028125 0.095 0.0609765625
2.0 0.48 0.543359375 0.09708333333333333 0.0740234375
2.0 0.5971726190476191 0.484921875 0.09029761904761904 0.0584765625
2.0 0.6948214285714286 0.578359375 0.12377976190476192 0.098828125
2.0 0.8247321428571429 0.4929296875 0.1499404761904762 0.118828125
