2.0 0.8355952380952381 0.8565234375 0.1530654761904762 0.127421875
2.0 0.5437202380952381 0.8687890625 0.14470238095238094 0.127421875
2.0 0.24410714285714286 0.411484375 0.08794642857142858 0.0709765625
2.0 0.38729166666666665 0.3855078125 0.07291666666666667 0.0521484375
2.0 0.3352678571428572 0.3157421875 0.07854166666666666 0.061640625
2.0 0.5480357142857143 0.39390625 0.07714285714285715 0.0504296875
2.0 0.5484523809523809 0.4994921875 0.09452380952380952 0.060703125
2.0 0.46827380952380954 0.53828125 0.09595238095238096 0.073125
2.0 0.588422619047619 0.4816796875 0.08824404761904761 0.0584765625
2.0 0.6821130952380953 0.57359375 0.1231547619047619 0.09828125
2.0 0.8156547619047619 0.4900390625 0.1493452380952381 0.118046875
