2.0 0.9178571428571428 0.8925390625 0.1530654761904762 0.127421875
2.0 0.6080654761904762 0.901953125 0.14895833333333333 0.1289453125
2.0 0.22279761904761905 0.4032421875 0.08711309523809524 0.06796875
2.0 0.36449404761904763 0.3776953125 0.07160714285714286 0.051796875
2.0 0.3207440476190476 0.3119921875 0.07639880952380954 0.0574609375
2.0 0.5295238095238095 0.387890625 0.07642857142857143 0.0503125
2.0 0.520625 0.489609375 0.09309523809523809 0.0599609375
2.0 0.4328869047619047 0.523046875 0.0925297619047619 0.0703515625
2.0 0.562202380952381 0.4721875 0.08202380952380953 0.0584765625
2.0 0.6441369047619048 0.5592578125 0.1212797619047619 0.096640625
2.0 0.7884226190476191 0.4815234375 0.1475297619047619 0.1156640625
2.0 0.9262797619047619 0.64625 0.10577380952380952 0.0759765625
