2.0 0.9338392857142856 0.9040234375 0.1256547619047619 0.1254296875
2.0 0.6302083333333334 0.913046875 0.15032738095238093 0.1289453125
2.0 0.21571428571428572 0.4005078125 0.08681547619047619 0.066953125
2.0 0.3569047619047619 0.3751171875 0.07116071428571429 0.0516796875
2.0 0.31586309523809525 0.3107421875 0.07568452380952381 0.0560546875
2.0 0.5233928571428572 0.385859375 0.0761904761904762 0.0502734375
2.0 0.5113392857142858 0.48625 0.09261904761904763 0.0597265625
2.0 0.4211309523809524 0.5180078125 0.09136904761904761 0.0694140625
2.0 0.5534821428571428 0.468984375 0.0799702380952381 0.0584765625
2.0 0.6314285714285715 0.554453125 0.1206547619047619 0.09609375
2.0 0.7793452380952381 0.4786328125 0.1469345238095238 0.1148828125
2.0 0.9135416666666666 0.6414453125 0.10532738095238095 0.07546875
