2.0 0.9658333333333333 0.9269921875 0.07083333333333333 0.1214453125
2.0 0.6745535714285714 0.935234375 0.1530654761904762 0.1289453125
2.0 0.20154761904761903 0.395 0.08625000000000001 0.0649609375
2.0 0.34169642857142857 0.3698828125 0.07029761904761905 0.0514453125
2.0 0.3061607142857143 0.3081640625 0.07425595238095238 0.053203125
2.0 0.5110119047619047 0.381875 0.07571428571428572 0.0501953125
2.0 0.49276785714285715 0.4796484375 0.09166666666666667 0.05921875
2.0 0.3975892857142857 0.5078515625 0.08910714285714286 0.067578125
2.0 0.5358333333333333 0.4625390625 0.07880952380952382 0.0577734375
2.0 0.6061309523809524 0.544921875 0.1194047619047619 0.095
2.0 0.7611607142857143 0.47296875 0.1457440476190476 0.1133203125
2.0 0.888095238095238 0.63171875 0.1044047619047619 0.074453125
