2.0 0.6987202380952381 0.941484375 0.15648809523809523 0.1164453125
2.0 0.04285714285714286 0.5184375 0.07309523809523809 0.068984375
2.0 0.19446428571428573 0.3922265625 0.08595238095238095 0.063984375
2.0 0.3341071428571429 0.3673046875 0.06985119047619047 0.051328125
2.0 0.5048511904761904 0.3798828125 0.07547619047619047 0.05015625
2.0 0.4834821428571428 0.4763671875 0.0911904761904762 0.058984375
2.0 0.3858333333333333 0.5027734375 0.08794642857142858 0.0666796875
2.0 0.5270535714285715 0.4592578125 0.07824404761904762 0.057421875
2.0 0.593452380952381 0.5401953125 0.11880952380952381 0.094453125
2.0 0.7520833333333333 0.47015625 0.14511904761904762 0.1125390625
2.0 0.8753869047619047 0.6269140625 0.10395833333333333 0.0739453125
2.0 0.9424107142857142 0.609921875 0.11538690476190477 0.09296875
