2.0 0.7228869047619048 0.947734375 0.15991071428571427 0.1039453125
2.0 0.04511904761904762 0.58890625 0.08452380952380951 0.086953125
2.0 0.055327380952380954 0.5255078125 0.07491071428571429 0.0698046875
2.0 0.18735119047619048 0.38953125 0.08568452380952381 0.06296875
2.0 0.32648809523809524 0.3647265625 0.0694047619047619 0.0512109375
2.0 0.4986904761904762 0.3778515625 0.07526785714285714 0.050078125
2.0 0.47422619047619047 0.473046875 0.09071428571428572 0.0587109375
2.0 0.3740178571428571 0.4976953125 0.08681547619047619 0.0657421875
2.0 0.5182142857142857 0.4560546875 0.07767857142857143 0.0570703125
2.0 0.5829464285714285 0.5358984375 0.11770833333333333 0.0940625
2.0 0.7430357142857142 0.4673046875 0.14452380952380953 0.11171875
2.0 0.8626785714285715 0.62203125 0.10348214285714287 0.0734765625
2.0 0.9329464285714286 0.6062109375 0.11625 0.091953125
