2.0 0.7470833333333333 0.9539453125 0.16333333333333333 0.0914453125
2.0 0.05741071428571428 0.596953125 0.08738095238095238 0.0865625
2.0 0.06782738095238094 0.532578125 0.07669642857142857 0.0706640625
2.0 0.1811309523809524 0.386875 0.08461309523809524 0.06296875
2.0 0.31889880952380956 0.362109375 0.06898809523809524 0.05109375
2.0 0.49255952380952384 0.375859375 0.0750297619047619 0.0500390625
2.0 0.4649404761904762 0.4696875 0.09023809523809524 0.0584765625
2.0 0.3622619047619048 0.4926171875 0.08568452380952381 0.0648046875
2.0 0.5094345238095238 0.4528125 0.07711309523809524 0.0567578125
2.0 0.5723809523809523 0.5316015625 0.11663690476190476 0.093671875
2.0 0.7339880952380953 0.464453125 0.14392857142857143 0.1109375
2.0 0.849970238095238 0.6171875 0.10303571428571427 0.07296875
2.0 0.9235119047619048 0.602578125 0.11714285714285715 0.0909375
