2.0 0.06970238095238096 0.605 0.09023809523809524 0.0862109375
2.0 0.08032738095238094 0.5396484375 0.07848214285714286 0.0715234375
2.0 0.1748809523809524 0.384296875 0.08357142857142856 0.06296875
2.0 0.3112797619047619 0.3594921875 0.06854166666666667 0.0509765625
2.0 0.4863690476190476 0.373828125 0.07479166666666666 0.05
2.0 0.45681547619047624 0.4664453125 0.08922619047619047 0.0583203125
2.0 0.3504761904761905 0.4875 0.08452380952380951 0.06390625
2.0 0.5005952380952381 0.449609375 0.07651785714285715 0.05640625
2.0 0.561875 0.527265625 0.11556547619047619 0.09328125
2.0 0.7258333333333333 0.4618359375 0.14360119047619047 0.1105078125
2.0 0.8372321428571429 0.61234375 0.10258928571428572 0.0724609375
2.0 0.9140476190476191 0.59890625 0.11803571428571427 0.0899609375
