2.0 0.12122023809523809 0.63671875 0.10050595238095239 0.086640625
2.0 0.13026785714285716 0.567890625 0.08568452380952381 0.0749609375
2.0 0.1499404761904762 0.37375 0.07940476190476191 0.06296875
2.0 0.28440476190476194 0.3501953125 0.06752976190476191 0.0496484375
2.0 0.46169642857142856 0.365859375 0.0738392857142857 0.04984375
2.0 0.42431547619047616 0.4534375 0.08514880952380952 0.05765625
2.0 0.31020833333333336 0.47078125 0.08098214285714286 0.0620703125
2.0 0.46538690476190475 0.43671875 0.07425595238095238 0.055
2.0 0.5198214285714285 0.510078125 0.1112202380952381 0.0916796875
2.0 0.6934523809523809 0.451484375 0.14226190476190476 0.10875
2.0 0.7863988095238096 0.59296875 0.10074404761904762 0.07046875
2.0 0.8762202380952382 0.58421875 0.12157738095238095 0.0859375
