2.0 0.13473214285714286 0.64453125 0.10279761904761904 0.087265625
2.0 0.14395833333333333 0.5754296875 0.08720238095238095 0.0749609375
2.0 0.14482142857142857 0.3712109375 0.07508928571428572 0.061640625
2.0 0.27764880952380955 0.3478515625 0.06726190476190477 0.049296875
2.0 0.45556547619047616 0.363828125 0.07360119047619047 0.049765625
2.0 0.4161904761904762 0.450234375 0.08413690476190476 0.0574609375
2.0 0.3007142857142857 0.466875 0.08017857142857143 0.0617578125
2.0 0.45657738095238093 0.4334765625 0.0736904761904762 0.0546484375
2.0 0.5092857142857143 0.5057421875 0.11014880952380952 0.0912890625
2.0 0.6853571428571429 0.4488671875 0.1419047619047619 0.10828125
2.0 0.7736607142857143 0.588125 0.10029761904761905 0.0699609375
2.0 0.8667857142857143 0.580546875 0.12247023809523809 0.0849609375
