2.0 0.1481547619047619 0.65234375 0.10508928571428572 0.0878515625
2.0 0.15764880952380952 0.582890625 0.08872023809523809 0.0749609375
2.0 0.13964285714285715 0.36875 0.07083333333333333 0.0603515625
2.0 0.27095238095238094 0.3455078125 0.06702380952380953 0.048984375
2.0 0.449375 0.3618359375 0.07336309523809523 0.0497265625
2.0 0.4080952380952381 0.4469921875 0.083125 0.0573046875
2.0 0.2911904761904762 0.46296875 0.07940476190476191 0.061484375
2.0 0.4477380952380952 0.4301953125 0.07309523809523809 0.0543359375
2.0 0.49875 0.501484375 0.10904761904761905 0.0908984375
2.0 0.6772619047619047 0.4462890625 0.14157738095238095 0.1078515625
2.0 0.760922619047619 0.5832421875 0.09985119047619047 0.069453125
2.0 0.8572916666666667 0.5769140625 0.12336309523809524 0.0839453125
