2.0 0.16166666666666668 0.66015625 0.10738095238095238 0.0884375
2.0 0.17136904761904762 0.5904296875 0.09023809523809524 0.0749609375
2.0 0.13452380952380955 0.3662109375 0.06654761904761905 0.0590234375
2.0 0.26419642857142855 0.3431640625 0.06675595238095237 0.0486328125
2.0 0.4431845238095238 0.35984375 0.073125 0.0496875
2.0 0.3999404761904762 0.4437109375 0.08211309523809524 0.0571484375
2.0 0.28172619047619046 0.4590625 0.07860119047619048 0.061171875
2.0 0.43895833333333334 0.4269921875 0.0725297619047619 0.053984375
2.0 0.48824404761904766 0.4971875 0.10797619047619048 0.0905078125
2.0 0.6691666666666667 0.4436328125 0.14125000000000001 0.107421875
2.0 0.7482440476190476 0.5783984375 0.099375 0.068984375
2.0 0.8480357142857142 0.5735546875 0.12330357142857143 0.0836328125
