2.0 0.2100595238095238 0.6882421875 0.11336309523809525 0.0951953125
2.0 0.2124702380952381 0.6129296875 0.09482142857142857 0.0749609375
2.0 0.24470238095238095 0.336015625 0.06511904761904762 0.0470703125
2.0 0.4247321428571429 0.353828125 0.0724404761904762 0.0495703125
2.0 0.3773511904761905 0.4348046875 0.08017857142857143 0.0558984375
2.0 0.2532142857142857 0.4473828125 0.0761904761904762 0.0602734375
2.0 0.4155952380952381 0.4183203125 0.07211309523809524 0.0526953125
2.0 0.45666666666666667 0.4842578125 0.10473214285714286 0.0893359375
2.0 0.6448809523809524 0.435859375 0.14023809523809522 0.10609375
2.0 0.7150595238095238 0.5655859375 0.0981547619047619 0.068984375
2.0 0.8201488095238095 0.563359375 0.123125 0.0826953125
