2.0 0.2261904761904762 0.6976171875 0.11538690476190477 0.0974609375
2.0 0.22907738095238095 0.6215625 0.09505952380952382 0.0754296875
2.0 0.23866071428571428 0.3334375 0.06395833333333333 0.046171875
2.0 0.41854166666666665 0.351796875 0.07220238095238096 0.04953125
2.0 0.3700892857142857 0.431875 0.07970238095238096 0.0553515625
2.0 0.2437202380952381 0.443515625 0.07538690476190475 0.0599609375
2.0 0.40782738095238097 0.4155078125 0.07196428571428572 0.052265625
2.0 0.4461607142857143 0.48 0.10366071428571429 0.0889453125
2.0 0.6367857142857143 0.4332421875 0.13991071428571428 0.1056640625
2.0 0.7039880952380952 0.5612890625 0.09773809523809525 0.068984375
2.0 0.8108630952380952 0.559921875 0.1230654761904762 0.0823828125
