2.0 0.2606547619047619 0.7186328125 0.11726190476190476 0.0974609375
2.0 0.26229166666666665 0.638984375 0.0955357142857143 0.07640625
2.0 0.22654761904761905 0.328359375 0.061696428571428576 0.044375
2.0 0.4071428571428572 0.34796875 0.07169642857142858 0.04921875
2.0 0.35559523809523813 0.426171875 0.07875 0.0542578125
2.0 0.22470238095238096 0.435703125 0.0737797619047619 0.059375
2.0 0.3922619047619048 0.4096875 0.07166666666666666 0.0514453125
2.0 0.4251190476190476 0.47140625 0.10148809523809524 0.088125
2.0 0.6205654761904762 0.4280859375 0.13922619047619048 0.104765625
2.0 0.6819047619047619 0.552734375 0.0969345238095238 0.068984375
2.0 0.7922916666666666 0.553203125 0.12294642857142858 0.0817578125
