2.0 0.27791666666666665 0.7290625 0.11821428571428572 0.0974609375
2.0 0.2788988095238095 0.6476953125 0.09577380952380952 0.076875
2.0 0.22050595238095239 0.32578125 0.06053571428571428 0.0434765625
2.0 0.40184523809523814 0.3462109375 0.07145833333333333 0.048984375
2.0 0.3483630952380952 0.42328125 0.07830357142857143 0.0537109375
2.0 0.21520833333333333 0.431796875 0.07297619047619047 0.0590625
2.0 0.3844940476190476 0.4068359375 0.07154761904761904 0.051015625
2.0 0.41458333333333336 0.4670703125 0.10038690476190475 0.087734375
2.0 0.612470238095238 0.4254296875 0.13889880952380954 0.1043359375
2.0 0.6708333333333334 0.5483984375 0.09651785714285714 0.068984375
2.0 0.7830059523809523 0.549765625 0.12288690476190475 0.0814453125
