2.0 0.3123214285714286 0.7501171875 0.12011904761904761 0.0974609375
2.0 0.3121130952380953 0.6650390625 0.09627976190476191 0.0778515625
2.0 0.20708333333333334 0.32203125 0.06110119047619048 0.0419921875
2.0 0.3913095238095238 0.3426171875 0.07095238095238095 0.0484765625
2.0 0.3338988095238095 0.4176171875 0.07735119047619048 0.0526171875
2.0 0.1961904761904762 0.423984375 0.07139880952380952 0.0584765625
2.0 0.36889880952380955 0.4010546875 0.07125000000000001 0.0501953125
2.0 0.39357142857142857 0.4584765625 0.09824404761904762 0.086953125
2.0 0.5963095238095238 0.420234375 0.1382142857142857 0.1034375
2.0 0.6486904761904763 0.5398828125 0.09571428571428571 0.068984375
2.0 0.7644047619047618 0.54296875 0.12276785714285714 0.08078125
