2.0 0.32958333333333334 0.760546875 0.12107142857142857 0.0974609375
2.0 0.32979166666666665 0.675 0.09970238095238096 0.078984375
2.0 0.20035714285714284 0.3201953125 0.06139880952380952 0.0412109375
2.0 0.38607142857142857 0.3408203125 0.07068452380952381 0.0482421875
2.0 0.32663690476190477 0.4147265625 0.0769047619047619 0.0520703125
2.0 0.18806547619047617 0.420546875 0.07104166666666667 0.0578515625
2.0 0.3611309523809524 0.3981640625 0.07110119047619048 0.049765625
2.0 0.384375 0.4551953125 0.09755952380952382 0.0862109375
2.0 0.5888095238095238 0.417890625 0.13776785714285714 0.1031640625
2.0 0.6376785714285714 0.5355859375 0.09529761904761906 0.068984375
2.0 0.7551190476190476 0.5395703125 0.12270833333333332 0.08046875
