2.0 0.3699404761904762 0.7827734375 0.12336309523809524 0.101953125
2.0 0.36523809523809525 0.69484375 0.10654761904761904 0.0812109375
2.0 0.06669642857142857 0.6576953125 0.09339285714285714 0.0880859375
2.0 0.3755059523809524 0.3372265625 0.07017857142857142 0.047734375
2.0 0.3121428571428571 0.408984375 0.07595238095238095 0.0509765625
2.0 0.17169642857142856 0.4136328125 0.07035714285714285 0.0566796875
2.0 0.3455357142857143 0.392421875 0.07083333333333333 0.04890625
2.0 0.36607142857142855 0.44859375 0.0962202380952381 0.0846875
2.0 0.5738988095238096 0.413203125 0.13684523809523808 0.1025390625
2.0 0.6155357142857143 0.52703125 0.09449404761904762 0.068984375
2.0 0.736547619047619 0.5328125 0.1225892857142857 0.07984375
