2.0 0.4102976190476191 0.8050390625 0.1256547619047619 0.1064453125
2.0 0.4030654761904762 0.7158203125 0.11211309523809525 0.083828125
2.0 0.08928571428571429 0.6708203125 0.09738095238095237 0.08734375
2.0 0.365 0.3336328125 0.06967261904761905 0.0472265625
2.0 0.2980952380952381 0.4032421875 0.07595238095238095 0.0494921875
2.0 0.15538690476190475 0.40671875 0.06967261904761905 0.05546875
2.0 0.32999999999999996 0.386640625 0.07053571428571428 0.0480859375
2.0 0.34773809523809524 0.441953125 0.09485119047619048 0.083203125
2.0 0.5589880952380952 0.408515625 0.13592261904761904 0.101953125
2.0 0.593452380952381 0.5184375 0.09366071428571428 0.068984375
2.0 0.7180059523809523 0.526015625 0.12247023809523809 0.07921875
