2.0 0.43047619047619046 0.816171875 0.12678571428571428 0.1087109375
2.0 0.42324404761904766 0.7268359375 0.11422619047619048 0.0853515625
2.0 0.10053571428571428 0.6773828125 0.099375 0.086953125
2.0 0.35970238095238094 0.3319140625 0.06943452380952381 0.0469921875
2.0 0.29101190476190475 0.400390625 0.07595238095238095 0.0487109375
2.0 0.1473809523809524 0.4032421875 0.06738095238095239 0.0544921875
2.0 0.32223214285714286 0.3837890625 0.07038690476190476 0.04765625
2.0 0.3385714285714286 0.4386328125 0.09419642857142857 0.0824609375
2.0 0.5515178571428572 0.4061328125 0.13547619047619047 0.101640625
2.0 0.5837202380952381 0.5147265625 0.0931845238095238 0.068203125
2.0 0.7086904761904762 0.522578125 0.12241071428571429 0.07890625
