2.0 0.47190476190476194 0.8395703125 0.13113095238095238 0.112734375
2.0 0.4635416666666667 0.7489453125 0.11845238095238095 0.088359375
2.0 0.12139880952380952 0.69421875 0.10452380952380952 0.0921875
2.0 0.3491964285714286 0.3283203125 0.06892857142857142 0.046484375
2.0 0.2769642857142857 0.3946484375 0.07595238095238095 0.0472265625
2.0 0.13139880952380953 0.39625 0.06282738095238095 0.0524609375
2.0 0.308125 0.378515625 0.06970238095238096 0.0470703125
2.0 0.3202380952380952 0.43203125 0.09282738095238095 0.0809765625
2.0 0.5366071428571428 0.4014453125 0.13455357142857144 0.1010546875
2.0 0.5643154761904763 0.50734375 0.09220238095238095 0.06671875
2.0 0.6901190476190476 0.515859375 0.12229166666666667 0.07828125
