2.0 0.493125 0.851875 0.1343452380952381 0.11453125
2.0 0.4836904761904762 0.76 0.1205952380952381 0.08984375
2.0 0.13181547619047618 0.70265625 0.10708333333333332 0.09484375
2.0 0.3439285714285714 0.3265234375 0.06866071428571428 0.0462109375
2.0 0.2698809523809524 0.3917578125 0.07595238095238095 0.046484375
2.0 0.12767857142857142 0.3934375 0.055982142857142855 0.0528515625
2.0 0.3017857142857143 0.376171875 0.06916666666666667 0.0469140625
2.0 0.31107142857142855 0.4287109375 0.09217261904761904 0.0801953125
2.0 0.5291369047619048 0.3991015625 0.13410714285714287 0.1007421875
2.0 0.5546130952380952 0.503671875 0.09169642857142857 0.0659765625
2.0 0.6808035714285714 0.5124609375 0.12223214285714286 0.07796875
