2.0 0.5810416666666667 0.9007421875 0.14592261904761905 0.119921875
2.0 0.5719642857142857 0.8059765625 0.12788690476190476 0.095859375
2.0 0.18077380952380953 0.7351171875 0.11821428571428572 0.0989453125
2.0 0.32282738095238095 0.3193359375 0.06764880952380953 0.045234375
2.0 0.24336309523809524 0.3810546875 0.06898809523809524 0.043359375
2.0 0.27648809523809526 0.36671875 0.06699404761904762 0.046328125
2.0 0.27767857142857144 0.4158984375 0.08967261904761904 0.0777734375
2.0 0.4992857142857143 0.3896875 0.13229166666666667 0.09953125
2.0 0.5157738095238096 0.48890625 0.08976190476190476 0.06296875
2.0 0.6435416666666667 0.50109375 0.115625 0.07796875
