2.0 0.6533928571428571 0.9367578125 0.1519345238095238 0.119921875
2.0 0.6439583333333333 0.84203125 0.1324404761904762 0.1003515625
2.0 0.2193452380952381 0.7590625 0.12678571428571428 0.1004296875
2.0 0.30842261904761903 0.3143359375 0.06681547619047619 0.044609375
2.0 0.22348214285714288 0.373046875 0.06377976190476191 0.0409765625
2.0 0.2575 0.359609375 0.06535714285714286 0.045859375
2.0 0.2550595238095238 0.4065625 0.08794642857142858 0.07640625
2.0 0.4777380952380953 0.3830859375 0.13020833333333334 0.098828125
2.0 0.48663690476190474 0.4778125 0.08827380952380952 0.060703125
2.0 0.6155059523809524 0.4926171875 0.1106845238095238 0.07796875
