2.0 0.6775595238095238 0.9436328125 0.15107142857142858 0.1083203125
2.0 0.6679464285714286 0.853984375 0.13395833333333332 0.1018359375
2.0 0.23479166666666668 0.7686328125 0.1250892857142857 0.1030859375
2.0 0.3038690476190476 0.3127734375 0.06654761904761905 0.0444140625
2.0 0.2168452380952381 0.3703515625 0.06205357142857143 0.0401953125
2.0 0.2511904761904762 0.3573046875 0.06482142857142857 0.0457421875
2.0 0.2475 0.4034375 0.08738095238095238 0.0759375
2.0 0.4710714285714286 0.3812109375 0.12907738095238094 0.0987109375
2.0 0.47693452380952384 0.474140625 0.08779761904761904 0.0599609375
2.0 0.6062202380952381 0.4898046875 0.10901785714285715 0.07796875
2.0 0.9424107142857142 0.7403125 0.11538690476190477 0.0809765625
