2.0 0.7258035714285714 0.9575390625 0.1493452380952381 0.085078125
2.0 0.7195535714285715 0.879765625 0.1376190476190476 0.1054296875
2.0 0.265625 0.7877734375 0.12166666666666667 0.1083203125
2.0 0.2947321428571429 0.3095703125 0.06595238095238096 0.0440234375
2.0 0.2035714285714286 0.365 0.05857142857142857 0.0386328125
2.0 0.23854166666666668 0.3525390625 0.06375 0.0454296875
2.0 0.2324702380952381 0.3971875 0.08625000000000001 0.075
2.0 0.457827380952381 0.377421875 0.12678571428571428 0.0984765625
2.0 0.4575 0.46671875 0.08681547619047619 0.0584765625
2.0 0.5888690476190477 0.483671875 0.10663690476190475 0.0771484375
2.0 0.9073511904761905 0.7247265625 0.11422619047619048 0.079765625
