2.0 0.7711904761904762 0.905546875 0.1412797619047619 0.1090234375
2.0 0.05610119047619048 0.5268359375 0.07949404761904762 0.071953125
2.0 0.2967261904761905 0.807421875 0.12279761904761904 0.1124609375
2.0 0.2855654761904762 0.30640625 0.06538690476190476 0.043671875
2.0 0.22589285714285717 0.3478125 0.06264880952380952 0.0451171875
2.0 0.2174107142857143 0.3909765625 0.08508928571428571 0.0741015625
2.0 0.44455357142857144 0.37359375 0.12452380952380954 0.0982421875
2.0 0.44139880952380955 0.460234375 0.08586309523809524 0.0581640625
2.0 0.5727678571428572 0.47703125 0.10514880952380952 0.0755859375
2.0 0.8722619047619047 0.7091796875 0.1130952380952381 0.0785546875
