2.0 0.7969940476190477 0.9184765625 0.143125 0.1108203125
2.0 0.06821428571428571 0.5337890625 0.08133928571428571 0.071953125
2.0 0.31241071428571426 0.817578125 0.1256547619047619 0.1139453125
2.0 0.28101190476190474 0.3048046875 0.06511904761904762 0.0434765625
2.0 0.2195535714285714 0.34546875 0.06211309523809524 0.0449609375
2.0 0.20988095238095236 0.387890625 0.08452380952380951 0.0736328125
2.0 0.4378869047619047 0.37171875 0.12336309523809524 0.098125
2.0 0.4333333333333333 0.45703125 0.08535714285714285 0.0580078125
2.0 0.5647321428571429 0.4737109375 0.10443452380952382 0.074765625
2.0 0.8547619047619047 0.7013671875 0.11249999999999999 0.07796875
