2.0 0.8809523809523809 0.9482421875 0.15166666666666667 0.09171875
2.0 0.10455357142857144 0.5544140625 0.08681547619047619 0.071953125
2.0 0.3595535714285714 0.847890625 0.13422619047619047 0.1184375
2.0 0.26729166666666665 0.3028515625 0.062172619047619046 0.0383203125
2.0 0.20056547619047618 0.338359375 0.060476190476190475 0.04453125
2.0 0.1881547619047619 0.3794921875 0.0825595238095238 0.073203125
2.0 0.41800595238095234 0.3659765625 0.11994047619047618 0.0978125
2.0 0.4091666666666666 0.44734375 0.08392857142857142 0.0575390625
2.0 0.5406845238095238 0.4637890625 0.10220238095238096 0.072421875
2.0 0.8021130952380953 0.67796875 0.11080357142857142 0.076171875
