2.0 0.9089583333333334 0.958203125 0.15452380952380954 0.0853515625
2.0 0.11699404761904762 0.562109375 0.08705357142857142 0.0734765625
2.0 0.37526785714285715 0.8580078125 0.13708333333333333 0.119921875
2.0 0.2627380952380952 0.3022265625 0.061190476190476184 0.036640625
2.0 0.19425595238095236 0.336015625 0.05994047619047619 0.044375
2.0 0.18154761904761904 0.3773046875 0.08175595238095237 0.073671875
2.0 0.41136904761904763 0.3640625 0.11880952380952381 0.0976953125
2.0 0.40113095238095237 0.4440625 0.08345238095238094 0.0573828125
2.0 0.5326488095238096 0.4605078125 0.10145833333333334 0.0716015625
2.0 0.7845833333333333 0.67015625 0.11023809523809523 0.075546875
