2.0 0.1294345238095238 0.5696875 0.08726190476190476 0.0749609375
2.0 0.3909821428571429 0.868125 0.1399404761904762 0.1214453125
2.0 0.25818452380952384 0.3016015625 0.060208333333333336 0.034921875
2.0 0.18794642857142857 0.333671875 0.059404761904761905 0.04421875
2.0 0.1749404761904762 0.3751171875 0.08095238095238096 0.074140625
2.0 0.40476190476190477 0.3621875 0.11764880952380953 0.097578125
2.0 0.39303571428571427 0.440859375 0.08297619047619047 0.0571875
2.0 0.5246130952380953 0.4571875 0.10071428571428573 0.0708203125
2.0 0.7670833333333333 0.66234375 0.10967261904761905 0.0749609375
2.0 0.9372916666666666 0.60765625 0.10050595238095239 0.064453125
2.0 0.9435416666666666 0.6863671875 0.10851190476190477 0.0749609375
2.0 0.9247023809523809 0.6398828125 0.11651785714285715 0.0599609375
