2.0 0.1419047619047619 0.5773828125 0.0875 0.0764453125
2.0 0.40669642857142857 0.87828125 0.14279761904761903 0.1229296875
2.0 0.25360119047619045 0.3009765625 0.059226190476190474 0.033203125
2.0 0.18244047619047618 0.331484375 0.05979166666666667 0.04359375
2.0 0.16833333333333333 0.37296875 0.08011904761904762 0.0746484375
2.0 0.39809523809523806 0.3602734375 0.11651785714285715 0.0974609375
2.0 0.38500000000000006 0.437578125 0.0824702380952381 0.0570703125
2.0 0.516547619047619 0.4538671875 0.09997023809523811 0.0700390625
2.0 0.7511309523809524 0.6561328125 0.10913690476190477 0.074140625
2.0 0.928422619047619 0.6044140625 0.1000297619047619 0.064453125
2.0 0.931220238095238 0.6814453125 0.10797619047619048 0.0745703125
2.0 0.9120535714285714 0.6350390625 0.1156845238095238 0.05984375
