2.0 0.19735119047619049 0.6073046875 0.09080357142857143 0.0801953125
2.0 0.4820535714285714 0.9234375 0.1499702380952381 0.12078125
2.0 0.06857142857142857 0.595703125 0.11080357142857142 0.1034375
2.0 0.16029761904761905 0.322734375 0.061309523809523814 0.04109375
2.0 0.14154761904761906 0.36203125 0.07508928571428572 0.0744140625
2.0 0.3731547619047619 0.3521875 0.11511904761904762 0.0960546875
2.0 0.35276785714285713 0.4246875 0.08056547619047619 0.05640625
2.0 0.48446428571428574 0.4406640625 0.09702380952380953 0.0668359375
2.0 0.6873511904761904 0.6310546875 0.10705357142857143 0.070859375
2.0 0.8930357142857143 0.5915234375 0.0980952380952381 0.064453125
2.0 0.8818452380952382 0.661875 0.10586309523809524 0.07296875
2.0 0.861577380952381 0.615703125 0.11235119047619048 0.0594140625
