2.0 0.21261904761904762 0.614609375 0.09223214285714285 0.0805859375
2.0 0.500922619047619 0.932109375 0.15175595238095238 0.115
2.0 0.08089285714285714 0.6028125 0.1130952380952381 0.1040625
2.0 0.15482142857142858 0.320546875 0.061696428571428576 0.04046875
2.0 0.13452380952380955 0.35765625 0.0725297619047619 0.0726953125
2.0 0.3669047619047619 0.3501953125 0.11476190476190477 0.095703125
2.0 0.3447321428571429 0.42140625 0.08008928571428571 0.05625
2.0 0.4764285714285715 0.4373828125 0.09627976190476191 0.0660546875
2.0 0.6714285714285714 0.624765625 0.10654761904761904 0.0700390625
2.0 0.8841666666666667 0.5883203125 0.0976190476190476 0.064453125
2.0 0.8695535714285715 0.6569921875 0.10532738095238095 0.072578125
2.0 0.8488988095238096 0.6108203125 0.11151785714285714 0.059296875
