2.0 0.22791666666666666 0.621875 0.09366071428571428 0.0809765625
2.0 0.5197619047619048 0.94078125 0.1535416666666667 0.10921875
2.0 0.09327380952380952 0.6100390625 0.11538690476190477 0.1046484375
2.0 0.3606845238095238 0.3481640625 0.1144047619047619 0.095390625
2.0 0.33666666666666667 0.418203125 0.07961309523809523 0.05609375
2.0 0.4683928571428571 0.4340234375 0.0955357142857143 0.0652734375
2.0 0.6555059523809523 0.6184765625 0.10601190476190475 0.0692578125
2.0 0.8752976190476192 0.5850390625 0.09714285714285714 0.064453125
2.0 0.857172619047619 0.652109375 0.10479166666666667 0.0721484375
2.0 0.8362797619047619 0.6059765625 0.1106845238095238 0.0591796875
