2.0 0.24446428571428572 0.630859375 0.09785714285714286 0.0824609375
2.0 0.5386011904761905 0.9494921875 0.15535714285714286 0.1034375
2.0 0.10559523809523809 0.6172265625 0.11764880952380953 0.105234375
2.0 0.35443452380952384 0.346171875 0.11404761904761905 0.0950390625
2.0 0.32860119047619046 0.4149609375 0.07910714285714285 0.0559375
2.0 0.46035714285714285 0.4307421875 0.09482142857142857 0.064453125
2.0 0.6395535714285714 0.6121875 0.1055059523809524 0.0684375
2.0 0.8664285714285714 0.581796875 0.09666666666666665 0.064453125
2.0 0.8448511904761905 0.6471875 0.10425595238095238 0.0717578125
2.0 0.8236607142857143 0.60109375 0.10985119047619046 0.0590625
