2.0 0.26104166666666667 0.6398828125 0.10205357142857142 0.0839453125
2.0 0.5580357142857143 0.953984375 0.15535714285714286 0.094453125
2.0 0.11788690476190476 0.624453125 0.11994047619047618 0.105859375
2.0 0.3482142857142857 0.344140625 0.1136904761904762 0.0946875
2.0 0.32056547619047615 0.41171875 0.07863095238095238 0.05578125
2.0 0.453452380952381 0.4284375 0.09440476190476191 0.0642578125
2.0 0.6235714285714286 0.6059375 0.1049702380952381 0.0676171875
2.0 0.8576190476190477 0.57859375 0.0961607142857143 0.064453125
2.0 0.8325297619047619 0.6423046875 0.1037202380952381 0.0713671875
2.0 0.8110119047619048 0.596328125 0.10898809523809523 0.0589453125
