2.0 0.2776190476190476 0.648828125 0.10622023809523809 0.08546875
2.0 0.5774404761904762 0.9584765625 0.15535714285714286 0.08546875
2.0 0.13026785714285716 0.6316015625 0.12223214285714286 0.1064453125
2.0 0.3419642857142857 0.342109375 0.11336309523809525 0.0943359375
2.0 0.3125 0.408515625 0.07815476190476191 0.055625
2.0 0.4464880952380953 0.4261328125 0.09401785714285714 0.0640234375
2.0 0.6077083333333333 0.5996484375 0.10446428571428572 0.066796875
2.0 0.84875 0.5753515625 0.0956845238095238 0.064453125
2.0 0.8202083333333332 0.637421875 0.10318452380952381 0.0709765625
2.0 0.7983928571428571 0.5914453125 0.10815476190476192 0.058828125
