2.0 0.36541666666666667 0.695625 0.11925595238095238 0.0899609375
2.0 0.20386904761904762 0.6737109375 0.13238095238095238 0.112265625
2.0 0.31136904761904766 0.3326953125 0.1113095238095238 0.0923046875
2.0 0.2774107142857143 0.3955078125 0.07386904761904763 0.053984375
2.0 0.4117857142857143 0.4147265625 0.09202380952380954 0.062890625
2.0 0.5383630952380952 0.569609375 0.09970238095238096 0.0646875
2.0 0.8044940476190476 0.55921875 0.09327380952380952 0.064453125
2.0 0.7585119047619048 0.6128515625 0.10050595238095239 0.068984375
2.0 0.9152083333333333 0.5121484375 0.1093452380952381 0.0648828125
2.0 0.7352380952380952 0.5672265625 0.10398809523809523 0.0582421875
