2.0 0.42270833333333335 0.7253515625 0.11994047619047618 0.0899609375
2.0 0.24800595238095238 0.6989453125 0.13848214285714286 0.11578125
2.0 0.2944047619047619 0.3287109375 0.1094047619047619 0.0902734375
2.0 0.2571130952380952 0.388203125 0.07101190476190476 0.0528515625
2.0 0.3909821428571429 0.4078515625 0.09080357142857143 0.0622265625
2.0 0.49833333333333335 0.551796875 0.09651785714285714 0.0637109375
2.0 0.7779464285714285 0.5495703125 0.0918154761904762 0.064453125
2.0 0.7214880952380952 0.598203125 0.09892857142857144 0.0677734375
2.0 0.8902678571428572 0.5044140625 0.10836309523809523 0.066171875
2.0 0.8847321428571429 0.75375 0.12482142857142857 0.0819140625
2.0 0.6973511904761904 0.5526953125 0.10148809523809524 0.057890625
