2.0 0.464375 0.747578125 0.12336309523809524 0.0934375
2.0 0.2805952380952381 0.7175 0.14291666666666666 0.1189453125
2.0 0.06 0.650390625 0.09595238095238096 0.086953125
2.0 0.28312499999999996 0.3260546875 0.108125 0.0889453125
2.0 0.24360119047619047 0.3833203125 0.06910714285714285 0.052109375
2.0 0.3770833333333333 0.4033203125 0.09 0.0617578125
2.0 0.4716666666666666 0.5398828125 0.09440476190476191 0.0630859375
2.0 0.7602380952380953 0.5430859375 0.09086309523809524 0.064453125
2.0 0.6967857142857143 0.5883984375 0.09785714285714286 0.066953125
2.0 0.8736309523809525 0.4992578125 0.10770833333333332 0.06703125
2.0 0.8401785714285714 0.734921875 0.12169642857142857 0.0813671875
2.0 0.6720535714285715 0.5430078125 0.09982142857142857 0.05765625
