2.0 0.48520833333333335 0.7587109375 0.1250892857142857 0.0951953125
2.0 0.298422619047619 0.72765625 0.14532738095238096 0.1209375
2.0 0.07148809523809524 0.6576953125 0.09723214285714286 0.08734375
2.0 0.27747023809523813 0.3246875 0.1075 0.08828125
2.0 0.236875 0.380859375 0.0681547619047619 0.05171875
2.0 0.3701785714285714 0.401015625 0.08961309523809524 0.0615625
2.0 0.4583333333333333 0.5339453125 0.09333333333333334 0.0627734375
2.0 0.7513690476190477 0.53984375 0.09035714285714286 0.064453125
2.0 0.6844940476190476 0.583515625 0.09732142857142859 0.0665625
2.0 0.865297619047619 0.49671875 0.10738095238095238 0.0674609375
2.0 0.8178869047619047 0.725546875 0.12014880952380952 0.08109375
2.0 0.6594345238095238 0.5381640625 0.09898809523809524 0.0575390625
