2.0 0.5060416666666667 0.7698046875 0.12678571428571428 0.096953125
2.0 0.31625000000000003 0.7378125 0.14773809523809525 0.1229296875
2.0 0.08297619047619047 0.665 0.09851190476190477 0.0876953125
2.0 0.2718154761904762 0.323359375 0.10687499999999998 0.0876171875
2.0 0.23008928571428572 0.3784375 0.06720238095238094 0.051328125
2.0 0.3631845238095238 0.39875 0.08922619047619047 0.061328125
2.0 0.44497023809523806 0.5280078125 0.09229166666666667 0.062421875
2.0 0.7424999999999999 0.5366015625 0.08988095238095238 0.064453125
2.0 0.6721428571428572 0.5786328125 0.0967857142857143 0.066171875
2.0 0.8575595238095237 0.49390625 0.10693452380952381 0.0676171875
2.0 0.7956249999999999 0.716171875 0.11860119047619049 0.0808203125
2.0 0.6468154761904762 0.5333203125 0.0981547619047619 0.057421875
