2.0 0.526875 0.7809765625 0.12851190476190477 0.0987109375
2.0 0.33407738095238093 0.7480078125 0.15014880952380955 0.124921875
2.0 0.09449404761904762 0.6723046875 0.09979166666666667 0.0880859375
2.0 0.2661904761904762 0.32203125 0.10622023809523809 0.086953125
2.0 0.22336309523809522 0.3759765625 0.06625 0.0509765625
2.0 0.3563095238095238 0.39640625 0.08880952380952381 0.06109375
2.0 0.43166666666666664 0.5220703125 0.09122023809523809 0.062109375
2.0 0.7336309523809523 0.5333984375 0.0894047619047619 0.064453125
2.0 0.6597916666666667 0.5737109375 0.09625000000000002 0.06578125
2.0 0.8498511904761905 0.49109375 0.10648809523809524 0.0677734375
2.0 0.7733333333333332 0.7067578125 0.11702380952380953 0.080546875
2.0 0.6341964285714285 0.5284375 0.09732142857142859 0.0573046875
