2.0 0.5955952380952381 0.8166796875 0.13380952380952382 0.104296875
2.0 0.38761904761904764 0.7784375 0.1573809523809524 0.1309375
2.0 0.12895833333333334 0.69421875 0.10366071428571429 0.08921875
2.0 0.2507440476190476 0.3194921875 0.10452380952380952 0.0796484375
2.0 0.20422619047619048 0.36890625 0.06538690476190476 0.0503125
2.0 0.3354761904761905 0.3895703125 0.08761904761904762 0.0604296875
2.0 0.39324404761904763 0.505625 0.08854166666666667 0.0612890625
2.0 0.7071130952380953 0.523671875 0.08794642857142858 0.064453125
2.0 0.622797619047619 0.5590625 0.09464285714285714 0.0645703125
2.0 0.8266369047619048 0.48265625 0.10511904761904763 0.06828125
2.0 0.7065476190476191 0.6785546875 0.11235119047619048 0.0797265625
2.0 0.5963095238095238 0.5139453125 0.09482142857142857 0.0569921875
