2.0 0.6194642857142857 0.828984375 0.1355952380952381 0.10625
2.0 0.40541666666666665 0.788671875 0.15979166666666667 0.1329296875
2.0 0.14044642857142856 0.7015234375 0.10494047619047618 0.0895703125
2.0 0.245625 0.318671875 0.10395833333333333 0.0772265625
2.0 0.19785714285714287 0.3665625 0.06511904761904762 0.050078125
2.0 0.3285416666666667 0.3873046875 0.08720238095238095 0.0601953125
2.0 0.381547619047619 0.501015625 0.08794642857142858 0.06109375
2.0 0.6988690476190476 0.5209375 0.0875297619047619 0.0642578125
2.0 0.6104464285714286 0.5541015625 0.09413690476190475 0.0641796875
2.0 0.8188988095238094 0.47984375 0.10467261904761906 0.0684375
2.0 0.6842559523809524 0.6691015625 0.11080357142857142 0.079453125
2.0 0.586577380952381 0.5103125 0.09410714285714286 0.05671875
