2.0 0.6433928571428572 0.841328125 0.1374107142857143 0.1081640625
2.0 0.42324404761904766 0.7987890625 0.16220238095238096 0.134921875
2.0 0.15196428571428572 0.708828125 0.10622023809523809 0.0899609375
2.0 0.24047619047619045 0.3178515625 0.10336309523809523 0.074765625
2.0 0.19148809523809524 0.36421875 0.06482142857142857 0.04984375
2.0 0.32160714285714287 0.385 0.08681547619047619 0.0599609375
2.0 0.36988095238095237 0.4964453125 0.08738095238095238 0.0608984375
2.0 0.6906845238095238 0.5181640625 0.08708333333333333 0.0640234375
2.0 0.598125 0.54921875 0.09360119047619048 0.06375
2.0 0.8111904761904762 0.47703125 0.10422619047619049 0.06859375
2.0 0.6666666666666666 0.6615234375 0.10949404761904762 0.0788671875
2.0 0.5768154761904762 0.5066796875 0.09342261904761905 0.0564453125
