2.0 0.6911904761904762 0.8659765625 0.14098214285714286 0.11203125
2.0 0.4667857142857143 0.8228125 0.16854166666666667 0.13828125
2.0 0.17967261904761905 0.72703125 0.11080357142857142 0.092578125
2.0 0.23017857142857143 0.3161328125 0.10223214285714285 0.0698828125
2.0 0.17875000000000002 0.3594921875 0.06425595238095239 0.0494140625
2.0 0.3094345238095238 0.3805078125 0.08532738095238096 0.0597265625
2.0 0.3463988095238095 0.4872265625 0.08625000000000001 0.060546875
2.0 0.6742261904761905 0.5126171875 0.08619047619047619 0.0635546875
2.0 0.5734523809523809 0.539453125 0.0925297619047619 0.06296875
2.0 0.7957142857142857 0.47140625 0.10333333333333333 0.06890625
2.0 0.6316071428571428 0.646328125 0.1069047619047619 0.07765625
2.0 0.5573809523809524 0.499296875 0.09202380952380954 0.0559375
