2.0 0.7150892857142858 0.8782421875 0.14279761904761903 0.1139453125
2.0 0.4885416666666667 0.834765625 0.17172619047619048 0.139921875
2.0 0.19351190476190475 0.73609375 0.1130952380952381 0.09390625
2.0 0.22505952380952382 0.3153125 0.10166666666666666 0.0674609375
2.0 0.17241071428571428 0.357109375 0.06395833333333333 0.0491796875
2.0 0.3033035714285714 0.3782421875 0.08458333333333334 0.059609375
2.0 0.33473214285714287 0.48265625 0.08568452380952381 0.0603515625
2.0 0.6660416666666666 0.50984375 0.08577380952380953 0.0633203125
2.0 0.5641666666666667 0.5358984375 0.09214285714285715 0.0628515625
2.0 0.7880059523809523 0.46859375 0.10288690476190476 0.0690625
2.0 0.6140178571428572 0.6387109375 0.10562500000000001 0.0770703125
2.0 0.9567261904761905 0.5289453125 0.08452380952380951 0.0599609375
2.0 0.5476190476190477 0.495703125 0.09133928571428572 0.0556640625
