2.0 0.7425892857142857 0.88953125 0.14425595238095237 0.1098828125
2.0 0.510297619047619 0.846796875 0.1749107142857143 0.1416015625
2.0 0.2073511904761905 0.745234375 0.11538690476190477 0.0951953125
2.0 0.16604166666666667 0.3547265625 0.06369047619047619 0.0489453125
2.0 0.2972619047619047 0.376015625 0.08383928571428571 0.0594921875
2.0 0.32300595238095237 0.478046875 0.08508928571428571 0.06015625
2.0 0.6578273809523809 0.5070703125 0.08532738095238096 0.0630859375
2.0 0.5547916666666667 0.5323046875 0.09175595238095238 0.062734375
2.0 0.7802678571428572 0.46578125 0.10244047619047619 0.06921875
2.0 0.5964583333333333 0.6311328125 0.10431547619047618 0.0764453125
2.0 0.948779761904762 0.52625 0.08452380952380951 0.059765625
2.0 0.5378869047619047 0.4920703125 0.090625 0.055390625
