2.0 0.7975892857142858 0.9119921875 0.14720238095238095 0.10171875
2.0 0.5538392857142858 0.8708203125 0.18125 0.144921875
2.0 0.2350297619047619 0.763359375 0.11994047619047618 0.0978125
2.0 0.1544047619047619 0.350234375 0.0630952380952381 0.048359375
2.0 0.2850595238095238 0.3715234375 0.08232142857142857 0.059296875
2.0 0.30122023809523807 0.4690625 0.08410714285714287 0.0590234375
2.0 0.6413988095238095 0.5015625 0.0844345238095238 0.0626171875
2.0 0.5361011904761904 0.525234375 0.09101190476190475 0.0625390625
2.0 0.7648214285714287 0.46015625 0.10154761904761904 0.0695703125
2.0 0.5613690476190476 0.6159765625 0.10175595238095238 0.0752734375
2.0 0.9330357142857143 0.520859375 0.08452380952380951 0.059375
2.0 0.518422619047619 0.4847265625 0.08925595238095238 0.0548828125
