2.0 0.8250892857142857 0.92328125 0.14866071428571428 0.09765625
2.0 0.5755952380952382 0.882734375 0.1844047619047619 0.1466015625
2.0 0.24889880952380952 0.7724609375 0.12223214285714286 0.099140625
2.0 0.14907738095238096 0.3480078125 0.06282738095238095 0.04796875
2.0 0.27895833333333336 0.3692578125 0.08157738095238096 0.0591796875
2.0 0.2911309523809524 0.4646875 0.08366071428571428 0.0580859375
2.0 0.6331845238095238 0.4987890625 0.08401785714285714 0.0623828125
2.0 0.5267857142857143 0.5216796875 0.090625 0.062421875
2.0 0.7570833333333333 0.45734375 0.10110119047619047 0.0697265625
2.0 0.5438095238095239 0.608359375 0.10044642857142858 0.0746484375
2.0 0.9251190476190475 0.5181640625 0.08452380952380951 0.059140625
2.0 0.5086904761904761 0.48109375 0.08854166666666667 0.054609375
