2.0 0.8525595238095237 0.93453125 0.15011904761904762 0.09359375
2.0 0.5973511904761905 0.894765625 0.1875892857142857 0.1482421875
2.0 0.2627380952380952 0.7815625 0.12452380952380954 0.1004296875
2.0 0.1437797619047619 0.3458203125 0.06252976190476191 0.0476171875
2.0 0.27288690476190475 0.36703125 0.08083333333333334 0.0590625
2.0 0.2811011904761905 0.4602734375 0.08324404761904762 0.0571484375
2.0 0.6249404761904762 0.496015625 0.08357142857142856 0.0621484375
2.0 0.5175 0.5180859375 0.09023809523809524 0.0623046875
2.0 0.7493452380952381 0.45453125 0.1006547619047619 0.0698828125
2.0 0.52625 0.60078125 0.09913690476190477 0.0740625
2.0 0.9172321428571428 0.5155078125 0.08452380952380951 0.0589453125
2.0 0.4989285714285714 0.477421875 0.08785714285714286 0.054375
