2.0 0.8800892857142857 0.9457421875 0.15160714285714286 0.08953125
2.0 0.6191369047619047 0.9067578125 0.1907738095238095 0.149921875
2.0 0.27883928571428573 0.791640625 0.1256547619047619 0.1021484375
2.0 0.13854166666666665 0.3436328125 0.06226190476190477 0.0472265625
2.0 0.2667857142857143 0.364765625 0.08008928571428571 0.0589453125
2.0 0.2710119047619048 0.455859375 0.08282738095238094 0.0562109375
2.0 0.6167261904761905 0.4932421875 0.083125 0.0619140625
2.0 0.5081547619047619 0.5145703125 0.08985119047619047 0.0621875
2.0 0.7416369047619048 0.45171875 0.10017857142857142 0.0700390625
2.0 0.50875 0.5931640625 0.09785714285714286 0.0734765625
2.0 0.9093452380952382 0.512734375 0.08452380952380951 0.05875
2.0 0.4892261904761905 0.473828125 0.08717261904761904 0.0541015625
