2.0 0.9075892857142857 0.9569921875 0.1530654761904762 0.08546875
2.0 0.6446130952380953 0.9146875 0.19235119047619045 0.1418359375
2.0 0.29488095238095235 0.80171875 0.12678571428571428 0.1038671875
2.0 0.13324404761904762 0.341484375 0.061964285714285715 0.0468359375
2.0 0.2607440476190476 0.3625390625 0.0793452380952381 0.058828125
2.0 0.260952380952381 0.45140625 0.08238095238095237 0.0552734375
2.0 0.6085416666666666 0.49046875 0.08267857142857143 0.0616796875
2.0 0.4988095238095238 0.5109765625 0.08949404761904763 0.0620703125
2.0 0.7338690476190477 0.44890625 0.09976190476190477 0.0701953125
2.0 0.4911607142857143 0.5855859375 0.09657738095238096 0.0728515625
2.0 0.9014285714285715 0.5101171875 0.08452380952380951 0.0585546875
2.0 0.4794940476190477 0.4701171875 0.08645833333333333 0.053828125
