2.0 0.6700892857142857 0.92265625 0.19395833333333334 0.13375
2.0 0.310952380952381 0.811796875 0.12794642857142857 0.1055859375
2.0 0.12797619047619047 0.3392578125 0.061696428571428576 0.046484375
2.0 0.25464285714285717 0.3602734375 0.07860119047619048 0.0587109375
2.0 0.25092261904761903 0.44703125 0.08196428571428571 0.0543359375
2.0 0.600297619047619 0.4876953125 0.08223214285714285 0.061484375
2.0 0.48949404761904763 0.5074609375 0.08910714285714286 0.061953125
2.0 0.7261309523809524 0.4461328125 0.09928571428571428 0.0703515625
2.0 0.4736011904761905 0.5780078125 0.09526785714285714 0.072265625
2.0 0.8935714285714286 0.507421875 0.08452380952380951 0.0583203125
2.0 0.46976190476190477 0.466484375 0.08577380952380953 0.05359375
