2.0 0.6955654761904763 0.930625 0.19556547619047618 0.125625
2.0 0.32705357142857144 0.821796875 0.12907738095238094 0.1073046875
2.0 0.24857142857142855 0.358046875 0.07785714285714286 0.05859375
2.0 0.24083333333333334 0.44265625 0.08151785714285714 0.0533984375
2.0 0.5927976190476191 0.485 0.08196428571428571 0.06125
2.0 0.48017857142857145 0.50390625 0.08872023809523809 0.061875
2.0 0.7184226190476191 0.4433203125 0.09883928571428571 0.0705078125
2.0 0.45607142857142857 0.5703515625 0.09395833333333334 0.0716796875
2.0 0.8856547619047619 0.504765625 0.08452380952380951 0.058125
2.0 0.46 0.4628515625 0.08508928571428571 0.0533203125
