2.0 0.37526785714285715 0.85203125 0.1325 0.1124609375
2.0 0.23148809523809524 0.3523046875 0.07642857142857143 0.058203125
2.0 0.21232142857142858 0.4308203125 0.07880952380952382 0.0518359375
2.0 0.5703273809523809 0.47703125 0.08110119047619048 0.0605078125
2.0 0.4521726190476191 0.493203125 0.08758928571428572 0.0615234375
2.0 0.6952380952380952 0.4348828125 0.09749999999999999 0.071015625
2.0 0.4066071428571429 0.5484765625 0.09035714285714286 0.0696484375
2.0 0.9315476190476191 0.6878515625 0.12107142857142857 0.0809765625
2.0 0.8619940476190476 0.496640625 0.08452380952380951 0.0575
2.0 0.43080357142857145 0.451875 0.08297619047619047 0.0525390625
