2.0 0.3944345238095238 0.861953125 0.13479166666666667 0.1109375
2.0 0.22601190476190475 0.350546875 0.07610119047619048 0.0580859375
2.0 0.203125 0.4271484375 0.07767857142857143 0.0515234375
2.0 0.5628571428571428 0.474296875 0.08080357142857142 0.0602734375
2.0 0.4428571428571429 0.4896875 0.08720238095238095 0.06140625
2.0 0.6875 0.4320703125 0.09705357142857143 0.071171875
2.0 0.39229166666666665 0.5416796875 0.08934523809523809 0.0687890625
2.0 0.9180654761904763 0.682421875 0.12032738095238095 0.0805859375
2.0 0.854107142857143 0.49390625 0.08452380952380951 0.0573046875
2.0 0.4211011904761905 0.4482421875 0.08229166666666667 0.052265625
2.0 0.9538690476190477 0.5619140625 0.09023809523809524 0.0569921875
