2.0 0.432827380952381 0.88171875 0.139375 0.1079296875
2.0 0.2149702380952381 0.34703125 0.07544642857142858 0.0578515625
2.0 0.18467261904761903 0.4198046875 0.07538690476190475 0.050859375
2.0 0.5478571428571429 0.468984375 0.08023809523809525 0.0598046875
2.0 0.4241964285714286 0.482578125 0.08642857142857142 0.061171875
2.0 0.6720535714285715 0.4264453125 0.0961607142857143 0.071484375
2.0 0.3636011904761905 0.5281640625 0.08732142857142858 0.0671484375
2.0 0.8910119047619047 0.6715625 0.11880952380952381 0.07984375
2.0 0.9325595238095238 0.6014453125 0.1125595238095238 0.084921875
2.0 0.8383333333333334 0.48859375 0.08452380952380951 0.0569140625
2.0 0.40160714285714283 0.4409765625 0.08089285714285714 0.0517578125
2.0 0.9363988095238095 0.5553515625 0.09023809523809524 0.0569921875
