2.0 0.5096130952380952 0.9212890625 0.14851190476190476 0.101953125
2.0 0.19300595238095236 0.34 0.07410714285714286 0.05734375
2.0 0.1499404761904762 0.40671875 0.07196428571428572 0.05171875
2.0 0.5178869047619047 0.4583203125 0.07910714285714285 0.058828125
2.0 0.3869047619047619 0.468359375 0.08491071428571428 0.0607421875
2.0 0.6422916666666667 0.4158984375 0.09455357142857143 0.0716015625
2.0 0.3062202380952381 0.5012109375 0.08327380952380953 0.0637890625
2.0 0.8369642857142858 0.64984375 0.11574404761904762 0.0783203125
2.0 0.8977976190476191 0.5886328125 0.11044642857142857 0.0828515625
2.0 0.8067261904761904 0.4778125 0.08452380952380951 0.05609375
2.0 0.3644642857142857 0.4271875 0.07952380952380952 0.050703125
2.0 0.9016071428571428 0.5422265625 0.09023809523809524 0.0569921875
