2.0 0.5479761904761905 0.94109375 0.1530654761904762 0.0989453125
2.0 0.1820238095238095 0.3365234375 0.07345238095238095 0.057109375
2.0 0.1336904761904762 0.4011328125 0.07083333333333333 0.053203125
2.0 0.5029464285714286 0.4529296875 0.07854166666666666 0.058359375
2.0 0.3682440476190476 0.4612109375 0.08413690476190476 0.0605078125
2.0 0.6292261904761904 0.4116796875 0.09404761904761905 0.070859375
2.0 0.2793154761904762 0.48921875 0.08110119047619048 0.06171875
2.0 0.8099107142857143 0.6389453125 0.11422619047619048 0.077578125
2.0 0.8803869047619047 0.5822265625 0.1094047619047619 0.0818359375
2.0 0.790952380952381 0.472421875 0.08452380952380951 0.0556640625
2.0 0.3485714285714286 0.4216015625 0.08092261904761905 0.0501171875
2.0 0.8841666666666667 0.5356640625 0.09023809523809524 0.0569921875
