2.0 0.5671428571428572 0.9509765625 0.15535714285714286 0.0974609375
2.0 0.17648809523809522 0.334765625 0.07309523809523809 0.0569921875
2.0 0.49544642857142857 0.4503125 0.07824404761904762 0.058125
2.0 0.35889880952380954 0.4576953125 0.0837797619047619 0.0604296875
2.0 0.6226190476190476 0.40953125 0.09380952380952381 0.07046875
2.0 0.2667261904761905 0.4839453125 0.0799702380952381 0.06046875
2.0 0.7963690476190476 0.633515625 0.11345238095238094 0.0772265625
2.0 0.8716666666666667 0.5790625 0.10886904761904762 0.0812890625
2.0 0.7830952380952381 0.4697265625 0.08452380952380951 0.05546875
2.0 0.34059523809523806 0.418828125 0.08163690476190476 0.0498046875
2.0 0.8754464285714285 0.5323828125 0.09023809523809524 0.0569921875
