2.0 0.17148809523809522 0.333203125 0.07285714285714286 0.0567578125
2.0 0.48791666666666667 0.4476171875 0.07797619047619048 0.057890625
2.0 0.34955357142857146 0.454140625 0.08339285714285714 0.0603125
2.0 0.6160714285714286 0.4074609375 0.09357142857142857 0.070078125
2.0 0.2541666666666667 0.4787109375 0.07880952380952382 0.05921875
2.0 0.7828869047619048 0.628046875 0.11270833333333333 0.0768359375
2.0 0.8629761904761905 0.575859375 0.10833333333333332 0.08078125
2.0 0.7760416666666666 0.4673828125 0.08410714285714287 0.0549609375
2.0 0.3326488095238095 0.416015625 0.08232142857142857 0.04953125
2.0 0.8667261904761906 0.5291015625 0.09023809523809524 0.0569921875
