2.0 0.16648809523809524 0.3315625 0.07261904761904761 0.0565234375
2.0 0.4804464285714286 0.444921875 0.07767857142857143 0.05765625
2.0 0.34020833333333333 0.450625 0.08300595238095239 0.0601953125
2.0 0.6095535714285715 0.4053515625 0.09330357142857143 0.0697265625
2.0 0.24163690476190475 0.473515625 0.07767857142857143 0.05796875
2.0 0.7693749999999999 0.62265625 0.1119345238095238 0.0764453125
2.0 0.8542559523809523 0.5726171875 0.10782738095238094 0.0802734375
2.0 0.7691071428571429 0.465 0.08369047619047619 0.0544921875
2.0 0.32467261904761907 0.413203125 0.08303571428571428 0.0492578125
2.0 0.8580357142857143 0.5258203125 0.09023809523809524 0.0569921875
