2.0 0.15645833333333334 0.328359375 0.07211309523809524 0.0561328125
2.0 0.4655059523809524 0.4395703125 0.07711309523809524 0.0571875
2.0 0.3215773809523809 0.443515625 0.08223214285714285 0.0599609375
2.0 0.5964583333333333 0.4011328125 0.09279761904761905 0.068984375
2.0 0.21645833333333334 0.46296875 0.07538690476190475 0.05546875
2.0 0.7423511904761905 0.6117578125 0.11041666666666668 0.075703125
2.0 0.8369047619047618 0.56625 0.10675595238095237 0.07921875
2.0 0.7551190476190476 0.4603125 0.08282738095238094 0.0534765625
2.0 0.3087797619047619 0.4076171875 0.0844345238095238 0.048671875
2.0 0.9509523809523809 0.6548828125 0.08681547619047619 0.071953125
2.0 0.8405952380952381 0.519296875 0.09023809523809524 0.0569921875
