2.0 0.15142857142857144 0.32671875 0.071875 0.0558984375
2.0 0.4580059523809523 0.4369140625 0.07681547619047618 0.056953125
2.0 0.31416666666666665 0.44046875 0.08107142857142857 0.0598046875
2.0 0.5898809523809524 0.3990234375 0.09255952380952381 0.06859375
2.0 0.2050297619047619 0.4582421875 0.07467261904761904 0.0552734375
2.0 0.7288095238095238 0.606328125 0.10967261904761905 0.0753515625
2.0 0.8281845238095238 0.563046875 0.10622023809523809 0.0787109375
2.0 0.7481845238095237 0.4579296875 0.0824107142857143 0.05296875
2.0 0.30163690476190474 0.4048046875 0.08348214285714287 0.048359375
2.0 0.9384821428571428 0.6501171875 0.08630952380952381 0.0715625
2.0 0.8319047619047618 0.5160546875 0.09023809523809524 0.0569921875
