2.0 0.14639880952380951 0.3251171875 0.07163690476190476 0.055703125
2.0 0.45050595238095237 0.43421875 0.07651785714285715 0.05671875
2.0 0.3067857142857143 0.437421875 0.07988095238095239 0.0596484375
2.0 0.5833333333333334 0.3969140625 0.09232142857142857 0.068203125
2.0 0.1935714285714286 0.4535546875 0.07392857142857143 0.0550390625
2.0 0.7152678571428572 0.6009375 0.10889880952380954 0.0749609375
2.0 0.8194940476190476 0.5598046875 0.10571428571428572 0.078203125
2.0 0.7411607142857143 0.455546875 0.08199404761904762 0.0524609375
2.0 0.2945535714285714 0.40203125 0.0825595238095238 0.0480859375
2.0 0.9260119047619048 0.645390625 0.08580357142857142 0.0711328125
2.0 0.8232142857142858 0.512734375 0.09023809523809524 0.0569921875
