2.0 0.05970238095238095 0.64515625 0.09767857142857143 0.1064453125
2.0 0.14136904761904762 0.3235546875 0.07139880952380952 0.05546875
2.0 0.44300595238095236 0.4315234375 0.07625 0.0564453125
2.0 0.299375 0.434375 0.0786904761904762 0.0594921875
2.0 0.5768154761904762 0.39484375 0.09205357142857143 0.0678515625
2.0 0.18211309523809524 0.448828125 0.07318452380952381 0.05484375
2.0 0.7017857142857143 0.59546875 0.108125 0.0745703125
2.0 0.8108035714285714 0.556640625 0.10517857142857144 0.07765625
2.0 0.7341964285714285 0.4532421875 0.08157738095238096 0.051953125
2.0 0.28741071428571424 0.39921875 0.08160714285714286 0.0478125
2.0 0.9134821428571429 0.640625 0.08532738095238096 0.070703125
2.0 0.8144642857142858 0.5094921875 0.09023809523809524 0.0569921875
