2.0 0.07154761904761904 0.6531640625 0.099375 0.105859375
2.0 0.4355059523809524 0.428828125 0.07595238095238095 0.0562109375
2.0 0.2919642857142857 0.4313671875 0.0775 0.0593359375
2.0 0.5702380952380952 0.3926953125 0.0918154761904762 0.0674609375
2.0 0.170625 0.444140625 0.0724404761904762 0.054609375
2.0 0.6882440476190477 0.5900390625 0.10738095238095238 0.07421875
2.0 0.8020833333333334 0.5534765625 0.10464285714285713 0.0771484375
2.0 0.7272321428571429 0.4508203125 0.08116071428571428 0.051484375
2.0 0.2802678571428571 0.39640625 0.08065476190476191 0.0475
2.0 0.9010119047619047 0.635859375 0.08482142857142858 0.0702734375
2.0 0.8069047619047619 0.5068359375 0.09005952380952381 0.0568359375
