2.0 0.09520833333333333 0.669296875 0.10279761904761904 0.1046875
2.0 0.4228273809523809 0.4241015625 0.07529761904761904 0.056015625
2.0 0.27714285714285714 0.4253125 0.07514880952380952 0.0590234375
2.0 0.5571428571428572 0.3884765625 0.09130952380952381 0.06671875
2.0 0.14770833333333333 0.4346875 0.07098214285714285 0.0541796875
2.0 0.66125 0.579140625 0.10586309523809524 0.0734765625
2.0 0.784672619047619 0.54703125 0.10360119047619049 0.0761328125
2.0 0.7132440476190476 0.446171875 0.08029761904761905 0.05046875
2.0 0.2660416666666667 0.390859375 0.07875 0.046953125
2.0 0.8760119047619047 0.6263671875 0.0838095238095238 0.0694140625
2.0 0.7917559523809523 0.5016015625 0.08973214285714286 0.0565234375
