2.0 0.13071428571428573 0.693359375 0.10794642857142858 0.10296875
2.0 0.40383928571428573 0.4169921875 0.0743452380952381 0.055703125
2.0 0.25494047619047616 0.41625 0.07160714285714286 0.058515625
2.0 0.5374702380952381 0.3821484375 0.0905654761904762 0.0655859375
2.0 0.6206547619047619 0.5628515625 0.10357142857142856 0.07234375
2.0 0.7585714285714286 0.537421875 0.10202380952380953 0.0745703125
2.0 0.6923214285714285 0.4390234375 0.07901785714285714 0.048984375
2.0 0.24464285714285716 0.3824609375 0.07592261904761906 0.0460546875
2.0 0.8385416666666666 0.6120703125 0.08232142857142857 0.0681640625
2.0 0.9026190476190475 0.7234375 0.1200297619047619 0.083359375
2.0 0.769077380952381 0.493671875 0.08922619047619047 0.0560546875
