2.0 0.1425595238095238 0.70140625 0.10967261904761905 0.1023828125
2.0 0.3975 0.4146484375 0.07398809523809524 0.0555859375
2.0 0.24752976190476192 0.4132421875 0.07041666666666667 0.058359375
2.0 0.5309226190476191 0.3800390625 0.09029761904761904 0.065234375
2.0 0.6071428571428571 0.557421875 0.10279761904761904 0.071953125
2.0 0.7498511904761904 0.5342578125 0.10148809523809524 0.0740234375
2.0 0.685327380952381 0.43671875 0.07860119047619048 0.0484765625
2.0 0.2375297619047619 0.3796484375 0.0749702380952381 0.04578125
2.0 0.8260416666666667 0.6073046875 0.08181547619047619 0.067734375
2.0 0.8847321428571429 0.7157421875 0.11949404761904761 0.0830859375
2.0 0.7615178571428571 0.49109375 0.08904761904761906 0.0559375
