2.0 0.18047619047619048 0.7259765625 0.11523809523809524 0.1037890625
2.0 0.3784821428571429 0.4075390625 0.07303571428571429 0.0552734375
2.0 0.22529761904761905 0.4041796875 0.06687499999999999 0.057890625
2.0 0.5113095238095239 0.3737109375 0.08955357142857143 0.0641015625
2.0 0.5751488095238095 0.5446484375 0.10047619047619047 0.070546875
2.0 0.7237797619047619 0.5246484375 0.09991071428571428 0.0725
2.0 0.6643749999999999 0.4295703125 0.07732142857142857 0.0469921875
2.0 0.2161309523809524 0.3712890625 0.07214285714285713 0.044921875
2.0 0.7885416666666666 0.5930078125 0.08032738095238094 0.066484375
2.0 0.8311011904761905 0.69265625 0.11788690476190476 0.0821875
2.0 0.7387797619047619 0.483203125 0.08854166666666667 0.05546875
