2.0 0.19464285714285717 0.7345703125 0.1174107142857143 0.1063671875
2.0 0.37214285714285716 0.40515625 0.07270833333333333 0.05515625
2.0 0.21791666666666668 0.4011328125 0.0656845238095238 0.057734375
2.0 0.5047321428571429 0.3716015625 0.0893154761904762 0.0637109375
2.0 0.5644642857142858 0.540390625 0.09967261904761905 0.070078125
2.0 0.7151190476190477 0.5214453125 0.099375 0.071953125
2.0 0.6574107142857143 0.4272265625 0.0769047619047619 0.046484375
2.0 0.20901785714285714 0.3684765625 0.07119047619047619 0.0446484375
2.0 0.7760416666666666 0.5883203125 0.07982142857142857 0.0660546875
2.0 0.8131845238095239 0.685 0.11738095238095238 0.0819140625
2.0 0.7312202380952381 0.4805859375 0.08836309523809524 0.0553125
