2.0 0.20886904761904765 0.743046875 0.11955357142857144 0.1089453125
2.0 0.36583333333333334 0.4027734375 0.07238095238095238 0.0550390625
2.0 0.21160714285714283 0.3984765625 0.06514880952380953 0.0574609375
2.0 0.4982142857142857 0.3694921875 0.08907738095238095 0.063359375
2.0 0.5537797619047619 0.5361328125 0.09889880952380951 0.069609375
2.0 0.7078571428571429 0.5187890625 0.09901785714285716 0.071796875
2.0 0.6504464285714286 0.4248828125 0.07648809523809523 0.0459765625
2.0 0.20190476190476192 0.3656640625 0.07023809523809524 0.0443359375
2.0 0.7635714285714286 0.58359375 0.07931547619047619 0.065625
2.0 0.7952678571428571 0.677265625 0.11684523809523809 0.0816015625
2.0 0.7236904761904762 0.47796875 0.08818452380952381 0.05515625
