2.0 0.2230654761904762 0.751640625 0.12172619047619047 0.1115234375
2.0 0.35946428571428574 0.400390625 0.07205357142857143 0.054921875
2.0 0.20529761904761906 0.395859375 0.06461309523809525 0.0571875
2.0 0.49163690476190475 0.367421875 0.08880952380952381 0.06296875
2.0 0.5431547619047619 0.531875 0.09812499999999999 0.069140625
2.0 0.7005654761904762 0.5162109375 0.09866071428571428 0.071640625
2.0 0.6434523809523809 0.4225 0.07607142857142857 0.04546875
2.0 0.19476190476190475 0.362890625 0.06928571428571428 0.0440625
2.0 0.7510714285714286 0.5787890625 0.07880952380952382 0.065234375
2.0 0.7795535714285714 0.6709375 0.11601190476190475 0.081171875
2.0 0.7161011904761905 0.4753125 0.08800595238095238 0.0550390625
