2.0 0.23729166666666668 0.7601171875 0.12386904761904761 0.1141015625
2.0 0.3531547619047619 0.3980078125 0.07172619047619049 0.05484375
2.0 0.19901785714285716 0.393203125 0.06407738095238096 0.0569140625
2.0 0.4850892857142857 0.3652734375 0.08857142857142858 0.062578125
2.0 0.5324702380952381 0.5276171875 0.09732142857142859 0.0686328125
2.0 0.6933035714285714 0.5136328125 0.09830357142857143 0.0714453125
2.0 0.6364880952380952 0.42015625 0.0756547619047619 0.0449609375
2.0 0.18761904761904763 0.360078125 0.06833333333333333 0.04375
2.0 0.7398214285714286 0.574453125 0.07824404761904762 0.0651171875
2.0 0.7637797619047619 0.664609375 0.11517857142857144 0.08078125
2.0 0.7085119047619047 0.4726953125 0.08785714285714286 0.0548828125
