2.0 0.2515178571428572 0.768671875 0.12604166666666666 0.1166796875
2.0 0.3468154761904762 0.395625 0.07139880952380952 0.0547265625
2.0 0.19270833333333334 0.3905078125 0.06357142857142857 0.056640625
2.0 0.47851190476190475 0.3631640625 0.08830357142857144 0.0622265625
2.0 0.5217857142857143 0.5233203125 0.09654761904761903 0.0681640625
2.0 0.6860416666666667 0.5109765625 0.09794642857142856 0.0712890625
2.0 0.6294642857142857 0.4177734375 0.07520833333333334 0.0444921875
2.0 0.18053571428571427 0.357265625 0.06738095238095239 0.0434765625
2.0 0.7285416666666666 0.57015625 0.07767857142857143 0.065
2.0 0.7480059523809525 0.65828125 0.1143452380952381 0.0803515625
2.0 0.700922619047619 0.470078125 0.08767857142857143 0.0547265625
2.0 0.9538095238095239 0.5821484375 0.0925297619047619 0.0734765625
