2.0 0.2799404761904762 0.78578125 0.13035714285714284 0.121875
2.0 0.3341071428571429 0.390859375 0.07074404761904762 0.0544921875
2.0 0.18011904761904762 0.385234375 0.0625 0.0561328125
2.0 0.46541666666666665 0.358984375 0.08779761904761904 0.061484375
2.0 0.5004166666666666 0.51484375 0.095 0.0672265625
2.0 0.6715178571428572 0.50578125 0.09723214285714286 0.0709375
2.0 0.6155357142857143 0.4130859375 0.074375 0.0434765625
2.0 0.16788690476190476 0.35203125 0.06592261904761905 0.042421875
2.0 0.7060119047619048 0.561484375 0.07651785714285715 0.064765625
2.0 0.7165178571428571 0.6456640625 0.11270833333333333 0.0794921875
2.0 0.9458630952380952 0.5109765625 0.10851190476190477 0.071953125
2.0 0.6858333333333333 0.46484375 0.08732142857142858 0.0544140625
2.0 0.9317857142857142 0.5746875 0.09321428571428572 0.0732421875
