2.0 0.36086309523809523 0.8332421875 0.14163690476190477 0.128046875
2.0 0.3024404761904762 0.3790234375 0.06910714285714285 0.053984375
2.0 0.14857142857142858 0.371953125 0.059851190476190474 0.054765625
2.0 0.43375 0.3487890625 0.08645833333333333 0.0596484375
2.0 0.44708333333333333 0.493515625 0.09107142857142858 0.0648828125
2.0 0.6352083333333334 0.4926953125 0.09541666666666668 0.070078125
2.0 0.5832738095238095 0.4023046875 0.07264880952380952 0.041953125
2.0 0.13625 0.3388671875 0.06226190476190477 0.0397265625
2.0 0.6496428571428572 0.53984375 0.0736904761904762 0.0641796875
2.0 0.6377380952380952 0.6140234375 0.10857142857142857 0.0773828125
2.0 0.9054464285714287 0.4994140625 0.10687499999999998 0.0709765625
2.0 0.6516071428571428 0.4523828125 0.08604166666666667 0.053671875
2.0 0.8765773809523809 0.55609375 0.09494047619047619 0.0726953125
2.0 0.9458630952380952 0.5491796875 0.10851190476190477 0.0734765625
