2.0 0.41410714285714284 0.8659765625 0.14913690476190475 0.1319140625
2.0 0.0712202380952381 0.48609375 0.08125 0.071015625
2.0 0.2860714285714286 0.3728125 0.06851190476190476 0.0534765625
2.0 0.12967261904761904 0.3640234375 0.05824404761904762 0.053984375
2.0 0.417202380952381 0.3436328125 0.08538690476190476 0.058671875
2.0 0.4150595238095238 0.4807421875 0.08875 0.0634375
2.0 0.6134226190476191 0.48484375 0.0943452380952381 0.0695703125
2.0 0.5662797619047619 0.396796875 0.07196428571428572 0.041875
2.0 0.6158630952380952 0.526875 0.07196428571428572 0.063828125
2.0 0.5925297619047619 0.595390625 0.10562500000000001 0.075546875
2.0 0.8812500000000001 0.4925 0.10586309523809524 0.070390625
2.0 0.6344047619047619 0.445546875 0.08488095238095238 0.053203125
2.0 0.8445535714285713 0.545078125 0.09598214285714286 0.0723828125
2.0 0.9194642857142857 0.5393359375 0.10797619047619048 0.0720703125
