2.0 0.43238095238095237 0.877421875 0.15175595238095238 0.1334375
2.0 0.08321428571428571 0.4916796875 0.08104166666666666 0.070546875
2.0 0.2805952380952381 0.3707421875 0.06830357142857142 0.0533203125
2.0 0.41169642857142863 0.3419140625 0.0850297619047619 0.058359375
2.0 0.4044047619047619 0.476484375 0.08794642857142858 0.06296875
2.0 0.6061607142857143 0.4822265625 0.09398809523809523 0.0694140625
2.0 0.560625 0.394921875 0.07175595238095238 0.041875
2.0 0.6045535714285715 0.522578125 0.07139880952380952 0.0637109375
2.0 0.5777678571428572 0.5891796875 0.10458333333333333 0.0748046875
2.0 0.8731547619047619 0.49015625 0.10553571428571429 0.0701953125
2.0 0.6286309523809523 0.4432421875 0.08449404761904762 0.0530859375
2.0 0.8345535714285715 0.541484375 0.09633928571428571 0.072265625
2.0 0.9106845238095238 0.5360546875 0.10782738095238094 0.0716015625
