2.0 0.4689285714285714 0.9003125 0.15699404761904762 0.1364453125
2.0 0.10729166666666666 0.5028515625 0.0805952380952381 0.069609375
2.0 0.269672619047619 0.3666015625 0.06791666666666667 0.0530078125
2.0 0.4006845238095238 0.3383984375 0.0843452380952381 0.057734375
2.0 0.38749999999999996 0.4697265625 0.08639880952380953 0.0623046875
2.0 0.5916369047619048 0.47703125 0.09327380952380952 0.0690625
2.0 0.5492857142857143 0.39125 0.07130952380952381 0.0418359375
2.0 0.5857440476190476 0.515390625 0.07056547619047619 0.0628515625
2.0 0.5483630952380952 0.576875 0.1024702380952381 0.073359375
2.0 0.8570238095238094 0.4855859375 0.10488095238095238 0.0698046875
2.0 0.6171428571428572 0.4387109375 0.08369047619047619 0.0527734375
2.0 0.8145535714285714 0.5344140625 0.09702380952380953 0.0720703125
2.0 0.893095238095238 0.5294140625 0.10747023809523809 0.070703125
2.0 0.9372916666666666 0.7860546875 0.12794642857142857 0.079453125
