2.0 0.48720238095238094 0.9117578125 0.15958333333333333 0.1379296875
2.0 0.1193154761904762 0.5083984375 0.08038690476190477 0.069140625
2.0 0.26419642857142855 0.36453125 0.06770833333333333 0.0528515625
2.0 0.39517857142857143 0.3366796875 0.08398809523809524 0.0573828125
2.0 0.37910714285714286 0.4663671875 0.08562499999999999 0.061953125
2.0 0.584375 0.474375 0.09291666666666666 0.0688671875
2.0 0.5436904761904762 0.3894140625 0.07107142857142856 0.041796875
2.0 0.5762797619047619 0.5117578125 0.07014880952380953 0.0623828125
2.0 0.5336607142857143 0.570703125 0.10139880952380953 0.0726171875
2.0 0.8502678571428571 0.4832421875 0.10455357142857144 0.069609375
2.0 0.6114285714285714 0.43640625 0.08333333333333333 0.0526171875
2.0 0.8045833333333332 0.5308203125 0.09738095238095237 0.071953125
2.0 0.8843154761904761 0.5261328125 0.10729166666666666 0.070234375
2.0 0.917797619047619 0.77765625 0.12657738095238097 0.0787109375
