2.0 0.5054761904761905 0.9232421875 0.16220238095238096 0.1394140625
2.0 0.13133928571428571 0.5140234375 0.08017857142857143 0.068671875
2.0 0.25875 0.3625 0.06752976190476191 0.05265625
2.0 0.3896726190476191 0.3349609375 0.08363095238095239 0.0570703125
2.0 0.370625 0.4630078125 0.08485119047619048 0.0616015625
2.0 0.5771130952380952 0.471796875 0.09255952380952381 0.0687109375
2.0 0.5379761904761905 0.387578125 0.07086309523809524 0.041796875
2.0 0.566875 0.5081640625 0.06973214285714285 0.061953125
2.0 0.5189285714285715 0.5644921875 0.10035714285714285 0.0719140625
2.0 0.8435119047619049 0.4809375 0.10422619047619049 0.0694140625
2.0 0.6056547619047619 0.434140625 0.08291666666666667 0.0524609375
2.0 0.7945833333333334 0.5273046875 0.09773809523809525 0.0718359375
2.0 0.8755654761904762 0.5229296875 0.10711309523809524 0.069765625
2.0 0.8983035714285714 0.7692578125 0.12517857142857144 0.07796875
