2.0 0.5452380952380952 0.934921875 0.16404761904761905 0.1232421875
2.0 0.15770833333333334 0.52671875 0.081875 0.0696484375
2.0 0.24782738095238094 0.3583203125 0.06711309523809524 0.05234375
2.0 0.3786607142857143 0.331484375 0.08291666666666667 0.0564453125
2.0 0.3537797619047619 0.45625 0.08327380952380953 0.0609375
2.0 0.5625892857142857 0.4665625 0.09184523809523809 0.068359375
2.0 0.5266964285714286 0.38390625 0.07041666666666667 0.0417578125
2.0 0.5480357142857143 0.501015625 0.06889880952380951 0.0610546875
2.0 0.48949404761904763 0.5521875 0.09824404761904762 0.07046875
2.0 0.83 0.476328125 0.10357142857142856 0.068984375
2.0 0.5941666666666666 0.4295703125 0.08214285714285714 0.0521875
2.0 0.7745833333333333 0.52015625 0.09842261904761905 0.071640625
2.0 0.8579761904761904 0.5162890625 0.10675595238095237 0.0688671875
2.0 0.859375 0.7524609375 0.1224404761904762 0.0764453125
