2.0 0.585 0.946640625 0.16586309523809523 0.10703125
2.0 0.1863690476190476 0.541015625 0.08568452380952381 0.0725390625
2.0 0.236875 0.354140625 0.06672619047619048 0.05203125
2.0 0.3676488095238095 0.3280078125 0.08220238095238096 0.05578125
2.0 0.336875 0.4494921875 0.08172619047619048 0.060234375
2.0 0.5480952380952381 0.4613671875 0.09113095238095238 0.0680078125
2.0 0.5153571428571428 0.38015625 0.06994047619047619 0.04171875
2.0 0.5291964285714286 0.4937890625 0.06806547619047619 0.06015625
2.0 0.46416666666666667 0.541328125 0.09580357142857142 0.06859375
2.0 0.8164880952380952 0.47171875 0.10288690476190476 0.06859375
2.0 0.5827083333333333 0.425 0.08136904761904762 0.051875
2.0 0.7546130952380953 0.513046875 0.09910714285714285 0.0714453125
2.0 0.8404166666666667 0.5097265625 0.10639880952380952 0.0679296875
2.0 0.8204166666666668 0.735703125 0.11970238095238095 0.0749609375
