2.0 0.6048809523809524 0.9524609375 0.1667857142857143 0.0989453125
2.0 0.20068452380952384 0.548203125 0.08758928571428572 0.0739453125
2.0 0.23142857142857146 0.352109375 0.06651785714285714 0.051875
2.0 0.36211309523809526 0.3262890625 0.081875 0.05546875
2.0 0.32845238095238094 0.4461328125 0.08095238095238096 0.059921875
2.0 0.5408333333333333 0.45875 0.09077380952380952 0.0678515625
2.0 0.509702380952381 0.3783203125 0.06973214285714285 0.0416796875
2.0 0.5197321428571429 0.4901953125 0.06764880952380953 0.0597265625
2.0 0.45145833333333335 0.535859375 0.09458333333333334 0.06765625
2.0 0.809702380952381 0.469375 0.10255952380952381 0.0683984375
2.0 0.5769345238095238 0.422734375 0.08098214285714286 0.05171875
2.0 0.7449702380952381 0.5096484375 0.09946428571428571 0.071328125
2.0 0.831577380952381 0.506484375 0.10622023809523809 0.0674609375
2.0 0.800952380952381 0.7273046875 0.11833333333333333 0.07421875
