2.0 0.21502976190476192 0.5553125 0.08949404761904763 0.075390625
2.0 0.22595238095238096 0.35 0.06633928571428571 0.0516796875
2.0 0.35663690476190474 0.3245703125 0.08151785714285714 0.05515625
2.0 0.3200297619047619 0.442734375 0.08017857142857143 0.0595703125
2.0 0.5335714285714286 0.45609375 0.09041666666666666 0.0676953125
2.0 0.5040476190476191 0.376484375 0.06949404761904762 0.0416796875
2.0 0.5103571428571428 0.4866015625 0.06723214285714285 0.059296875
2.0 0.4388095238095238 0.530390625 0.09339285714285714 0.06671875
2.0 0.8029761904761905 0.4670703125 0.10223214285714285 0.068203125
2.0 0.5711904761904761 0.420390625 0.0805952380952381 0.0515625
2.0 0.7353869047619048 0.50625 0.09979166666666667 0.0712109375
2.0 0.8239285714285713 0.5036328125 0.10541666666666667 0.067421875
2.0 0.7814583333333334 0.7188671875 0.1169642857142857 0.0734765625
