2.0 0.24366071428571429 0.569609375 0.09327380952380952 0.07828125
2.0 0.21502976190476192 0.3458984375 0.06592261904761905 0.0513671875
2.0 0.3455952380952381 0.32109375 0.08080357142857142 0.0544921875
2.0 0.3031547619047619 0.436015625 0.07860119047619048 0.0588671875
2.0 0.5190476190476191 0.4508984375 0.08967261904761904 0.06734375
2.0 0.49273809523809525 0.3728125 0.06904761904761905 0.041640625
2.0 0.4915178571428572 0.479453125 0.06639880952380953 0.0583984375
2.0 0.4134523809523809 0.5195703125 0.09095238095238095 0.06484375
2.0 0.7894345238095238 0.4624609375 0.10157738095238096 0.0678125
2.0 0.559702380952381 0.4158203125 0.07982142857142857 0.0512890625
2.0 0.7161309523809524 0.4994140625 0.10050595238095239 0.071015625
2.0 0.8086011904761905 0.497890625 0.10375 0.06734375
2.0 0.7425297619047619 0.7021484375 0.11422619047619048 0.071953125
2.0 0.9309821428571429 0.73359375 0.1313690476190476 0.1004296875
