2.0 0.2866369047619048 0.59109375 0.09898809523809524 0.082578125
2.0 0.19866071428571427 0.3397265625 0.06532738095238096 0.050859375
2.0 0.3290773809523809 0.3158984375 0.07973214285714285 0.0535546875
2.0 0.2778273809523809 0.4258984375 0.0762797619047619 0.0578515625
2.0 0.49723214285714284 0.4430859375 0.08860119047619047 0.0668359375
2.0 0.47577380952380954 0.367265625 0.06836309523809524 0.0415625
2.0 0.46324404761904764 0.4686328125 0.06514880952380953 0.0570703125
2.0 0.3774702380952381 0.504140625 0.08779761904761904 0.0626171875
2.0 0.7691666666666667 0.4555859375 0.10059523809523808 0.0672265625
2.0 0.5424404761904762 0.4089453125 0.07866071428571428 0.0508203125
2.0 0.6872321428571428 0.4892578125 0.10154761904761904 0.0706640625
2.0 0.7855357142857142 0.489375 0.10127976190476191 0.0672265625
2.0 0.684047619047619 0.676953125 0.11011904761904762 0.0697265625
2.0 0.8785714285714286 0.7126171875 0.12877976190476192 0.0974609375
