2.0 0.30095238095238097 0.5982421875 0.10089285714285715 0.0840234375
2.0 0.1931845238095238 0.3376171875 0.06514880952380953 0.050703125
2.0 0.32357142857142857 0.314140625 0.07940476190476191 0.053203125
2.0 0.26940476190476187 0.4225 0.07550595238095238 0.0575
2.0 0.4899702380952381 0.4404296875 0.08824404761904761 0.066640625
2.0 0.47008928571428565 0.3654296875 0.0681547619047619 0.0415625
2.0 0.4538095238095238 0.4650390625 0.06473214285714286 0.056640625
2.0 0.36681547619047616 0.4996484375 0.08708333333333333 0.062265625
2.0 0.7624404761904762 0.4532421875 0.10023809523809524 0.06703125
2.0 0.5366964285714286 0.4066796875 0.07827380952380952 0.0506640625
2.0 0.6776190476190477 0.485859375 0.101875 0.0705859375
2.0 0.7778571428571429 0.486484375 0.10044642857142858 0.0671875
2.0 0.6646130952380952 0.6684765625 0.10875 0.068984375
2.0 0.8611011904761904 0.7055859375 0.12794642857142857 0.0964453125
