2.0 0.31529761904761905 0.605390625 0.10279761904761904 0.08546875
2.0 0.18770833333333334 0.3355859375 0.06494047619047619 0.050546875
2.0 0.3185714285714286 0.3127734375 0.07892857142857143 0.052734375
2.0 0.26098214285714283 0.419140625 0.07473214285714286 0.0571875
2.0 0.48270833333333335 0.4377734375 0.08788690476190476 0.066484375
2.0 0.4644345238095238 0.36359375 0.06791666666666667 0.0415234375
2.0 0.444375 0.4614453125 0.06431547619047619 0.056171875
2.0 0.3561904761904762 0.4951171875 0.08636904761904762 0.0619140625
2.0 0.7556547619047619 0.4509375 0.09991071428571428 0.0668359375
2.0 0.530952380952381 0.4044140625 0.07788690476190477 0.0505078125
2.0 0.6679761904761905 0.482421875 0.10223214285714285 0.07046875
2.0 0.7701785714285714 0.4836328125 0.09964285714285713 0.0671484375
2.0 0.6451190476190476 0.6601171875 0.10738095238095238 0.068203125
2.0 0.8436607142857143 0.69859375 0.12708333333333335 0.09546875
