2.0 0.3325 0.614140625 0.10452380952380952 0.08546875
2.0 0.05229166666666667 0.475703125 0.08166666666666667 0.07796875
2.0 0.18226190476190476 0.3334765625 0.06473214285714286 0.050390625
2.0 0.3136011904761905 0.31140625 0.07845238095238095 0.0522265625
2.0 0.2525 0.4157421875 0.07392857142857143 0.0568359375
2.0 0.47544642857142855 0.435234375 0.0875297619047619 0.066328125
2.0 0.45877976190476194 0.3617578125 0.06770833333333333 0.041484375
2.0 0.43494047619047616 0.457890625 0.06392857142857143 0.0557421875
2.0 0.3455654761904762 0.4905859375 0.08562499999999999 0.0615625
2.0 0.7488988095238095 0.4486328125 0.09958333333333333 0.066640625
2.0 0.5252380952380952 0.4021484375 0.0775 0.050390625
2.0 0.6591071428571429 0.480234375 0.09824404761904762 0.068984375
2.0 0.7625 0.4807421875 0.09880952380952382 0.067109375
2.0 0.6256547619047619 0.65171875 0.10601190476190475 0.0674609375
2.0 0.8261904761904763 0.6916015625 0.12622023809523808 0.094453125
