2.0 0.3497619047619048 0.622890625 0.10622023809523809 0.08546875
2.0 0.06416666666666666 0.48171875 0.08232142857142857 0.07796875
2.0 0.17678571428571427 0.33140625 0.06452380952380952 0.050234375
2.0 0.30860119047619045 0.310078125 0.07797619047619048 0.05171875
2.0 0.24407738095238096 0.4123828125 0.0731547619047619 0.056484375
2.0 0.4681845238095238 0.4326171875 0.08717261904761904 0.0661328125
2.0 0.453125 0.3598828125 0.0674702380952381 0.041484375
2.0 0.4255059523809524 0.45421875 0.06351190476190476 0.0553125
2.0 0.3349107142857143 0.48609375 0.08491071428571428 0.0612109375
2.0 0.7421428571428572 0.4462890625 0.09925595238095239 0.0664453125
2.0 0.5194940476190476 0.39984375 0.07711309523809524 0.050234375
2.0 0.6496130952380953 0.4765234375 0.0968452380952381 0.067890625
2.0 0.7548214285714285 0.4779296875 0.09797619047619048 0.06703125
2.0 0.6061904761904762 0.6433203125 0.10464285714285713 0.06671875
2.0 0.8087500000000001 0.684609375 0.12535714285714286 0.0934375
