2.0 0.3841964285714286 0.640390625 0.10967261904761905 0.08546875
2.0 0.08794642857142858 0.4937109375 0.08360119047619048 0.07796875
2.0 0.1661904761904762 0.327890625 0.061696428571428576 0.0462109375
2.0 0.2986011904761905 0.3073046875 0.07702380952380952 0.0507421875
2.0 0.22720238095238096 0.405625 0.07160714285714286 0.0558203125
2.0 0.4547321428571428 0.4278515625 0.08660714285714285 0.065703125
2.0 0.4417857142857143 0.3562109375 0.06702380952380953 0.0414453125
2.0 0.40669642857142857 0.4470703125 0.06267857142857143 0.0544140625
2.0 0.31363095238095234 0.4770703125 0.08345238095238094 0.0605078125
2.0 0.7286011904761904 0.4416796875 0.09860119047619048 0.0660546875
2.0 0.5079761904761905 0.3952734375 0.0763392857142857 0.049921875
2.0 0.6305357142857143 0.4691796875 0.09401785714285714 0.065703125
2.0 0.7394642857142857 0.4722265625 0.09633928571428571 0.066953125
2.0 0.567202380952381 0.6265625 0.10190476190476191 0.065234375
2.0 0.7737797619047619 0.670625 0.12366071428571428 0.0914453125
