2.0 0.4014285714285714 0.649140625 0.11136904761904762 0.08546875
2.0 0.09985119047619047 0.4997265625 0.08425595238095238 0.07796875
2.0 0.16083333333333333 0.3261328125 0.060267857142857144 0.0441796875
2.0 0.2936011904761905 0.3058984375 0.07651785714285715 0.050234375
2.0 0.21875 0.402265625 0.07083333333333333 0.05546875
2.0 0.4485119047619047 0.425703125 0.08642857142857142 0.0654296875
2.0 0.43613095238095234 0.354375 0.0667857142857143 0.0414453125
2.0 0.3972619047619047 0.4434765625 0.06226190476190477 0.053984375
2.0 0.30297619047619045 0.4725 0.08273809523809524 0.06015625
2.0 0.721845238095238 0.4394140625 0.09827380952380953 0.065859375
2.0 0.5022619047619047 0.3930078125 0.07595238095238095 0.049765625
2.0 0.6210119047619047 0.4655078125 0.09261904761904763 0.064609375
2.0 0.7317857142857143 0.469375 0.09550595238095239 0.0669140625
2.0 0.5477678571428571 0.6181640625 0.10050595238095239 0.064453125
2.0 0.7563095238095239 0.66359375 0.12279761904761904 0.09046875
