2.0 0.4591071428571428 0.6769140625 0.11583333333333334 0.086953125
2.0 0.13547619047619047 0.5176953125 0.08616071428571428 0.07796875
2.0 0.1448809523809524 0.320859375 0.055982142857142855 0.038125
2.0 0.19660714285714287 0.393359375 0.06988095238095238 0.0547265625
2.0 0.42988095238095236 0.41921875 0.08583333333333333 0.0646484375
2.0 0.4191369047619048 0.348828125 0.06610119047619048 0.0413671875
2.0 0.3744642857142857 0.4346875 0.061755952380952384 0.053125
2.0 0.2710416666666666 0.4589453125 0.08056547619047619 0.0591015625
2.0 0.7016071428571429 0.4324609375 0.09726190476190476 0.0652734375
2.0 0.48500000000000004 0.3861328125 0.07476190476190477 0.0493359375
2.0 0.5924107142857143 0.454453125 0.08842261904761906 0.061328125
2.0 0.7087202380952381 0.4608203125 0.09303571428571429 0.066796875
2.0 0.5021130952380952 0.5980859375 0.09880952380952382 0.063515625
2.0 0.7047916666666667 0.6427734375 0.12026785714285713 0.088046875
