2.0 0.4793154761904762 0.6864453125 0.11720238095238096 0.0876953125
2.0 0.1473809523809524 0.523671875 0.08681547619047619 0.07796875
2.0 0.13955357142857144 0.3191015625 0.054553571428571423 0.0361328125
2.0 0.18922619047619046 0.3904296875 0.06955357142857144 0.0544921875
2.0 0.42369047619047623 0.417109375 0.08562499999999999 0.0644140625
2.0 0.41351190476190475 0.3469921875 0.06589285714285714 0.0413671875
2.0 0.3669047619047619 0.4317578125 0.06160714285714285 0.0528515625
2.0 0.2604166666666667 0.454453125 0.07985119047619046 0.05875
2.0 0.6947916666666666 0.4301953125 0.0969345238095238 0.065078125
2.0 0.47925595238095237 0.3838671875 0.074375 0.0491796875
2.0 0.5829166666666667 0.4508203125 0.08702380952380952 0.060234375
2.0 0.7010714285714286 0.4579296875 0.09220238095238095 0.0667578125
2.0 0.486875 0.5913671875 0.09824404761904762 0.063203125
2.0 0.6882440476190477 0.6358984375 0.11943452380952382 0.0876171875
