2.0 0.5197321428571429 0.70546875 0.11994047619047618 0.08921875
2.0 0.17517857142857143 0.53796875 0.08952380952380952 0.0809765625
2.0 0.1744047619047619 0.38453125 0.06892857142857142 0.053984375
2.0 0.4112797619047619 0.4127734375 0.08523809523809524 0.0638671875
2.0 0.40217261904761903 0.3433203125 0.06544642857142857 0.0412890625
2.0 0.35175595238095236 0.4258984375 0.061279761904761906 0.052265625
2.0 0.23910714285714288 0.4453515625 0.07839285714285714 0.0580859375
2.0 0.6813095238095238 0.425546875 0.09627976190476191 0.0646484375
2.0 0.4677678571428571 0.379296875 0.07360119047619047 0.0488671875
2.0 0.5638392857142857 0.4433984375 0.08422619047619048 0.058046875
2.0 0.6862797619047619 0.4528515625 0.09092261904761904 0.0665234375
2.0 0.45645833333333335 0.57796875 0.09708333333333333 0.0625390625
2.0 0.6551190476190476 0.6221875 0.11782738095238096 0.0867578125
