2.0 0.5602083333333333 0.7245703125 0.12267857142857143 0.090703125
2.0 0.20294642857142856 0.5521875 0.09223214285714285 0.0839453125
2.0 0.15961309523809525 0.37859375 0.06827380952380953 0.0534765625
2.0 0.3988392857142857 0.4084765625 0.08482142857142858 0.063359375
2.0 0.3908333333333333 0.339609375 0.065 0.04125
2.0 0.33654761904761904 0.420078125 0.06095238095238095 0.0516796875
2.0 0.2194642857142857 0.436875 0.07729166666666666 0.0578515625
2.0 0.6684821428571429 0.42125 0.09565476190476191 0.0638671875
2.0 0.4574404761904762 0.375234375 0.07282738095238095 0.04859375
2.0 0.5462202380952381 0.4370703125 0.08244047619047619 0.0569921875
2.0 0.6720535714285715 0.4484375 0.0900297619047619 0.0661328125
2.0 0.4260119047619047 0.564609375 0.09595238095238096 0.0619140625
2.0 0.6219940476190476 0.6084765625 0.11619047619047619 0.0858984375
