2.0 0.600625 0.74359375 0.12541666666666668 0.0921875
2.0 0.2306845238095238 0.56640625 0.09494047619047619 0.086953125
2.0 0.14696428571428571 0.373671875 0.06476190476190477 0.053203125
2.0 0.38642857142857145 0.4041796875 0.0844345238095238 0.0628515625
2.0 0.37955357142857143 0.3359375 0.06452380952380952 0.0412109375
2.0 0.3213690476190476 0.41421875 0.060625000000000005 0.0511328125
2.0 0.20145833333333332 0.428828125 0.07648809523809523 0.058125
2.0 0.6562202380952381 0.4172265625 0.09505952380952382 0.0626953125
2.0 0.44818452380952384 0.3718359375 0.07205357142857143 0.04828125
2.0 0.5301488095238095 0.4317578125 0.08166666666666667 0.0569921875
2.0 0.6578273809523809 0.4439453125 0.08913690476190476 0.0657421875
2.0 0.39556547619047616 0.55125 0.09482142857142857 0.06125
2.0 0.5908630952380952 0.59578125 0.1143452380952381 0.08484375
