2.0 0.666547619047619 0.7757421875 0.13366071428571427 0.0978125
2.0 0.2744642857142857 0.589375 0.10059523809523808 0.0908984375
2.0 0.04258928571428572 0.524453125 0.07824404761904762 0.079453125
2.0 0.1312202380952381 0.3678515625 0.055178571428571424 0.053203125
2.0 0.36779761904761904 0.3976953125 0.08383928571428571 0.0620703125
2.0 0.36461309523809526 0.3312890625 0.0643452380952381 0.0399609375
2.0 0.2986309523809524 0.4054296875 0.060119047619047614 0.0502734375
2.0 0.17443452380952382 0.416796875 0.07532738095238095 0.0585546875
2.0 0.6379166666666667 0.41125 0.09419642857142857 0.0609375
2.0 0.4344047619047619 0.36671875 0.07089285714285715 0.0478125
2.0 0.5059523809523809 0.42375 0.08053571428571428 0.0569921875
2.0 0.6365178571428571 0.437265625 0.08776785714285713 0.06515625
2.0 0.3499404761904762 0.5311328125 0.09309523809523809 0.0603125
2.0 0.547172619047619 0.5782421875 0.11125 0.083046875
