2.0 0.689375 0.7870703125 0.13708333333333333 0.1002734375
2.0 0.2904464285714286 0.598125 0.10354166666666667 0.091875
2.0 0.05398809523809524 0.5308203125 0.07940476190476191 0.079765625
2.0 0.12598214285714285 0.3658984375 0.05196428571428572 0.053203125
2.0 0.36160714285714285 0.3955859375 0.08363095238095239 0.061796875
2.0 0.35961309523809526 0.3297265625 0.0642857142857143 0.0395703125
2.0 0.29101190476190475 0.4025 0.05997023809523809 0.0499609375
2.0 0.16538690476190476 0.4128515625 0.0749404761904762 0.0587109375
2.0 0.6318154761904762 0.409296875 0.09389880952380952 0.0603515625
2.0 0.4297916666666667 0.365 0.07050595238095239 0.0476953125
2.0 0.4979166666666667 0.4210546875 0.08014880952380952 0.0569921875
2.0 0.6294345238095238 0.4350390625 0.08732142857142858 0.064921875
2.0 0.3347023809523809 0.524453125 0.0925297619047619 0.0599609375
2.0 0.5326190476190477 0.5723828125 0.11023809523809523 0.0824609375
