2.0 0.7579464285714286 0.8210546875 0.14735119047619047 0.107578125
2.0 0.33842261904761906 0.624296875 0.11235119047619048 0.094765625
2.0 0.08827380952380952 0.549921875 0.08282738095238094 0.0806640625
2.0 0.3430059523809524 0.389140625 0.08303571428571428 0.061015625
2.0 0.34467261904761903 0.3251171875 0.06410714285714285 0.0383203125
2.0 0.26824404761904763 0.39375 0.05946428571428571 0.0491015625
2.0 0.14151785714285714 0.4021875 0.07148809523809524 0.0591015625
2.0 0.6135416666666667 0.40328125 0.09300595238095238 0.05859375
2.0 0.4159821428571429 0.35984375 0.0693452380952381 0.0472265625
2.0 0.4743452380952381 0.4129296875 0.07892857142857143 0.056640625
2.0 0.6080654761904762 0.428359375 0.08598214285714285 0.0643359375
2.0 0.2995833333333333 0.50828125 0.08669642857142856 0.0581640625
2.0 0.48892857142857143 0.55484375 0.10714285714285714 0.0806640625
2.0 0.9355654761904763 0.6803515625 0.11080357142857142 0.071953125
