2.0 0.8036011904761905 0.8437890625 0.15419642857142857 0.1124609375
2.0 0.37041666666666667 0.64171875 0.11821428571428572 0.09671875
2.0 0.11113095238095239 0.56265625 0.08508928571428571 0.08125
2.0 0.33056547619047616 0.38484375 0.08264880952380953 0.0605078125
2.0 0.33473214285714287 0.32203125 0.06395833333333333 0.0375
2.0 0.2530952380952381 0.3878515625 0.059166666666666666 0.0485546875
2.0 0.6013392857142857 0.399296875 0.09241071428571429 0.057421875
2.0 0.4067857142857143 0.35640625 0.06857142857142857 0.0469140625
2.0 0.4594642857142857 0.407265625 0.07797619047619048 0.0559375
2.0 0.5938988095238096 0.42390625 0.08505952380952381 0.0639453125
2.0 0.2761607142857143 0.4974609375 0.08282738095238094 0.0569921875
2.0 0.45982142857142855 0.5431640625 0.10508928571428572 0.079453125
2.0 0.9113095238095238 0.670859375 0.10919642857142857 0.0709765625
