2.0 0.8845833333333334 0.8791796875 0.14821428571428572 0.1158203125
2.0 0.43005952380952384 0.66921875 0.12229166666666667 0.1005859375
2.0 0.14538690476190477 0.581796875 0.08854166666666667 0.0821484375
2.0 0.31282738095238094 0.3785546875 0.08175595238095237 0.0596875
2.0 0.3219940476190476 0.31875 0.06482142857142857 0.039921875
2.0 0.23172619047619047 0.379765625 0.058363095238095235 0.04796875
2.0 0.5830357142857143 0.3933203125 0.09154761904761906 0.0556640625
2.0 0.3929761904761905 0.3512890625 0.06738095238095239 0.046484375
2.0 0.4370833333333334 0.3987890625 0.07657738095238095 0.054921875
2.0 0.5725595238095238 0.4172265625 0.0837202380952381 0.063359375
2.0 0.24104166666666665 0.48125 0.07699404761904763 0.05515625
2.0 0.42235119047619046 0.527421875 0.10244047619047619 0.07703125
2.0 0.8749404761904762 0.6566015625 0.10675595238095237 0.069453125
2.0 0.8920238095238096 0.7071484375 0.12202380952380952 0.1018359375
