2.0 0.9115476190476189 0.8909765625 0.1462202380952381 0.116953125
2.0 0.44997023809523806 0.6784375 0.12363095238095238 0.101875
2.0 0.15681547619047617 0.588125 0.08967261904761904 0.0824609375
2.0 0.3075297619047619 0.3766015625 0.0812797619047619 0.0594140625
2.0 0.3175297619047619 0.3173046875 0.06461309523809525 0.040078125
2.0 0.22553571428571428 0.3775 0.05788690476190476 0.04796875
2.0 0.576875 0.3912890625 0.09125 0.055078125
2.0 0.3885119047619047 0.3496484375 0.06726190476190477 0.04640625
2.0 0.4296130952380952 0.3959375 0.07613095238095238 0.0545703125
2.0 0.5654166666666667 0.4149609375 0.08327380952380953 0.0631640625
2.0 0.2293452380952381 0.4758984375 0.07505952380952381 0.0545703125
2.0 0.4098809523809524 0.5221875 0.10157738095238096 0.07625
2.0 0.8628571428571429 0.651875 0.10595238095238095 0.068984375
2.0 0.8739583333333333 0.6999609375 0.12020833333333333 0.101015625
