2.0 0.9589880952380954 0.9180078125 0.08339285714285714 0.101953125
2.0 0.5096130952380952 0.7059375 0.12767857142857142 0.10578125
2.0 0.19863095238095235 0.610625 0.09452380952380952 0.0865625
2.0 0.29157738095238095 0.3707421875 0.07985119047619046 0.05859375
2.0 0.304047619047619 0.313046875 0.06392857142857143 0.0405078125
2.0 0.2069940476190476 0.37078125 0.05648809523809524 0.04796875
2.0 0.5586011904761905 0.3853125 0.09035714285714286 0.0533203125
2.0 0.3751785714285714 0.3448046875 0.06687499999999999 0.0461328125
2.0 0.40726190476190477 0.3874609375 0.07473214285714286 0.0535546875
2.0 0.5452380952380952 0.4083984375 0.08202380952380953 0.062578125
2.0 0.19541666666666666 0.460078125 0.07205357142857143 0.0522265625
2.0 0.3724404761904762 0.5064453125 0.09892857142857144 0.0737890625
2.0 0.8264583333333333 0.63765625 0.10351190476190476 0.0674609375
2.0 0.8198511904761906 0.678359375 0.11476190476190477 0.0985546875
