2.0 0.5295238095238095 0.715078125 0.12901785714285716 0.1070703125
2.0 0.21258928571428573 0.6181640625 0.09613095238095237 0.08796875
2.0 0.2862202380952381 0.3687890625 0.0793452380952381 0.0583203125
2.0 0.2995833333333333 0.311640625 0.0637202380952381 0.040625
2.0 0.20080357142857141 0.368515625 0.05601190476190476 0.04796875
2.0 0.5537202380952382 0.383828125 0.09026785714285714 0.0533984375
2.0 0.3707738095238095 0.343125 0.06675595238095237 0.0460546875
2.0 0.3998214285714286 0.3846484375 0.07425595238095238 0.053203125
2.0 0.5386904761904762 0.4061328125 0.08160714285714286 0.062421875
2.0 0.1842857142857143 0.4549609375 0.07154761904761904 0.051328125
2.0 0.3599702380952381 0.501171875 0.0980654761904762 0.0730078125
2.0 0.8143452380952381 0.632890625 0.10270833333333333 0.066953125
2.0 0.8017857142857142 0.6711328125 0.11294642857142859 0.0977734375
