2.0 0.5493750000000001 0.7242578125 0.13038690476190476 0.108359375
2.0 0.22654761904761905 0.625625 0.09776785714285714 0.0893359375
2.0 0.2808928571428571 0.3668359375 0.07886904761904762 0.058046875
2.0 0.2950595238095238 0.3101953125 0.06348214285714285 0.04078125
2.0 0.19461309523809525 0.36625 0.055535714285714285 0.04796875
2.0 0.5488392857142858 0.38234375 0.09020833333333333 0.0534765625
2.0 0.3663392857142857 0.3415625 0.06663690476190476 0.0459765625
2.0 0.393125 0.3824609375 0.07386904761904763 0.053203125
2.0 0.5321428571428571 0.4039453125 0.0812202380952381 0.0622265625
2.0 0.17318452380952382 0.4497265625 0.07101190476190476 0.05046875
2.0 0.34750000000000003 0.4959375 0.09717261904761905 0.0721875
2.0 0.8022023809523811 0.6281640625 0.10190476190476191 0.066484375
2.0 0.7854464285714287 0.66453125 0.11229166666666665 0.096953125
