2.0 0.5692857142857143 0.7333984375 0.13172619047619047 0.1096484375
2.0 0.24047619047619045 0.6330859375 0.099375 0.090703125
2.0 0.2755654761904762 0.3648828125 0.07839285714285714 0.0577734375
2.0 0.2905654761904762 0.3087890625 0.06327380952380952 0.0409375
2.0 0.18848214285714285 0.3640234375 0.05505952380952381 0.04796875
2.0 0.5439285714285714 0.3808203125 0.09011904761904763 0.0535546875
2.0 0.361875 0.339921875 0.06651785714285714 0.0458984375
2.0 0.38642857142857145 0.380234375 0.07348214285714286 0.053203125
2.0 0.525625 0.401796875 0.08080357142857142 0.06203125
2.0 0.16205357142857144 0.44453125 0.07047619047619047 0.049609375
2.0 0.335 0.490703125 0.0963095238095238 0.0713671875
2.0 0.7900595238095237 0.623359375 0.10110119047619047 0.0659765625
2.0 0.7691369047619048 0.65796875 0.11160714285714286 0.0961328125
