2.0 0.5891666666666667 0.742578125 0.1330654761904762 0.1109375
2.0 0.2544345238095238 0.6406640625 0.10101190476190476 0.0920703125
2.0 0.27026785714285717 0.3629296875 0.07791666666666666 0.0575
2.0 0.2860714285714286 0.30734375 0.06303571428571428 0.04109375
2.0 0.18229166666666666 0.361796875 0.05458333333333333 0.04796875
2.0 0.5389880952380952 0.3793359375 0.0900297619047619 0.0536328125
2.0 0.3574404761904762 0.33828125 0.06636904761904762 0.0458203125
2.0 0.37970238095238096 0.378046875 0.07309523809523809 0.053203125
2.0 0.519077380952381 0.399609375 0.08041666666666666 0.0618359375
2.0 0.15095238095238095 0.439375 0.0699702380952381 0.0487109375
2.0 0.3225297619047619 0.4854296875 0.09541666666666668 0.0705859375
2.0 0.7779464285714285 0.618671875 0.10029761904761905 0.06546875
2.0 0.7528571428571429 0.651328125 0.11095238095238096 0.0953125
