2.0 0.6825 0.788828125 0.14351190476190476 0.1194921875
2.0 0.3101785714285714 0.670625 0.10747023809523809 0.097578125
2.0 0.24898809523809523 0.3551171875 0.07598214285714286 0.0563671875
2.0 0.26845238095238094 0.3040625 0.059404761904761905 0.0382421875
2.0 0.15755952380952382 0.3527734375 0.052708333333333336 0.04796875
2.0 0.5193749999999999 0.373359375 0.08970238095238095 0.0539453125
2.0 0.34098214285714284 0.3323828125 0.06547619047619048 0.0451171875
2.0 0.35285714285714287 0.3693359375 0.07157738095238095 0.053203125
2.0 0.49291666666666667 0.390859375 0.07880952380952382 0.06109375
2.0 0.27625 0.465625 0.09151785714285714 0.0674609375
2.0 0.7294345238095238 0.5996484375 0.09705357142857143 0.0634765625
2.0 0.6875297619047619 0.6249609375 0.10830357142857143 0.0920703125
2.0 0.06297619047619048 0.5840234375 0.07705357142857143 0.0860546875
