2.0 0.7524702380952382 0.823515625 0.15133928571428573 0.1259375
2.0 0.3581547619047619 0.69421875 0.10907738095238095 0.09671875
2.0 0.2330059523809524 0.3492578125 0.07455357142857143 0.055546875
2.0 0.25535714285714284 0.3021484375 0.055982142857142855 0.035234375
2.0 0.13898809523809524 0.346015625 0.051309523809523805 0.04796875
2.0 0.5047321428571429 0.368828125 0.0894642857142857 0.0541796875
2.0 0.32901785714285714 0.328046875 0.06473214285714286 0.0444921875
2.0 0.33270833333333333 0.3627734375 0.07044642857142858 0.053203125
2.0 0.47330357142857143 0.3842578125 0.07761904761904762 0.060546875
2.0 0.24422619047619049 0.4515234375 0.08830357142857144 0.065234375
2.0 0.6936011904761905 0.5854296875 0.09565476190476191 0.061953125
2.0 0.6385714285714286 0.6051171875 0.10630952380952381 0.0896484375
2.0 0.09571428571428571 0.6054296875 0.0812202380952381 0.0902734375
