2.0 0.7785714285714287 0.8355078125 0.15270833333333333 0.1271484375
2.0 0.37508928571428574 0.7023046875 0.10907738095238095 0.0955859375
2.0 0.22770833333333335 0.3473046875 0.07407738095238095 0.0552734375
2.0 0.13279761904761905 0.34375 0.05083333333333333 0.04796875
2.0 0.4998214285714286 0.36734375 0.08937500000000001 0.0542578125
2.0 0.3250297619047619 0.3266015625 0.06446428571428571 0.0442578125
2.0 0.3259821428571429 0.3605859375 0.07005952380952381 0.053203125
2.0 0.4667559523809524 0.38203125 0.07723214285714286 0.0603515625
2.0 0.23354166666666668 0.4468359375 0.08723214285714286 0.064453125
2.0 0.6819642857142857 0.5806640625 0.09586309523809525 0.061484375
2.0 0.6222321428571428 0.598515625 0.1056547619047619 0.088828125
2.0 0.10666666666666667 0.6125390625 0.08261904761904762 0.09171875
