2.0 0.830654761904762 0.85953125 0.1554761904761905 0.12953125
2.0 0.41089285714285717 0.7203515625 0.11261904761904763 0.0959375
2.0 0.21708333333333332 0.3433984375 0.07309523809523809 0.0547265625
2.0 0.1268452380952381 0.338515625 0.04455357142857143 0.0472265625
2.0 0.49002976190476194 0.364375 0.08919642857142857 0.0544140625
2.0 0.3170238095238095 0.3237109375 0.06395833333333333 0.0438671875
2.0 0.31327380952380957 0.356328125 0.0694047619047619 0.05296875
2.0 0.4536904761904762 0.3776953125 0.07642857142857143 0.0599609375
2.0 0.21220238095238095 0.4375 0.08508928571428571 0.06296875
2.0 0.6587500000000001 0.571171875 0.09627976190476191 0.06046875
2.0 0.5896428571428571 0.5853125 0.10431547619047618 0.0871875
2.0 0.12848214285714285 0.6267578125 0.08541666666666667 0.09453125
