2.0 0.8827380952380953 0.883515625 0.1582142857142857 0.1319140625
2.0 0.4485119047619047 0.7403515625 0.11964285714285715 0.0989453125
2.0 0.20732142857142857 0.34 0.07214285714285713 0.054375
2.0 0.12080357142857144 0.3333203125 0.03827380952380952 0.046484375
2.0 0.4802380952380953 0.3613671875 0.08904761904761906 0.0545703125
2.0 0.30904761904761907 0.320859375 0.06345238095238095 0.0434375
2.0 0.30125 0.3521875 0.06886904761904762 0.052421875
2.0 0.4405952380952381 0.37328125 0.075625 0.059609375
2.0 0.19288690476190476 0.4292578125 0.08300595238095239 0.061484375
2.0 0.6355059523809524 0.5616796875 0.09666666666666665 0.059453125
2.0 0.5569642857142857 0.572109375 0.10297619047619049 0.0855859375
2.0 0.91625 0.768359375 0.11976190476190476 0.0998046875
2.0 0.15252976190476192 0.641796875 0.0886904761904762 0.09703125
