2.0 0.9178273809523809 0.90078125 0.1256547619047619 0.1229296875
2.0 0.4861309523809524 0.7602734375 0.12669642857142857 0.101953125
2.0 0.1976488095238095 0.3365625 0.07116071428571429 0.0540234375
2.0 0.47041666666666665 0.358359375 0.08886904761904761 0.0547265625
2.0 0.30101190476190476 0.3180078125 0.06294642857142857 0.0430078125
2.0 0.28922619047619047 0.3480078125 0.06833333333333333 0.0519140625
2.0 0.42752976190476194 0.36890625 0.07482142857142857 0.05921875
2.0 0.17354166666666668 0.421015625 0.08092261904761905 0.0599609375
2.0 0.6122916666666667 0.5521875 0.09708333333333333 0.0584765625
2.0 0.5243452380952381 0.5589453125 0.10166666666666666 0.0839453125
2.0 0.8695238095238096 0.7495703125 0.11717261904761904 0.0955078125
2.0 0.1787797619047619 0.65765625 0.09241071428571429 0.09921875
