2.0 0.9354166666666667 0.909375 0.109375 0.1184375
2.0 0.5049107142857143 0.7703125 0.13020833333333334 0.1034375
2.0 0.19279761904761905 0.3348828125 0.07068452380952381 0.0538671875
2.0 0.4655357142857143 0.356875 0.0887797619047619 0.0548046875
2.0 0.2970535714285714 0.3165625 0.06270833333333334 0.0428125
2.0 0.2832142857142857 0.3459765625 0.06806547619047619 0.051640625
2.0 0.42196428571428574 0.3671875 0.07482142857142857 0.0591015625
2.0 0.16386904761904764 0.416875 0.07988095238095239 0.05921875
2.0 0.6020238095238095 0.549140625 0.09651785714285714 0.0599609375
2.0 0.5102380952380953 0.553203125 0.10008928571428573 0.0830078125
2.0 0.8461904761904762 0.7401171875 0.11586309523809524 0.0933984375
2.0 0.9338392857142856 0.683359375 0.11651785714285715 0.0659765625
2.0 0.9475595238095238 0.650390625 0.10738095238095238 0.07796875
2.0 0.1919047619047619 0.665546875 0.09428571428571428 0.1003125
