2.0 0.9529761904761904 0.91796875 0.09309523809523809 0.1139453125
2.0 0.523720238095238 0.7803125 0.13374999999999998 0.1049609375
2.0 0.18791666666666668 0.3332421875 0.07020833333333333 0.053671875
2.0 0.4606547619047619 0.3553515625 0.08872023809523809 0.0548828125
2.0 0.2930059523809524 0.3151171875 0.06244047619047619 0.0426171875
2.0 0.27717261904761903 0.34390625 0.06779761904761905 0.0513671875
2.0 0.41639880952380953 0.3654296875 0.07482142857142857 0.058984375
2.0 0.1542261904761905 0.412734375 0.07880952380952382 0.0584765625
2.0 0.5917261904761905 0.5461328125 0.09595238095238096 0.061484375
2.0 0.4961904761904762 0.5475 0.09851190476190477 0.0820703125
2.0 0.8228869047619047 0.730703125 0.11455357142857144 0.09125
2.0 0.9210416666666668 0.678671875 0.11574404761904762 0.0659765625
2.0 0.9356547619047619 0.6463671875 0.10755952380952381 0.076953125
2.0 0.2050892857142857 0.673359375 0.0961607142857143 0.10140625
