2.0 0.5425 0.7902734375 0.13726190476190475 0.1064453125
2.0 0.1830654761904762 0.3315234375 0.06973214285714285 0.053515625
2.0 0.45574404761904763 0.3538671875 0.08863095238095238 0.0549609375
2.0 0.28901785714285716 0.313671875 0.062202380952380946 0.0423828125
2.0 0.2711607142857143 0.341796875 0.06752976190476191 0.05109375
2.0 0.4108630952380953 0.3637109375 0.07482142857142857 0.058828125
2.0 0.14800595238095238 0.4098828125 0.07324404761904761 0.057890625
2.0 0.5814285714285715 0.543203125 0.09538690476190476 0.06296875
2.0 0.48214285714285715 0.5417578125 0.09696428571428571 0.0811328125
2.0 0.7995535714285713 0.72125 0.1132440476190476 0.0891015625
2.0 0.9082142857142858 0.6740625 0.115 0.0659765625
2.0 0.92375 0.6423828125 0.10776785714285715 0.0759765625
2.0 0.21818452380952383 0.681328125 0.09803571428571428 0.1025
2.0 0.055982142857142855 0.6488671875 0.09023809523809524 0.101953125
