2.0 0.584404761904762 0.81140625 0.13574404761904763 0.1071875
2.0 0.17336309523809523 0.328125 0.06875 0.0531640625
2.0 0.4459226190476191 0.350859375 0.08845238095238095 0.0551171875
2.0 0.28101190476190474 0.31078125 0.061696428571428576 0.0419921875
2.0 0.25916666666666666 0.33765625 0.06699404761904762 0.0505859375
2.0 0.39973214285714287 0.360234375 0.07482142857142857 0.05859375
2.0 0.1355952380952381 0.4040234375 0.06211309523809524 0.056796875
2.0 0.5616071428571429 0.5362890625 0.09440476190476191 0.0643359375
2.0 0.45404761904761903 0.5303515625 0.09380952380952381 0.0792578125
2.0 0.7552083333333334 0.703359375 0.11166666666666668 0.0856640625
2.0 0.8825595238095238 0.6646875 0.11345238095238094 0.0659765625
2.0 0.899970238095238 0.6344140625 0.108125 0.0739453125
2.0 0.24446428571428572 0.6971484375 0.10175595238095238 0.1046875
2.0 0.08053571428571428 0.66609375 0.099375 0.1004296875
