2.0 0.6475595238095239 0.8439453125 0.1392857142857143 0.1108203125
2.0 0.1587797619047619 0.3230078125 0.06729166666666667 0.05265625
2.0 0.4311904761904762 0.34640625 0.08821428571428572 0.0553515625
2.0 0.27038690476190474 0.3073828125 0.05946428571428571 0.040390625
2.0 0.24113095238095236 0.3314453125 0.06619047619047619 0.049765625
2.0 0.3830952380952381 0.3550390625 0.07482142857142857 0.058203125
2.0 0.5329464285714286 0.5246484375 0.0931547619047619 0.06390625
2.0 0.4118154761904762 0.513203125 0.08910714285714286 0.0764453125
2.0 0.6922321428571429 0.677734375 0.11080357142857142 0.08171875
2.0 0.8441071428571428 0.650703125 0.11119047619047619 0.0659765625
2.0 0.8655654761904762 0.6219921875 0.1080654761904762 0.0713671875
2.0 0.28386904761904763 0.720859375 0.10738095238095238 0.1079296875
2.0 0.12125000000000001 0.6931640625 0.10883928571428572 0.099765625
