2.0 0.6688690476190476 0.8553515625 0.14434523809523808 0.1137109375
2.0 0.15395833333333334 0.3212890625 0.06681547619047619 0.0524609375
2.0 0.4263392857142857 0.3448828125 0.088125 0.0554296875
2.0 0.2668452380952381 0.3062890625 0.05875 0.03984375
2.0 0.2350892857142857 0.329375 0.06592261904761905 0.04953125
2.0 0.3775297619047619 0.353359375 0.07482142857142857 0.0580859375
2.0 0.5233928571428572 0.5207421875 0.09273809523809524 0.0637890625
2.0 0.4001488095238095 0.5081640625 0.08880952380952381 0.0762109375
2.0 0.6712797619047619 0.66921875 0.11050595238095239 0.080390625
2.0 0.8312797619047619 0.646015625 0.11041666666666668 0.0659765625
2.0 0.8549999999999999 0.6176171875 0.10761904761904761 0.07078125
2.0 0.30044642857142856 0.730234375 0.10883928571428572 0.1096484375
2.0 0.13738095238095238 0.7030078125 0.10913690476190477 0.1005859375
