2.0 0.6925595238095238 0.867265625 0.14461309523809524 0.1155859375
2.0 0.14979166666666666 0.320390625 0.06580357142857143 0.0509765625
2.0 0.4219940476190476 0.343515625 0.08755952380952381 0.0555078125
2.0 0.2632738095238095 0.30515625 0.05800595238095237 0.039296875
2.0 0.22907738095238095 0.3273046875 0.0656547619047619 0.0492578125
2.0 0.3719940476190476 0.351640625 0.07482142857142857 0.05796875
2.0 0.5138392857142857 0.5168359375 0.09232142857142857 0.0636328125
2.0 0.3884821428571429 0.503203125 0.08854166666666667 0.0759765625
2.0 0.6502678571428572 0.6606640625 0.11023809523809523 0.0791015625
2.0 0.8184523809523809 0.6413671875 0.10967261904761905 0.0659765625
2.0 0.844404761904762 0.613203125 0.10714285714285714 0.07015625
2.0 0.9224107142857143 0.594921875 0.12107142857142857 0.0839453125
2.0 0.31699404761904765 0.7397265625 0.11029761904761906 0.1113671875
2.0 0.1535416666666667 0.7128125 0.10946428571428572 0.10140625
