2.0 0.7162797619047618 0.8791796875 0.1448511904761905 0.117421875
2.0 0.1455952380952381 0.3194921875 0.06476190476190477 0.0494921875
2.0 0.4176190476190476 0.3421484375 0.08696428571428572 0.0555859375
2.0 0.25976190476190475 0.3040625 0.057291666666666664 0.03875
2.0 0.2230654761904762 0.3252734375 0.06538690476190476 0.048984375
2.0 0.36645833333333333 0.349921875 0.07482142857142857 0.0578515625
2.0 0.5042857142857142 0.5130078125 0.0919047619047619 0.063515625
2.0 0.3768452380952381 0.4982421875 0.08824404761904761 0.075703125
2.0 0.6292857142857142 0.6521484375 0.10994047619047619 0.0777734375
2.0 0.8075595238095238 0.636953125 0.10886904761904762 0.0659765625
2.0 0.8338095238095239 0.6087890625 0.10669642857142858 0.0695703125
2.0 0.9137202380952381 0.591640625 0.12050595238095238 0.08359375
2.0 0.3335714285714286 0.7491015625 0.1117857142857143 0.1130859375
2.0 0.16970238095238097 0.72265625 0.10976190476190477 0.1022265625
