2.0 0.7399404761904762 0.8911328125 0.14511904761904762 0.1192578125
2.0 0.14145833333333332 0.31859375 0.06375 0.04796875
2.0 0.41330357142857144 0.34078125 0.08639880952380953 0.0556640625
2.0 0.2561904761904762 0.3029296875 0.05654761904761905 0.0382421875
2.0 0.21708333333333332 0.323125 0.06511904761904762 0.0487109375
2.0 0.36086309523809523 0.3481640625 0.07482142857142857 0.057734375
2.0 0.49473214285714284 0.5091015625 0.09148809523809523 0.0633984375
2.0 0.36517857142857146 0.493203125 0.08794642857142858 0.07546875
2.0 0.6082738095238095 0.6436328125 0.10967261904761905 0.0764453125
2.0 0.7966369047619049 0.632578125 0.1080654761904762 0.0659765625
2.0 0.8232440476190477 0.6044140625 0.10622023809523809 0.068984375
2.0 0.9050297619047618 0.588359375 0.11994047619047618 0.083203125
2.0 0.35014880952380956 0.7585546875 0.1132440476190476 0.1148046875
2.0 0.18586309523809524 0.732421875 0.1100595238095238 0.103046875
