2.0 0.8119345238095238 0.9233984375 0.14770833333333333 0.116328125
2.0 0.40020833333333333 0.3366796875 0.08464285714285714 0.0558984375
2.0 0.2017559523809524 0.3193359375 0.064375 0.046796875
2.0 0.34422619047619046 0.34296875 0.07482142857142857 0.05734375
2.0 0.4660714285714286 0.497421875 0.09023809523809524 0.06296875
2.0 0.33017857142857143 0.478203125 0.08711309523809524 0.0747265625
2.0 0.5561309523809524 0.6198046875 0.10598214285714286 0.075078125
2.0 0.7639583333333333 0.6192578125 0.1056547619047619 0.0659765625
2.0 0.7914880952380953 0.591171875 0.10485119047619047 0.0671875
2.0 0.8788690476190476 0.5784765625 0.11821428571428572 0.0820703125
2.0 0.3997916666666667 0.7868359375 0.11764880952380953 0.119921875
2.0 0.2342857142857143 0.761875 0.11101190476190476 0.1055078125
