2.0 0.8364285714285715 0.931796875 0.14976190476190476 0.1097265625
2.0 0.3958630952380952 0.3353125 0.08407738095238096 0.0559765625
2.0 0.19666666666666666 0.3180078125 0.06413690476190477 0.046171875
2.0 0.3386904761904762 0.34125 0.07482142857142857 0.0572265625
2.0 0.45735119047619044 0.4939453125 0.09014880952380952 0.0628515625
2.0 0.31854166666666667 0.4732421875 0.08681547619047619 0.074453125
2.0 0.5386904761904762 0.611796875 0.10473214285714286 0.074609375
2.0 0.7530357142857144 0.61484375 0.10485119047619047 0.0659765625
2.0 0.7808928571428572 0.586796875 0.1044047619047619 0.0665625
2.0 0.8701785714285715 0.575234375 0.11764880952380953 0.08171875
2.0 0.4190178571428571 0.7972265625 0.11815476190476192 0.1205859375
2.0 0.25047619047619046 0.7716796875 0.1113095238095238 0.1062890625
