2.0 0.8855654761904762 0.94859375 0.15386904761904763 0.0965625
2.0 0.38717261904761907 0.332578125 0.08291666666666667 0.0561328125
2.0 0.18645833333333334 0.3154296875 0.06363095238095237 0.0448828125
2.0 0.3275892857142857 0.3377734375 0.07482142857142857 0.0569921875
2.0 0.4398214285714286 0.486875 0.0899702380952381 0.0626171875
2.0 0.29520833333333335 0.4632421875 0.08625000000000001 0.0739453125
2.0 0.5038988095238095 0.5958984375 0.10229166666666666 0.0737109375
2.0 0.7312202380952381 0.6059765625 0.10327380952380953 0.0659765625
2.0 0.7597321428571429 0.5780078125 0.10348214285714287 0.0653515625
2.0 0.8527380952380952 0.568671875 0.11651785714285715 0.0809765625
2.0 0.9498511904761904 0.6901171875 0.08910714285714286 0.07046875
2.0 0.45735119047619044 0.81796875 0.11913690476190476 0.121875
2.0 0.28273809523809523 0.791328125 0.1119345238095238 0.1079296875
