2.0 0.9101488095238095 0.9569921875 0.15592261904761906 0.0899609375
2.0 0.056577380952380955 0.5836328125 0.09366071428571428 0.0974609375
2.0 0.38279761904761905 0.3312109375 0.08232142857142857 0.0562109375
2.0 0.18136904761904762 0.314140625 0.06339285714285714 0.04421875
2.0 0.32247023809523806 0.3361328125 0.07467261904761904 0.0567578125
2.0 0.43113095238095245 0.4833984375 0.08988095238095238 0.0625
2.0 0.2835714285714286 0.4582421875 0.08595238095238095 0.0737109375
2.0 0.4865178571428571 0.5879296875 0.10104166666666667 0.0732421875
2.0 0.7202678571428571 0.6015625 0.1024702380952381 0.0659765625
2.0 0.7491369047619048 0.5736328125 0.10303571428571427 0.064765625
2.0 0.8440476190476192 0.5654296875 0.11595238095238096 0.0805859375
2.0 0.9366964285714287 0.5746875 0.11994047619047618 0.08546875
2.0 0.9370535714285715 0.68515625 0.0886904761904762 0.07046875
2.0 0.47654761904761905 0.828359375 0.11961309523809523 0.1225
2.0 0.30062500000000003 0.803203125 0.11729166666666666 0.110859375
