2.0 0.06988095238095238 0.5910546875 0.09520833333333333 0.098203125
2.0 0.3784821428571429 0.32984375 0.08175595238095237 0.05625
2.0 0.3173214285714286 0.334453125 0.07452380952380952 0.0565625
2.0 0.42235119047619046 0.4798828125 0.08979166666666667 0.0623828125
2.0 0.271875 0.453203125 0.08568452380952381 0.0734765625
2.0 0.4691071428571429 0.5799609375 0.09982142857142857 0.0727734375
2.0 0.7093452380952381 0.5971875 0.10166666666666666 0.0659765625
2.0 0.7385416666666667 0.56921875 0.10258928571428572 0.0641796875
2.0 0.8353571428571429 0.5620703125 0.11538690476190477 0.0801953125
2.0 0.9263392857142857 0.5702734375 0.11863095238095238 0.08546875
2.0 0.9242857142857143 0.6803125 0.08827380952380952 0.07046875
2.0 0.4957142857142857 0.83875 0.12008928571428572 0.1231640625
2.0 0.3185119047619048 0.815078125 0.12264880952380952 0.11375
