2.0 0.08321428571428571 0.5985546875 0.09675595238095237 0.0989453125
2.0 0.37410714285714286 0.3284765625 0.08116071428571428 0.0563671875
2.0 0.31223214285714285 0.3327734375 0.0743452380952381 0.0563671875
2.0 0.4136011904761905 0.476328125 0.08970238095238095 0.062265625
2.0 0.2616964285714286 0.4495703125 0.08461309523809524 0.072890625
2.0 0.4517261904761905 0.57203125 0.09860119047619048 0.0723046875
2.0 0.6984523809523809 0.592734375 0.10086309523809524 0.0659765625
2.0 0.7279761904761904 0.56484375 0.10211309523809524 0.0635546875
2.0 0.8266369047619048 0.558828125 0.11479166666666667 0.07984375
2.0 0.9160416666666668 0.5658984375 0.11729166666666666 0.08546875
2.0 0.9114880952380953 0.675390625 0.08785714285714286 0.07046875
2.0 0.938422619047619 0.7335546875 0.1256547619047619 0.0974609375
2.0 0.5148809523809523 0.849140625 0.1205952380952381 0.1237890625
2.0 0.3363988095238095 0.8269140625 0.1280059523809524 0.116640625
