2.0 0.10994047619047619 0.6134375 0.09988095238095239 0.1004296875
2.0 0.36541666666666667 0.3257421875 0.08 0.056484375
2.0 0.30199404761904763 0.329453125 0.07404761904761904 0.0559375
2.0 0.39613095238095236 0.469296875 0.08955357142857143 0.06203125
2.0 0.2413690476190476 0.442265625 0.0824702380952381 0.071796875
2.0 0.416875 0.55609375 0.09613095238095237 0.0713671875
2.0 0.6766666666666667 0.5838671875 0.09925595238095239 0.0659765625
2.0 0.7082738095238095 0.556875 0.10127976190476191 0.06296875
2.0 0.8091666666666667 0.552265625 0.11366071428571428 0.0791015625
2.0 0.8954166666666667 0.557109375 0.11467261904761905 0.08546875
2.0 0.8859821428571428 0.665546875 0.08702380952380952 0.07046875
2.0 0.904702380952381 0.7191015625 0.12360119047619048 0.09609375
2.0 0.5475297619047619 0.869296875 0.13708333333333333 0.1283203125
2.0 0.37217261904761906 0.8507421875 0.1387202380952381 0.122421875
