2.0 0.13660714285714284 0.6283203125 0.10297619047619049 0.101953125
2.0 0.3566964285714286 0.3230078125 0.07883928571428571 0.0566796875
2.0 0.29175595238095237 0.32609375 0.07372023809523809 0.055546875
2.0 0.3786309523809524 0.462265625 0.08937500000000001 0.061796875
2.0 0.22104166666666666 0.435 0.08032738095238094 0.0706640625
2.0 0.3821428571428572 0.5401953125 0.09366071428571428 0.07046875
2.0 0.6548511904761904 0.575078125 0.09767857142857143 0.0659765625
2.0 0.6900595238095238 0.549921875 0.10050595238095239 0.06296875
2.0 0.7917559523809523 0.5457421875 0.11249999999999999 0.0783203125
2.0 0.8747619047619049 0.548359375 0.11202380952380953 0.08546875
2.0 0.8604166666666667 0.65578125 0.08619047619047619 0.07046875
2.0 0.8710119047619048 0.7046484375 0.12154761904761906 0.094765625
2.0 0.58875 0.8925390625 0.14050595238095237 0.1286328125
2.0 0.4150892857142857 0.876484375 0.13505952380952382 0.1241796875
