2.0 0.1499404761904762 0.6357421875 0.10452380952380952 0.1026953125
2.0 0.35235119047619046 0.321640625 0.07827380952380952 0.0567578125
2.0 0.2866666666666666 0.324453125 0.07357142857142857 0.0553515625
2.0 0.36988095238095237 0.45875 0.08928571428571429 0.0616796875
2.0 0.21083333333333334 0.4312890625 0.07925595238095237 0.070078125
2.0 0.3680357142857143 0.534140625 0.09270833333333332 0.06984375
2.0 0.6439583333333333 0.5705859375 0.09687499999999999 0.0659765625
2.0 0.680952380952381 0.546484375 0.10014880952380951 0.06296875
2.0 0.7830654761904763 0.542421875 0.1119345238095238 0.07796875
2.0 0.8644642857142857 0.543984375 0.11071428571428572 0.08546875
2.0 0.8476488095238095 0.650859375 0.08577380952380953 0.07046875
2.0 0.8541666666666666 0.697421875 0.12050595238095238 0.0940625
2.0 0.609375 0.9041015625 0.14220238095238097 0.1287890625
2.0 0.4366071428571428 0.889375 0.1332142857142857 0.125078125
