2.0 0.1633035714285714 0.643203125 0.10607142857142857 0.1034375
2.0 0.3479761904761905 0.3202734375 0.07770833333333334 0.056796875
2.0 0.28154761904761905 0.322734375 0.07342261904761906 0.0551171875
2.0 0.3611904761904762 0.455234375 0.08919642857142857 0.0616015625
2.0 0.20065476190476192 0.42765625 0.07818452380952381 0.06953125
2.0 0.3539583333333334 0.5280859375 0.09175595238095238 0.06921875
2.0 0.6330357142857143 0.566171875 0.09607142857142857 0.0659765625
2.0 0.6717857142857143 0.54296875 0.09976190476190477 0.06296875
2.0 0.775327380952381 0.5395703125 0.11169642857142857 0.0777734375
2.0 0.854107142857143 0.539609375 0.1094047619047619 0.08546875
2.0 0.8348809523809523 0.6459375 0.08535714285714285 0.07046875
2.0 0.8373511904761906 0.6901953125 0.11949404761904761 0.0933984375
2.0 0.63 0.91578125 0.14392857142857143 0.1289453125
2.0 0.45806547619047616 0.902265625 0.1313690476190476 0.1259375
