2.0 0.17660714285714288 0.650625 0.10761904761904761 0.10421875
2.0 0.34366071428571426 0.31890625 0.07711309523809524 0.056875
2.0 0.2764285714285714 0.3210546875 0.07327380952380953 0.054921875
2.0 0.3524107142857143 0.4516796875 0.08910714285714286 0.061484375
2.0 0.19047619047619047 0.4239453125 0.07711309523809524 0.068984375
2.0 0.33985119047619045 0.521953125 0.09080357142857143 0.06859375
2.0 0.6221130952380952 0.5617578125 0.09526785714285714 0.0659765625
2.0 0.6627380952380952 0.539453125 0.099375 0.06296875
2.0 0.7675892857142858 0.5367578125 0.11145833333333334 0.0775390625
2.0 0.84375 0.535234375 0.1080654761904762 0.08546875
2.0 0.8221130952380953 0.6410546875 0.08494047619047619 0.07046875
2.0 0.8204761904761905 0.6829296875 0.11845238095238095 0.092734375
2.0 0.6541071428571429 0.9264453125 0.1436309523809524 0.129296875
2.0 0.4803273809523809 0.916875 0.13479166666666667 0.1305859375
