2.0 0.19 0.6580859375 0.10916666666666666 0.1049609375
2.0 0.3392857142857143 0.3175390625 0.07651785714285715 0.0569921875
2.0 0.2713095238095238 0.319453125 0.07309523809523809 0.0547265625
2.0 0.34520833333333334 0.4487890625 0.0881547619047619 0.061015625
2.0 0.18142857142857144 0.419296875 0.07666666666666667 0.06859375
2.0 0.3257738095238095 0.5159375 0.08985119047619047 0.06796875
2.0 0.6112202380952381 0.55734375 0.09446428571428571 0.0659765625
2.0 0.6536011904761905 0.5359375 0.09898809523809524 0.06296875
2.0 0.7599107142857143 0.53390625 0.11125 0.07734375
2.0 0.8334523809523811 0.530859375 0.10675595238095237 0.08546875
2.0 0.8093452380952381 0.6361328125 0.08452380952380951 0.07046875
2.0 0.8036011904761905 0.675703125 0.1174107142857143 0.0920703125
2.0 0.6782440476190476 0.937109375 0.14336309523809523 0.1296875
2.0 0.5026190476190476 0.9314453125 0.1382142857142857 0.135234375
2.0 0.9555357142857143 0.528203125 0.09136904761904761 0.0674609375
