2.0 0.20330357142857144 0.665546875 0.11071428571428572 0.105703125
2.0 0.33556547619047616 0.316484375 0.07586309523809523 0.0559765625
2.0 0.2665773809523809 0.3183203125 0.07291666666666667 0.0535546875
2.0 0.3379761904761905 0.4458203125 0.08723214285714286 0.060546875
2.0 0.17235119047619046 0.414609375 0.07625 0.068203125
2.0 0.31166666666666665 0.50984375 0.08889880952380953 0.06734375
2.0 0.600297619047619 0.55296875 0.09366071428571428 0.0659765625
2.0 0.6444940476190476 0.532421875 0.09860119047619048 0.06296875
2.0 0.752172619047619 0.5310546875 0.11101190476190476 0.0771484375
2.0 0.823125 0.526484375 0.10544642857142857 0.08546875
2.0 0.7985714285714286 0.6319921875 0.08404761904761904 0.0698828125
2.0 0.7867857142857143 0.6684375 0.11639880952380952 0.0913671875
2.0 0.7018154761904762 0.9418359375 0.14193452380952382 0.1180859375
2.0 0.5249107142857143 0.9380078125 0.14163690476190477 0.1236328125
2.0 0.9466071428571429 0.524921875 0.09125 0.066953125
