2.0 0.21666666666666665 0.67296875 0.11226190476190476 0.1064453125
2.0 0.3318452380952381 0.315390625 0.07520833333333334 0.055
2.0 0.26184523809523813 0.317265625 0.07273809523809524 0.0523828125
2.0 0.3307738095238095 0.442890625 0.08630952380952381 0.060078125
2.0 0.16327380952380952 0.409921875 0.07583333333333334 0.0678515625
2.0 0.29755952380952383 0.503828125 0.08794642857142858 0.06671875
2.0 0.5911309523809524 0.5493359375 0.09360119047619048 0.0657421875
2.0 0.6353571428571428 0.5289453125 0.09824404761904762 0.06296875
2.0 0.7444345238095238 0.5282421875 0.11077380952380952 0.0769140625
2.0 0.8128273809523809 0.5220703125 0.10413690476190476 0.08546875
2.0 0.7878571428571429 0.6278515625 0.08354166666666667 0.0693359375
2.0 0.7699107142857142 0.6612109375 0.11538690476190477 0.090703125
2.0 0.7253571428571428 0.9464453125 0.14050595238095237 0.1064453125
2.0 0.547172619047619 0.9444921875 0.1450595238095238 0.11203125
2.0 0.9376488095238096 0.52171875 0.09113095238095238 0.066484375
