2.0 0.23 0.6804296875 0.11380952380952382 0.1071875
2.0 0.328125 0.3143359375 0.07455357142857143 0.0540234375
2.0 0.2571130952380952 0.316171875 0.0725297619047619 0.0512109375
2.0 0.32357142857142857 0.4398828125 0.08538690476190476 0.059609375
2.0 0.1542261904761905 0.4052734375 0.07538690476190475 0.0674609375
2.0 0.2835119047619048 0.497734375 0.08699404761904762 0.06609375
2.0 0.5819642857142857 0.54578125 0.09354166666666666 0.0655078125
2.0 0.6263095238095238 0.525390625 0.09785714285714286 0.06296875
2.0 0.7367559523809524 0.525390625 0.11053571428571429 0.07671875
2.0 0.8024702380952381 0.5176953125 0.10279761904761904 0.08546875
2.0 0.7771130952380952 0.6237109375 0.08306547619047619 0.06875
2.0 0.7530654761904761 0.653984375 0.1143452380952381 0.0900390625
2.0 0.5694345238095239 0.9509375 0.14851190476190476 0.1004296875
2.0 0.9287202380952382 0.5184375 0.09101190476190475 0.0659765625
