2.0 0.26083333333333336 0.6984765625 0.1174107142857143 0.109765625
2.0 0.32071428571428573 0.3122265625 0.07324404761904761 0.0520703125
2.0 0.24767857142857141 0.313984375 0.07214285714285713 0.04890625
2.0 0.30913690476190475 0.4340234375 0.08354166666666667 0.058671875
2.0 0.13976190476190475 0.398046875 0.07083333333333333 0.0659765625
2.0 0.25529761904761905 0.4856640625 0.08508928571428571 0.06484375
2.0 0.5636309523809524 0.53859375 0.09342261904761905 0.065
2.0 0.6080654761904762 0.5184375 0.09708333333333333 0.06296875
2.0 0.7212797619047618 0.5196484375 0.1100595238095238 0.076328125
2.0 0.7841369047619049 0.5116015625 0.10244047619047619 0.0843359375
2.0 0.755625 0.6154296875 0.08208333333333333 0.0676171875
2.0 0.719375 0.6395703125 0.11229166666666665 0.088671875
2.0 0.9108035714285714 0.511953125 0.09074404761904761 0.0649609375
