2.0 0.2783630952380952 0.7090234375 0.11943452380952382 0.1116015625
2.0 0.31699404761904765 0.311171875 0.07258928571428572 0.05109375
2.0 0.24294642857142856 0.3129296875 0.07196428571428572 0.047734375
2.0 0.3019345238095238 0.4310546875 0.08258928571428571 0.058203125
2.0 0.1325297619047619 0.3944140625 0.06854166666666667 0.065234375
2.0 0.24125000000000002 0.479609375 0.08413690476190476 0.06421875
2.0 0.5544642857142857 0.5349609375 0.09336309523809525 0.0648046875
2.0 0.5989285714285715 0.514921875 0.09672619047619048 0.06296875
2.0 0.7135416666666666 0.5168359375 0.10982142857142857 0.07609375
2.0 0.7749404761904761 0.5085546875 0.10226190476190476 0.0837890625
2.0 0.7448809523809524 0.611328125 0.08157738095238096 0.06703125
2.0 0.7025297619047619 0.63234375 0.11125 0.0880078125
2.0 0.9018452380952381 0.5087109375 0.090625 0.064453125
