2.0 0.29586309523809523 0.719609375 0.12145833333333333 0.1134375
2.0 0.3133035714285714 0.310078125 0.0719047619047619 0.0501171875
2.0 0.23821428571428574 0.311875 0.07178571428571429 0.0465625
2.0 0.2947321428571429 0.4280859375 0.08166666666666667 0.057734375
2.0 0.22714285714285712 0.473515625 0.0831845238095238 0.06359375
2.0 0.5452976190476191 0.5313671875 0.09330357142857143 0.06453125
2.0 0.5898214285714286 0.511484375 0.09633928571428571 0.06296875
2.0 0.7058630952380952 0.5140234375 0.10958333333333334 0.0758984375
2.0 0.7657142857142857 0.5055078125 0.10208333333333333 0.083203125
2.0 0.7341071428571428 0.6071484375 0.08110119047619048 0.066484375
2.0 0.6856547619047619 0.625078125 0.11023809523809523 0.08734375
2.0 0.8929166666666666 0.50546875 0.09050595238095238 0.063984375
