2.0 0.383452380952381 0.7724609375 0.13160714285714287 0.1226171875
2.0 0.2947321428571429 0.304765625 0.06863095238095238 0.0451953125
2.0 0.2586607142857143 0.4133203125 0.07702380952380952 0.055390625
2.0 0.16586309523809523 0.445 0.07919642857142857 0.05796875
2.0 0.4994345238095238 0.5134375 0.09300595238095238 0.063359375
2.0 0.5442857142857143 0.49390625 0.09443452380952382 0.06296875
2.0 0.6672619047619047 0.499765625 0.10839285714285715 0.07484375
2.0 0.7197619047619048 0.4902734375 0.10119047619047619 0.080390625
2.0 0.6804166666666667 0.5864453125 0.07866071428571428 0.06359375
2.0 0.6014583333333333 0.5888671875 0.10508928571428572 0.0839453125
2.0 0.8514285714285714 0.4909765625 0.09023809523809524 0.061953125
