2.0 0.40095238095238095 0.7830859375 0.13366071428571427 0.124453125
2.0 0.29101190476190475 0.303671875 0.06797619047619048 0.04421875
2.0 0.25148809523809523 0.410390625 0.07610119047619048 0.054921875
2.0 0.15404761904761904 0.439375 0.07845238095238095 0.05671875
2.0 0.4902678571428571 0.50984375 0.09294642857142857 0.063125
2.0 0.5351488095238095 0.49046875 0.09404761904761905 0.06296875
2.0 0.6595535714285715 0.496953125 0.10815476190476192 0.0746484375
2.0 0.7105654761904762 0.4871875 0.10101190476190476 0.07984375
2.0 0.669672619047619 0.5823046875 0.07815476190476191 0.063046875
2.0 0.587202380952381 0.583046875 0.10407738095238095 0.08296875
2.0 0.8435714285714285 0.48828125 0.09023809523809524 0.061640625
