2.0 0.42235119047619046 0.794140625 0.13607142857142857 0.125625
2.0 0.24425595238095235 0.4074609375 0.07517857142857143 0.054453125
2.0 0.14223214285714286 0.43375 0.07767857142857143 0.05546875
2.0 0.4811309523809524 0.50625 0.09288690476190477 0.062890625
2.0 0.5260714285714285 0.486953125 0.09366071428571428 0.06296875
2.0 0.6518154761904762 0.4941015625 0.10791666666666666 0.074453125
2.0 0.7013690476190476 0.4841796875 0.10083333333333334 0.0792578125
2.0 0.6588988095238095 0.578125 0.07767857142857143 0.0624609375
2.0 0.5730059523809524 0.5772265625 0.1030654761904762 0.081953125
2.0 0.8356547619047618 0.4855859375 0.09023809523809524 0.0612890625
