2.0 0.4864880952380953 0.8273828125 0.14330357142857142 0.1291015625
2.0 0.22380952380952382 0.400234375 0.07330357142857143 0.0534765625
2.0 0.45360119047619046 0.49546875 0.09270833333333332 0.0621875
2.0 0.5027678571428572 0.4780859375 0.09148809523809523 0.061953125
2.0 0.6286607142857142 0.485546875 0.10720238095238097 0.073828125
2.0 0.6737797619047619 0.4750390625 0.10029761904761905 0.077578125
2.0 0.6266964285714286 0.565703125 0.07622023809523809 0.0607421875
2.0 0.5303571428571429 0.559765625 0.1 0.0789453125
2.0 0.8120833333333334 0.477578125 0.09023809523809524 0.0603125
2.0 0.9315476190476191 0.686796875 0.1137797619047619 0.079453125
