2.0 0.5079166666666667 0.8384375 0.1457142857142857 0.1302734375
2.0 0.21720238095238095 0.398125 0.07282738095238095 0.053203125
2.0 0.4444642857142857 0.4919140625 0.09264880952380952 0.061953125
2.0 0.49502976190476194 0.4751171875 0.09074404761904761 0.061640625
2.0 0.620922619047619 0.482734375 0.10699404761904763 0.0736328125
2.0 0.6646130952380952 0.47203125 0.10011904761904762 0.07703125
2.0 0.615952380952381 0.5616015625 0.07571428571428572 0.0601953125
2.0 0.5161607142857143 0.5539453125 0.09898809523809524 0.07796875
2.0 0.8042261904761906 0.475 0.09023809523809524 0.0599609375
2.0 0.918422619047619 0.6819921875 0.11446428571428571 0.079453125
