2.0 0.5720535714285715 0.87171875 0.15294642857142857 0.13375
2.0 0.19735119047619049 0.39171875 0.07139880952380952 0.0524609375
2.0 0.4180952380952381 0.481484375 0.09169642857142857 0.06109375
2.0 0.47172619047619047 0.46625 0.08857142857142858 0.060625
2.0 0.5977678571428571 0.47421875 0.1062797619047619 0.0730078125
2.0 0.6370535714285714 0.4628515625 0.09958333333333333 0.0753515625
2.0 0.5837202380952381 0.54921875 0.07425595238095238 0.0584765625
2.0 0.47351190476190474 0.53640625 0.09595238095238096 0.0749609375
2.0 0.7810714285714285 0.467265625 0.08895833333333333 0.0585546875
2.0 0.8790178571428572 0.6676171875 0.11651785714285715 0.079453125
