2.0 0.593452380952381 0.8827734375 0.15535714285714286 0.134921875
2.0 0.1911607142857143 0.3894140625 0.07110119047619048 0.0524609375
2.0 0.41014880952380955 0.478203125 0.09086309523809524 0.0607421875
2.0 0.46398809523809526 0.46328125 0.08782738095238096 0.0603125
2.0 0.5900297619047619 0.471328125 0.10604166666666667 0.0728125
2.0 0.6278273809523809 0.45984375 0.0994047619047619 0.074765625
2.0 0.5743750000000001 0.5451171875 0.07407738095238095 0.0582421875
2.0 0.46095238095238095 0.531328125 0.09511904761904762 0.0745703125
2.0 0.7733630952380953 0.4646875 0.08854166666666667 0.0580859375
2.0 0.8660416666666667 0.6625 0.11553571428571428 0.0790234375
