2.0 0.643422619047619 0.9047265625 0.15705357142857143 0.1304296875
2.0 0.061130952380952376 0.480703125 0.08860119047619047 0.084453125
2.0 0.1787202380952381 0.3846875 0.07053571428571428 0.0524609375
2.0 0.39416666666666667 0.471796875 0.08922619047619047 0.0600390625
2.0 0.448452380952381 0.4573828125 0.08636904761904762 0.0596484375
2.0 0.5746130952380952 0.465625 0.10556547619047618 0.0723828125
2.0 0.6094345238095238 0.45375 0.09904761904761905 0.073671875
2.0 0.5555654761904761 0.536953125 0.07375000000000001 0.0578125
2.0 0.43583333333333335 0.52109375 0.09345238095238095 0.07375
2.0 0.7579464285714286 0.45953125 0.08767857142857143 0.0571484375
2.0 0.8400892857142856 0.6522265625 0.11357142857142856 0.0781640625
