2.0 0.668422619047619 0.9156640625 0.15791666666666668 0.128203125
2.0 0.073125 0.4864453125 0.08922619047619047 0.0849609375
2.0 0.17250000000000001 0.38234375 0.07023809523809524 0.0524609375
2.0 0.3861607142857143 0.468515625 0.08839285714285713 0.0596875
2.0 0.4406845238095238 0.4544140625 0.08562499999999999 0.059296875
2.0 0.566875 0.4628125 0.10532738095238095 0.0721875
2.0 0.6002678571428571 0.450703125 0.09886904761904762 0.0730859375
2.0 0.5461904761904762 0.5329296875 0.07360119047619047 0.0576171875
2.0 0.4232738095238095 0.5159765625 0.09261904761904763 0.0733203125
2.0 0.7502380952380953 0.456953125 0.08723214285714286 0.0566796875
2.0 0.8271428571428572 0.6470703125 0.11258928571428571 0.077734375
