2.0 0.7183928571428572 0.9376953125 0.15964285714285714 0.123671875
2.0 0.09714285714285714 0.4979296875 0.09050595238095238 0.0859375
2.0 0.1600892857142857 0.3776953125 0.06967261904761905 0.0524609375
2.0 0.37023809523809526 0.4620703125 0.08672619047619048 0.0589453125
2.0 0.42517857142857146 0.4485546875 0.08419642857142857 0.0586328125
2.0 0.5526488095238096 0.4576953125 0.1044047619047619 0.0715234375
2.0 0.5818749999999999 0.4446484375 0.09851190476190477 0.071953125
2.0 0.5274404761904762 0.524765625 0.07327380952380953 0.0571875
2.0 0.39809523809523806 0.50578125 0.09098214285714286 0.0725
2.0 0.7347916666666666 0.451796875 0.08636904761904762 0.0557421875
2.0 0.8011607142857142 0.6367578125 0.110625 0.076875
2.0 0.9294345238095238 0.6003515625 0.10589285714285714 0.071953125
2.0 0.9105357142857142 0.71421875 0.12392857142857143 0.1021875
