2.0 0.7433928571428572 0.94390625 0.1604761904761905 0.1134375
2.0 0.10910714285714285 0.5037109375 0.09113095238095238 0.0864453125
2.0 0.15386904761904763 0.3753515625 0.0694047619047619 0.0524609375
2.0 0.3622619047619048 0.458828125 0.08589285714285715 0.05859375
2.0 0.41744047619047614 0.445546875 0.08345238095238094 0.0583203125
2.0 0.5461607142857142 0.4555078125 0.1037202380952381 0.0710546875
2.0 0.5726785714285714 0.4415625 0.09833333333333333 0.07140625
2.0 0.5180357142857143 0.5207421875 0.07309523809523809 0.0569921875
2.0 0.38553571428571426 0.5006640625 0.09014880952380952 0.072109375
2.0 0.7270833333333334 0.44921875 0.08595238095238095 0.0552734375
2.0 0.7881845238095238 0.6316015625 0.10967261904761905 0.0764453125
2.0 0.9199107142857142 0.59671875 0.10553571428571429 0.071953125
2.0 0.8946428571428572 0.708359375 0.12336309523809524 0.1009375
