2.0 0.7683630952380953 0.9500390625 0.1613392857142857 0.103203125
2.0 0.12110119047619047 0.5094921875 0.09175595238095238 0.086953125
2.0 0.14764880952380952 0.3730078125 0.06910714285714285 0.0524609375
2.0 0.35425595238095237 0.455546875 0.08505952380952381 0.0582421875
2.0 0.4096428571428571 0.4426171875 0.08270833333333333 0.05796875
2.0 0.5396130952380952 0.4532421875 0.10303571428571427 0.070625
2.0 0.5634821428571429 0.4384765625 0.0981547619047619 0.070859375
2.0 0.5086607142857142 0.5166015625 0.07294642857142858 0.0567578125
2.0 0.37297619047619046 0.495546875 0.0893154761904762 0.0716796875
2.0 0.719375 0.446640625 0.08553571428571428 0.0548046875
2.0 0.7752380952380953 0.626484375 0.1086904761904762 0.076015625
2.0 0.9103571428571429 0.5930859375 0.10520833333333333 0.071953125
2.0 0.8787202380952381 0.7024609375 0.12279761904761904 0.0996875
2.0 0.948125 0.6496484375 0.10622023809523809 0.0674609375
