2.0 0.1712797619047619 0.533671875 0.09514880952380952 0.0897265625
2.0 0.1319345238095238 0.3628125 0.057678571428571426 0.0584765625
2.0 0.3223511904761905 0.4426171875 0.08175595238095237 0.056796875
2.0 0.3794047619047619 0.431328125 0.08050595238095239 0.056875
2.0 0.5136011904761905 0.44421875 0.10029761904761905 0.068828125
2.0 0.5267559523809524 0.426328125 0.0974404761904762 0.06859375
2.0 0.47113095238095243 0.5003515625 0.07229166666666667 0.0558984375
2.0 0.32455357142857144 0.475703125 0.08544642857142858 0.0701953125
2.0 0.6885714285714286 0.436328125 0.0838095238095238 0.0529296875
2.0 0.7233333333333333 0.6059375 0.10476190476190476 0.0743359375
2.0 0.872202380952381 0.5787109375 0.10383928571428572 0.071953125
2.0 0.8157142857142856 0.678515625 0.12080357142857144 0.0950390625
2.0 0.9036011904761905 0.634140625 0.10851190476190477 0.07046875
