2.0 0.1854761904761905 0.5406640625 0.09666666666666665 0.0909765625
2.0 0.12794642857142857 0.360234375 0.054821428571428577 0.0599609375
2.0 0.31547619047619047 0.439921875 0.0812202380952381 0.056796875
2.0 0.3724404761904762 0.4289453125 0.08044642857142857 0.0567578125
2.0 0.5070833333333333 0.4419921875 0.09961309523809524 0.068359375
2.0 0.5175595238095239 0.42328125 0.09726190476190476 0.0680078125
2.0 0.46172619047619046 0.4962890625 0.07211309523809524 0.055703125
2.0 0.3138095238095238 0.4711328125 0.08410714285714287 0.0698828125
2.0 0.6808035714285714 0.43375 0.08339285714285714 0.0524609375
2.0 0.7103869047619048 0.6008203125 0.1037797619047619 0.07390625
2.0 0.8626785714285715 0.5751171875 0.10348214285714287 0.071953125
2.0 0.8003869047619048 0.6721484375 0.12056547619047618 0.0941015625
2.0 0.8924404761904763 0.630234375 0.10907738095238095 0.0712109375
