2.0 0.19967261904761907 0.5476171875 0.0981547619047619 0.092265625
2.0 0.30860119047619045 0.4372265625 0.08065476190476191 0.056796875
2.0 0.3654464285714286 0.4265234375 0.08041666666666666 0.0566796875
2.0 0.5005654761904762 0.4397265625 0.09892857142857144 0.0679296875
2.0 0.5083630952380952 0.4202734375 0.09708333333333333 0.0674609375
2.0 0.4523809523809524 0.4921875 0.07196428571428572 0.05546875
2.0 0.30303571428571424 0.4666015625 0.08273809523809524 0.069609375
2.0 0.6738392857142858 0.431640625 0.08282738095238094 0.0524609375
2.0 0.6973809523809523 0.595625 0.10279761904761904 0.0734765625
2.0 0.8531249999999999 0.5715234375 0.10315476190476189 0.071953125
2.0 0.7850297619047618 0.6658203125 0.12029761904761906 0.093203125
2.0 0.8813095238095239 0.6263671875 0.10967261904761905 0.071953125
