2.0 0.2138392857142857 0.5546484375 0.09964285714285713 0.093515625
2.0 0.3017559523809524 0.4345703125 0.08011904761904762 0.0568359375
2.0 0.35845238095238097 0.424140625 0.08038690476190477 0.0565625
2.0 0.49404761904761907 0.4375 0.09824404761904762 0.0674609375
2.0 0.500922619047619 0.417578125 0.09672619047619048 0.06703125
2.0 0.44419642857142855 0.4891796875 0.07139880952380952 0.0553515625
2.0 0.29229166666666667 0.46203125 0.08139880952380953 0.0693359375
2.0 0.6668452380952381 0.429609375 0.08223214285714285 0.0524609375
2.0 0.6857142857142857 0.5907421875 0.10202380952380953 0.0726171875
2.0 0.8436011904761904 0.5679296875 0.10279761904761904 0.071953125
2.0 0.769702380952381 0.6594921875 0.1200297619047619 0.092265625
2.0 0.870654761904762 0.622421875 0.10943452380952381 0.0716796875
