2.0 0.22803571428571429 0.5615625 0.10113095238095238 0.0948046875
2.0 0.2949107142857143 0.431875 0.07955357142857143 0.0568359375
2.0 0.3514880952380952 0.4217578125 0.08035714285714286 0.056484375
2.0 0.48752976190476194 0.435234375 0.09755952380952382 0.06703125
2.0 0.4935714285714286 0.4148046875 0.09633928571428571 0.066640625
2.0 0.4360714285714286 0.4861328125 0.07083333333333333 0.0552734375
2.0 0.28157738095238094 0.4575 0.08002976190476191 0.0690625
2.0 0.6598214285714286 0.427578125 0.08166666666666667 0.0524609375
2.0 0.6740178571428571 0.5858203125 0.10125 0.071796875
2.0 0.8348511904761905 0.5649609375 0.10241071428571427 0.071328125
2.0 0.7544047619047619 0.653125 0.11976190476190476 0.091328125
2.0 0.8600595238095239 0.6184765625 0.10919642857142857 0.0713671875
