2.0 0.2989880952380952 0.5964453125 0.10860119047619048 0.1011328125
2.0 0.08541666666666667 0.6026171875 0.09401785714285714 0.087421875
2.0 0.2605952380952381 0.4184375 0.07681547619047618 0.056875
2.0 0.31651785714285713 0.409765625 0.08014880952380952 0.0559765625
2.0 0.45499999999999996 0.4240234375 0.09413690476190475 0.064765625
2.0 0.4566071428571428 0.4012890625 0.09443452380952382 0.06453125
2.0 0.39526785714285717 0.4708203125 0.06797619047619048 0.0547265625
2.0 0.22976190476190478 0.436484375 0.0749702380952381 0.06671875
2.0 0.6248511904761904 0.417265625 0.07880952380952382 0.0524609375
2.0 0.6156845238095239 0.5612109375 0.09732142857142859 0.067578125
2.0 0.7910714285714286 0.5503125 0.10050595238095239 0.068203125
2.0 0.6776785714285714 0.6214453125 0.11845238095238095 0.08671875
2.0 0.8069345238095238 0.59875 0.1080654761904762 0.0698828125
