2.0 0.3131547619047619 0.6034375 0.11008928571428572 0.102421875
2.0 0.09711309523809525 0.6101953125 0.09526785714285714 0.0875390625
2.0 0.2537202380952381 0.41578125 0.07625 0.056875
2.0 0.30952380952380953 0.40734375 0.08011904761904762 0.055859375
2.0 0.44848214285714283 0.4217578125 0.09345238095238095 0.064296875
2.0 0.4491964285714286 0.3985546875 0.09404761904761905 0.064140625
2.0 0.38708333333333333 0.4677734375 0.06738095238095239 0.054609375
2.0 0.21997023809523808 0.4327734375 0.07449404761904763 0.0659765625
2.0 0.6188690476190476 0.415234375 0.07866071428571428 0.0523046875
2.0 0.6039880952380953 0.5562890625 0.09651785714285714 0.06671875
2.0 0.7823214285714286 0.54734375 0.10014880952380951 0.067578125
2.0 0.6623511904761905 0.615078125 0.11818452380952381 0.0858203125
2.0 0.7963095238095238 0.59484375 0.10782738095238094 0.0695703125
