2.0 0.3273809523809524 0.6104296875 0.11157738095238096 0.103671875
2.0 0.10880952380952381 0.6177734375 0.09651785714285714 0.0876953125
2.0 0.2468452380952381 0.413046875 0.07571428571428572 0.056875
2.0 0.3025595238095238 0.404921875 0.08008928571428571 0.05578125
2.0 0.4419642857142857 0.4194921875 0.09273809523809524 0.0638671875
2.0 0.4417857142857143 0.395859375 0.09366071428571428 0.0637109375
2.0 0.37895833333333334 0.464765625 0.06681547619047619 0.0544921875
2.0 0.21014880952380952 0.4291015625 0.07398809523809524 0.065234375
2.0 0.6128869047619048 0.413203125 0.07854166666666666 0.0521484375
2.0 0.5933928571428572 0.5519921875 0.09583333333333334 0.065625
2.0 0.7735416666666668 0.5444140625 0.09976190476190477 0.066953125
2.0 0.6470535714285715 0.6087109375 0.11791666666666666 0.0848828125
2.0 0.7856845238095238 0.5908203125 0.10761904761904761 0.0692578125
