2.0 0.34154761904761904 0.6173828125 0.1130952380952381 0.1049609375
2.0 0.12053571428571429 0.6253515625 0.09776785714285714 0.0878515625
2.0 0.24 0.410390625 0.07517857142857143 0.056875
2.0 0.2955654761904762 0.402578125 0.08002976190476191 0.0556640625
2.0 0.43544642857142857 0.417265625 0.09205357142857143 0.0633984375
2.0 0.4344047619047619 0.393203125 0.09327380952380952 0.06328125
2.0 0.37080357142857145 0.4616796875 0.06625 0.0544140625
2.0 0.20038690476190477 0.4254296875 0.07351190476190476 0.064453125
2.0 0.6069047619047618 0.4112109375 0.07839285714285714 0.0519921875
2.0 0.5827380952380953 0.5476953125 0.09511904761904762 0.06453125
2.0 0.7647916666666668 0.541484375 0.099375 0.066328125
2.0 0.6316964285714286 0.602421875 0.11764880952380953 0.0839453125
2.0 0.7750595238095238 0.5869140625 0.10738095238095238 0.068984375
2.0 0.9498214285714285 0.5514453125 0.09595238095238096 0.0569921875
