2.0 0.3600892857142857 0.62625 0.11464285714285716 0.1060546875
2.0 0.13226190476190475 0.632890625 0.09904761904761905 0.0880078125
2.0 0.233125 0.407734375 0.07461309523809524 0.0569140625
2.0 0.2886011904761905 0.40015625 0.08 0.0555859375
2.0 0.42895833333333333 0.415 0.09136904761904761 0.06296875
2.0 0.42702380952380947 0.3904296875 0.09291666666666666 0.062890625
2.0 0.3626190476190476 0.4586328125 0.0656845238095238 0.054296875
2.0 0.1905654761904762 0.4216796875 0.07303571428571429 0.0637109375
2.0 0.6009523809523809 0.4091796875 0.07824404761904762 0.0518359375
2.0 0.5721428571428572 0.5434375 0.09443452380952382 0.0634765625
2.0 0.7560416666666667 0.5385546875 0.09898809523809524 0.065703125
2.0 0.6190476190476191 0.597109375 0.1162797619047619 0.0835546875
2.0 0.7644642857142857 0.58296875 0.10714285714285714 0.068671875
2.0 0.9401785714285713 0.5488671875 0.09595238095238096 0.0569921875
2.0 0.9464285714285714 0.579921875 0.10050595238095239 0.0749609375
