2.0 0.3786309523809524 0.6351171875 0.11619047619047619 0.1071484375
2.0 0.14395833333333333 0.64046875 0.10029761904761905 0.0881640625
2.0 0.22624999999999998 0.405 0.07407738095238095 0.0569140625
2.0 0.2816071428571429 0.397734375 0.0799702380952381 0.05546875
2.0 0.42333333333333334 0.413046875 0.09110119047619047 0.0628125
2.0 0.41964285714285715 0.3877734375 0.0925297619047619 0.0624609375
2.0 0.3544642857142857 0.455546875 0.06511904761904762 0.0541796875
2.0 0.18080357142857142 0.41796875 0.0725297619047619 0.06296875
2.0 0.5949404761904762 0.407109375 0.07809523809523809 0.051640625
2.0 0.5614880952380952 0.5391796875 0.09372023809523809 0.0623828125
2.0 0.7472321428571428 0.535625 0.09860119047619048 0.065078125
2.0 0.6063988095238095 0.591796875 0.11491071428571428 0.0831640625
2.0 0.7538095238095238 0.5790234375 0.1069047619047619 0.068359375
2.0 0.9305952380952381 0.5462890625 0.09595238095238096 0.0569921875
2.0 0.9373809523809523 0.5766796875 0.10014880952380951 0.0747265625
