2.0 0.397202380952381 0.6440234375 0.11776785714285715 0.108203125
2.0 0.1556547619047619 0.648046875 0.10154761904761904 0.0883203125
2.0 0.2194047619047619 0.40234375 0.07351190476190476 0.0569140625
2.0 0.2756845238095238 0.3954296875 0.07919642857142857 0.0551953125
2.0 0.41764880952380956 0.411015625 0.09080357142857143 0.06265625
2.0 0.4122321428571428 0.3850390625 0.09214285714285715 0.06203125
2.0 0.3463095238095238 0.452578125 0.06452380952380952 0.0541015625
2.0 0.1717857142857143 0.4137109375 0.07282738095238095 0.062578125
2.0 0.5889880952380953 0.405078125 0.07797619047619048 0.051484375
2.0 0.5508630952380953 0.5348828125 0.09303571428571429 0.0612890625
2.0 0.7385119047619048 0.5326953125 0.09824404761904762 0.064453125
2.0 0.5938095238095238 0.5865234375 0.11354166666666667 0.0827734375
2.0 0.7431845238095238 0.5750390625 0.10669642857142858 0.0680859375
2.0 0.920952380952381 0.5437109375 0.09595238095238096 0.0569921875
2.0 0.9283928571428571 0.573359375 0.09979166666666667 0.0744921875
