2.0 0.41571428571428576 0.6528125 0.1193154761904762 0.109296875
2.0 0.16735119047619046 0.655625 0.10279761904761904 0.0884375
2.0 0.06455357142857143 0.6473828125 0.10508928571428572 0.0989453125
2.0 0.2125595238095238 0.3996484375 0.07297619047619047 0.0569140625
2.0 0.26976190476190476 0.3931640625 0.07845238095238095 0.054921875
2.0 0.4120238095238095 0.4090625 0.09050595238095238 0.0624609375
2.0 0.4048511904761905 0.38234375 0.09175595238095238 0.061640625
2.0 0.3381547619047619 0.4494921875 0.06395833333333333 0.053984375
2.0 0.16279761904761905 0.409375 0.07309523809523809 0.0622265625
2.0 0.5829761904761904 0.4030859375 0.07782738095238095 0.051328125
2.0 0.5402380952380953 0.5305859375 0.09232142857142857 0.060234375
2.0 0.7308928571428572 0.53 0.09776785714285714 0.0642578125
2.0 0.5811607142857144 0.58125 0.11217261904761903 0.08234375
2.0 0.7325892857142857 0.57109375 0.10645833333333335 0.0677734375
2.0 0.9113095238095238 0.5411328125 0.09595238095238096 0.0569921875
2.0 0.919375 0.5701171875 0.0994047619047619 0.074296875
