2.0 0.4342559523809524 0.6616796875 0.12086309523809524 0.110390625
2.0 0.18276785714285712 0.664453125 0.10473214285714286 0.0897265625
2.0 0.07770833333333334 0.655234375 0.10675595238095237 0.0989453125
2.0 0.20568452380952382 0.396953125 0.07241071428571429 0.0569140625
2.0 0.2638690476190476 0.3908203125 0.07770833333333334 0.0546484375
2.0 0.40633928571428574 0.407109375 0.09020833333333333 0.0623046875
2.0 0.3974702380952381 0.3796484375 0.09136904761904761 0.0612109375
2.0 0.33110119047619047 0.4467578125 0.06366071428571429 0.0538671875
2.0 0.15377976190476192 0.405078125 0.07339285714285715 0.0618359375
2.0 0.5770238095238095 0.4010546875 0.07767857142857143 0.051171875
2.0 0.5295833333333333 0.5262890625 0.09163690476190475 0.059140625
2.0 0.7233035714285714 0.527265625 0.09729166666666667 0.0640234375
2.0 0.5684821428571428 0.5758984375 0.11080357142857142 0.081953125
2.0 0.7219345238095238 0.5671875 0.10622023809523809 0.0674609375
2.0 0.9017261904761905 0.5385546875 0.09595238095238096 0.0569921875
2.0 0.9103571428571429 0.566875 0.09904761904761905 0.0740625
