2.0 0.47133928571428574 0.6794140625 0.12398809523809523 0.112578125
2.0 0.21348214285714287 0.682109375 0.10860119047619048 0.092265625
2.0 0.10398809523809523 0.6708984375 0.11002976190476191 0.0989453125
2.0 0.19196428571428573 0.3916015625 0.07133928571428572 0.056953125
2.0 0.25205357142857143 0.38625 0.0761904761904762 0.0541015625
2.0 0.3950892857142857 0.4031640625 0.08961309523809524 0.061953125
2.0 0.38264880952380953 0.3742578125 0.090625 0.060390625
2.0 0.31699404761904765 0.4412109375 0.0630654761904762 0.053671875
2.0 0.13863095238095238 0.3977734375 0.0681547619047619 0.061484375
2.0 0.5650595238095238 0.3969921875 0.07738095238095238 0.0508203125
2.0 0.5083333333333334 0.5176953125 0.09023809523809524 0.0569921875
2.0 0.7081547619047619 0.5218359375 0.09636904761904763 0.06359375
2.0 0.5432440476190477 0.5653125 0.1080654761904762 0.081171875
2.0 0.7033630952380953 0.5603515625 0.10532738095238095 0.0670703125
2.0 0.8824404761904762 0.5334375 0.09595238095238096 0.0569921875
2.0 0.8923511904761904 0.5603515625 0.09830357142857143 0.07359375
