2.0 0.48985119047619047 0.68828125 0.12553571428571428 0.113671875
2.0 0.2288988095238095 0.6908984375 0.11053571428571429 0.093515625
2.0 0.11711309523809524 0.6787109375 0.11169642857142857 0.0989453125
2.0 0.1850892857142857 0.38890625 0.07077380952380953 0.056953125
2.0 0.2461309523809524 0.38390625 0.07544642857142858 0.053828125
2.0 0.3894047619047619 0.4012109375 0.0893154761904762 0.061796875
2.0 0.37526785714285715 0.3715234375 0.09023809523809524 0.0599609375
2.0 0.3099702380952381 0.4384765625 0.06273809523809523 0.0535546875
2.0 0.1324404761904762 0.394765625 0.06264880952380952 0.061484375
2.0 0.559047619047619 0.3949609375 0.07723214285714286 0.0506640625
2.0 0.4986904761904762 0.513359375 0.08976190476190476 0.056015625
2.0 0.7005654761904762 0.5191796875 0.09589285714285714 0.063359375
2.0 0.5305654761904762 0.5600390625 0.10669642857142858 0.0807421875
2.0 0.694047619047619 0.556953125 0.10485119047619047 0.066875
2.0 0.8734821428571429 0.5302734375 0.09538690476190476 0.0566796875
2.0 0.8833630952380952 0.5570703125 0.09791666666666667 0.0733984375
