2.0 0.5083928571428571 0.6971484375 0.12711309523809525 0.114765625
2.0 0.24422619047619049 0.6997265625 0.1124702380952381 0.0948046875
2.0 0.13023809523809524 0.6865234375 0.11333333333333333 0.0989453125
2.0 0.1782440476190476 0.3862109375 0.07023809523809524 0.056953125
2.0 0.24023809523809522 0.3816015625 0.07470238095238095 0.0535546875
2.0 0.38375 0.39921875 0.08901785714285715 0.061640625
2.0 0.36875 0.3694921875 0.08976190476190476 0.059296875
2.0 0.30291666666666667 0.435703125 0.06244047619047619 0.0534765625
2.0 0.12625 0.3917578125 0.05711309523809524 0.061484375
2.0 0.5530952380952381 0.3929296875 0.07711309523809524 0.0505078125
2.0 0.48910714285714285 0.5090234375 0.08925595238095238 0.0550390625
2.0 0.6929464285714286 0.51640625 0.09541666666666668 0.063125
2.0 0.5179464285714286 0.5547265625 0.10532738095238095 0.0803515625
2.0 0.6847916666666667 0.5535546875 0.1044047619047619 0.0666796875
2.0 0.8644940476190477 0.52703125 0.09485119047619048 0.05640625
2.0 0.8743154761904761 0.5537890625 0.09755952380952382 0.0731640625
