2.0 0.5454761904761904 0.71484375 0.13020833333333334 0.116953125
2.0 0.275 0.71734375 0.11633928571428573 0.09734375
2.0 0.15651785714285715 0.7021484375 0.11663690476190476 0.0989453125
2.0 0.053154761904761906 0.5296875 0.10050595238095239 0.0884375
2.0 0.16586309523809523 0.3809765625 0.06910714285714285 0.055234375
2.0 0.22845238095238096 0.3769921875 0.07318452380952381 0.05296875
2.0 0.3724702380952381 0.3952734375 0.08842261904761906 0.0612890625
2.0 0.3557142857142857 0.36546875 0.0887797619047619 0.057890625
2.0 0.2888392857142857 0.430234375 0.0618452380952381 0.05328125
2.0 0.5411607142857143 0.38890625 0.07681547619047618 0.0501953125
2.0 0.4698511904761905 0.5003515625 0.08827380952380952 0.053125
2.0 0.6777678571428571 0.5109765625 0.09446428571428571 0.0626953125
2.0 0.4926488095238095 0.544140625 0.10258928571428572 0.0795703125
2.0 0.6662202380952381 0.546796875 0.10348214285714287 0.06625
2.0 0.846547619047619 0.520703125 0.09375 0.0558203125
2.0 0.8563095238095239 0.5473046875 0.09681547619047619 0.0726953125
