2.0 0.5677380952380953 0.725703125 0.1305952380952381 0.1179296875
2.0 0.29038690476190476 0.7262109375 0.11827380952380953 0.09859375
2.0 0.16964285714285715 0.7100390625 0.11827380952380953 0.0989453125
2.0 0.06532738095238096 0.536328125 0.10241071428571427 0.0896875
2.0 0.16029761904761905 0.378515625 0.06854166666666667 0.0534765625
2.0 0.2225297619047619 0.3746484375 0.0724404761904762 0.0526953125
2.0 0.36681547619047616 0.3933203125 0.088125 0.0611328125
2.0 0.3491666666666666 0.3634375 0.08830357142857144 0.0571875
2.0 0.2817857142857143 0.4275 0.061517857142857145 0.0531640625
2.0 0.5351488095238095 0.3868359375 0.07666666666666667 0.05
2.0 0.46020833333333333 0.496015625 0.08779761904761904 0.0521484375
2.0 0.6702083333333333 0.50828125 0.09401785714285714 0.0625
2.0 0.48 0.538828125 0.10122023809523809 0.0791796875
2.0 0.6569047619047619 0.5433984375 0.10303571428571427 0.0660546875
2.0 0.8375595238095238 0.5175 0.0931845238095238 0.0555078125
2.0 0.8472916666666667 0.5440625 0.09642857142857142 0.0725
