2.0 0.5900000000000001 0.736484375 0.13098214285714285 0.1189453125
2.0 0.3057738095238095 0.735 0.12020833333333333 0.0998828125
2.0 0.18279761904761904 0.7178515625 0.11994047619047618 0.0989453125
2.0 0.0775297619047619 0.54296875 0.10431547619047618 0.0909375
2.0 0.15482142857142858 0.376015625 0.06797619047619048 0.05171875
2.0 0.21660714285714286 0.3723828125 0.07169642857142858 0.052421875
2.0 0.3611904761904762 0.391328125 0.08782738095238096 0.0609765625
2.0 0.34261904761904766 0.3614453125 0.08782738095238096 0.0565234375
2.0 0.27473214285714287 0.4247265625 0.0612202380952381 0.0530859375
2.0 0.5291964285714286 0.38484375 0.07651785714285715 0.04984375
2.0 0.45056547619047616 0.4916796875 0.08729166666666666 0.051171875
2.0 0.6625595238095239 0.5055859375 0.09354166666666666 0.062265625
2.0 0.4673511904761905 0.533515625 0.09985119047619047 0.07875
2.0 0.6476488095238095 0.5399609375 0.10258928571428572 0.065859375
2.0 0.8286309523809524 0.514296875 0.09264880952380952 0.055234375
2.0 0.8382738095238096 0.54078125 0.09607142857142857 0.072265625
