2.0 0.6345535714285715 0.758203125 0.1317559523809524 0.1209375
2.0 0.33651785714285715 0.7526953125 0.12407738095238094 0.102421875
2.0 0.21205357142857142 0.7359765625 0.12541666666666668 0.102265625
2.0 0.101875 0.556171875 0.108125 0.0934375
2.0 0.1437797619047619 0.371015625 0.06681547619047619 0.0482421875
2.0 0.20479166666666668 0.367734375 0.07017857142857142 0.051875
2.0 0.3498809523809524 0.3873828125 0.08723214285714286 0.060625
2.0 0.32961309523809523 0.3573828125 0.0868452380952381 0.0551171875
2.0 0.2606547619047619 0.4192578125 0.060625000000000005 0.052890625
2.0 0.5172321428571428 0.38078125 0.07625 0.04953125
2.0 0.4322916666666667 0.4843359375 0.08607142857142858 0.050234375
2.0 0.6474107142857143 0.5001171875 0.09258928571428571 0.0618359375
2.0 0.4421130952380953 0.5229296875 0.09708333333333333 0.07796875
2.0 0.6290476190476191 0.533203125 0.10166666666666666 0.06546875
2.0 0.8106547619047619 0.5079296875 0.09151785714285714 0.0546484375
2.0 0.8202678571428572 0.5342578125 0.09532738095238096 0.071796875
