2.0 0.6568452380952381 0.768984375 0.13211309523809525 0.121953125
2.0 0.351875 0.761484375 0.12601190476190477 0.103671875
2.0 0.2266369047619048 0.745078125 0.1281547619047619 0.10390625
2.0 0.11407738095238094 0.5627734375 0.11002976190476191 0.0946875
2.0 0.13824404761904763 0.368515625 0.06625 0.046484375
2.0 0.19892857142857143 0.36546875 0.06943452380952381 0.0516015625
2.0 0.3442559523809524 0.3854296875 0.08693452380952381 0.06046875
2.0 0.3230654761904762 0.3553515625 0.08636904761904762 0.054453125
2.0 0.25360119047619045 0.416484375 0.06032738095238095 0.0527734375
2.0 0.51125 0.37875 0.07610119047619048 0.049375
2.0 0.4236309523809524 0.481328125 0.08532738095238096 0.050234375
2.0 0.6398214285714285 0.497421875 0.09211309523809523 0.0616015625
2.0 0.43113095238095245 0.5183203125 0.09657738095238096 0.077421875
2.0 0.6197619047619047 0.529765625 0.10122023809523809 0.0652734375
2.0 0.8016666666666667 0.5046875 0.09098214285714286 0.054375
2.0 0.8112797619047618 0.531015625 0.09494047619047619 0.0716015625
