2.0 0.6791071428571429 0.77984375 0.1325 0.1229296875
2.0 0.3672916666666667 0.7703125 0.12794642857142857 0.1049609375
2.0 0.24127976190476189 0.754140625 0.13089285714285714 0.105546875
2.0 0.12622023809523808 0.569453125 0.1119345238095238 0.0959375
2.0 0.13488095238095238 0.3672265625 0.062410714285714285 0.046484375
2.0 0.1929761904761905 0.3631640625 0.06869047619047619 0.051328125
2.0 0.3385714285714286 0.3834375 0.08663690476190476 0.0603125
2.0 0.316547619047619 0.353359375 0.08589285714285715 0.05375
2.0 0.24654761904761907 0.41375 0.06 0.05265625
2.0 0.5052678571428572 0.37671875 0.07595238095238095 0.0491796875
2.0 0.415 0.4783203125 0.08458333333333334 0.050234375
2.0 0.6322321428571429 0.4947265625 0.09166666666666667 0.0613671875
2.0 0.42017857142857146 0.513671875 0.09604166666666668 0.076875
2.0 0.6104761904761905 0.5263671875 0.10074404761904762 0.065078125
2.0 0.7927083333333333 0.5015234375 0.09041666666666666 0.0540625
2.0 0.8022619047619047 0.5277734375 0.09458333333333334 0.0713671875
