2.0 0.7013988095238095 0.790625 0.13288690476190476 0.1239453125
2.0 0.3875595238095238 0.78140625 0.12946428571428573 0.1060546875
2.0 0.25589285714285714 0.763203125 0.13366071428571427 0.1071875
2.0 0.14113095238095238 0.5771875 0.1137202380952381 0.09703125
2.0 0.13151785714285713 0.3658984375 0.05854166666666667 0.046484375
2.0 0.18711309523809522 0.3608203125 0.06794642857142856 0.0510546875
2.0 0.3329464285714286 0.381484375 0.08633928571428572 0.0601171875
2.0 0.3100297619047619 0.351328125 0.08541666666666667 0.053046875
2.0 0.23952380952380953 0.411015625 0.05970238095238095 0.052578125
2.0 0.4992857142857143 0.3746875 0.07583333333333334 0.0490234375
2.0 0.40633928571428574 0.4753515625 0.08383928571428571 0.050234375
2.0 0.6246130952380953 0.4919921875 0.0911904761904762 0.061171875
2.0 0.40922619047619047 0.5090234375 0.0955357142857143 0.076328125
2.0 0.6011607142857143 0.52296875 0.10029761904761905 0.0648828125
2.0 0.78375 0.498359375 0.08988095238095238 0.0537890625
2.0 0.7932440476190475 0.5244921875 0.09422619047619048 0.0711328125
2.0 0.941845238095238 0.727578125 0.11880952380952381 0.079453125
