2.0 0.7236607142857143 0.8014453125 0.13327380952380952 0.124921875
2.0 0.40782738095238097 0.792421875 0.13098214285714285 0.1071875
2.0 0.2705059523809524 0.772265625 0.1363988095238095 0.108828125
2.0 0.15607142857142856 0.5849609375 0.11547619047619047 0.098125
2.0 0.1281845238095238 0.364609375 0.05470238095238095 0.046484375
2.0 0.1811904761904762 0.358515625 0.06717261904761905 0.05078125
2.0 0.32729166666666665 0.37953125 0.08604166666666667 0.0599609375
2.0 0.30348214285714287 0.349296875 0.08494047619047619 0.05234375
2.0 0.2324702380952381 0.4082421875 0.059404761904761905 0.0524609375
2.0 0.49330357142857145 0.3726953125 0.07568452380952381 0.0488671875
2.0 0.39767857142857144 0.4723046875 0.0830952380952381 0.050234375
2.0 0.6170238095238095 0.489296875 0.09071428571428572 0.0609375
2.0 0.39824404761904764 0.5044140625 0.09502976190476191 0.07578125
2.0 0.591875 0.519609375 0.09985119047619047 0.0646484375
2.0 0.7747916666666667 0.4951171875 0.0893154761904762 0.0534765625
2.0 0.7842261904761905 0.5212109375 0.09383928571428572 0.0708984375
2.0 0.9257142857142858 0.7209375 0.11854166666666666 0.079453125
