2.0 0.745922619047619 0.812265625 0.13366071428571427 0.1259375
2.0 0.4280952380952381 0.8034765625 0.1325 0.1083203125
2.0 0.28514880952380955 0.781328125 0.13913690476190477 0.1105078125
2.0 0.17095238095238094 0.592734375 0.11723214285714285 0.09921875
2.0 0.12482142857142857 0.36328125 0.05083333333333333 0.046484375
2.0 0.17526785714285714 0.3562109375 0.06642857142857143 0.0505078125
2.0 0.32166666666666666 0.3775390625 0.08574404761904761 0.0598046875
2.0 0.29696428571428574 0.3473046875 0.0844345238095238 0.0516796875
2.0 0.2261309523809524 0.405546875 0.059017857142857136 0.0523046875
2.0 0.48732142857142857 0.3706640625 0.07553571428571429 0.0487109375
2.0 0.38904761904761903 0.4693359375 0.08235119047619048 0.050234375
2.0 0.6094642857142857 0.4865625 0.09023809523809524 0.060703125
2.0 0.38732142857142854 0.499765625 0.09449404761904762 0.075234375
2.0 0.5825892857142857 0.5162109375 0.099375 0.064453125
2.0 0.7658035714285715 0.491953125 0.0887797619047619 0.053203125
2.0 0.7752380952380953 0.5179296875 0.09348214285714286 0.070703125
2.0 0.9095833333333333 0.7142578125 0.11827380952380953 0.079453125
