2.0 0.7958035714285714 0.832265625 0.1374702380952381 0.1239453125
2.0 0.46866071428571426 0.8255859375 0.13556547619047618 0.1105859375
2.0 0.31437499999999996 0.7994921875 0.14461309523809524 0.1137890625
2.0 0.20074404761904763 0.60828125 0.12077380952380952 0.10140625
2.0 0.16425595238095236 0.352421875 0.0656845238095238 0.0505859375
2.0 0.3103571428571429 0.3736328125 0.08514880952380952 0.059453125
2.0 0.2848809523809524 0.3432421875 0.0837202380952381 0.0509765625
2.0 0.21345238095238095 0.4002734375 0.05824404761904762 0.051953125
2.0 0.47535714285714287 0.3665625 0.07523809523809524 0.048359375
2.0 0.3716964285714286 0.463359375 0.08086309523809525 0.050234375
2.0 0.5942857142857143 0.481171875 0.08928571428571429 0.0602734375
2.0 0.3653869047619048 0.4905078125 0.09345238095238095 0.074140625
2.0 0.5663095238095238 0.50984375 0.09800595238095237 0.0635546875
2.0 0.7478571428571429 0.485546875 0.08764880952380952 0.0526171875
2.0 0.7572023809523809 0.5114453125 0.09273809523809524 0.070234375
2.0 0.8773511904761906 0.7009375 0.11779761904761904 0.079453125
