2.0 0.8207440476190475 0.842265625 0.139375 0.1229296875
2.0 0.48892857142857143 0.8366796875 0.13708333333333333 0.1116796875
2.0 0.32901785714285714 0.8085546875 0.14735119047619047 0.1154296875
2.0 0.21565476190476188 0.616015625 0.1225297619047619 0.1025
2.0 0.15907738095238097 0.3509375 0.0656845238095238 0.0509765625
2.0 0.30470238095238095 0.3716015625 0.08488095238095238 0.059296875
2.0 0.2793154761904762 0.341171875 0.08348214285714287 0.0509765625
2.0 0.20708333333333334 0.397578125 0.05788690476190476 0.051796875
2.0 0.4694047619047619 0.3645703125 0.07508928571428572 0.048203125
2.0 0.3630952380952381 0.4603515625 0.08011904761904762 0.050234375
2.0 0.5866666666666667 0.4784765625 0.08883928571428572 0.060078125
2.0 0.35443452380952384 0.485859375 0.09294642857142857 0.07359375
2.0 0.558125 0.506640625 0.09732142857142859 0.063125
2.0 0.7388690476190476 0.4823828125 0.08711309523809524 0.05234375
2.0 0.7482142857142857 0.5081640625 0.09235119047619048 0.07
2.0 0.86125 0.6942578125 0.11752976190476191 0.079453125
