2.0 0.8413095238095238 0.85328125 0.13517857142857143 0.1234375
2.0 0.5091964285714285 0.8476953125 0.1386011904761905 0.1128125
2.0 0.34833333333333333 0.8196484375 0.14913690476190475 0.1180078125
2.0 0.23056547619047618 0.6237890625 0.1243154761904762 0.10359375
2.0 0.15392857142857141 0.3494140625 0.0656845238095238 0.051328125
2.0 0.2990178571428571 0.3696484375 0.08458333333333334 0.059140625
2.0 0.27375 0.339140625 0.08324404761904762 0.0509765625
2.0 0.20074404761904763 0.3948828125 0.0575 0.051640625
2.0 0.46342261904761906 0.3625390625 0.0749702380952381 0.048046875
2.0 0.3544047619047619 0.45734375 0.07940476190476191 0.050234375
2.0 0.579047619047619 0.475703125 0.08836309523809524 0.05984375
2.0 0.34348214285714285 0.48125 0.09241071428571429 0.073046875
2.0 0.55 0.503515625 0.09663690476190476 0.06265625
2.0 0.7299107142857143 0.47921875 0.08654761904761904 0.05203125
2.0 0.7391964285714285 0.5048828125 0.09199404761904761 0.0698046875
2.0 0.8451190476190475 0.6876171875 0.11726190476190476 0.079453125
