2.0 0.861904761904762 0.8642578125 0.13098214285714285 0.1239453125
2.0 0.5294642857142857 0.85875 0.14011904761904762 0.1139453125
2.0 0.36767857142857147 0.8308203125 0.15095238095238095 0.1205859375
2.0 0.2454761904761905 0.6315625 0.12607142857142856 0.1046875
2.0 0.1488095238095238 0.347890625 0.0656845238095238 0.05171875
2.0 0.2933928571428571 0.3676953125 0.08428571428571428 0.058984375
2.0 0.26821428571428574 0.3370703125 0.08300595238095239 0.0509765625
2.0 0.19440476190476189 0.3922265625 0.05711309523809524 0.051484375
2.0 0.4574107142857143 0.3605078125 0.07482142857142857 0.047890625
2.0 0.3472321428571429 0.454140625 0.07866071428571428 0.0503515625
2.0 0.5714583333333333 0.4730078125 0.08788690476190476 0.059609375
2.0 0.3325595238095238 0.476640625 0.0919047619047619 0.0725
2.0 0.5418452380952381 0.5003125 0.09595238095238096 0.0622265625
2.0 0.720952380952381 0.4759765625 0.08601190476190476 0.0517578125
2.0 0.7301785714285715 0.501640625 0.09160714285714286 0.0695703125
2.0 0.8289880952380952 0.6809375 0.11702380952380953 0.079453125
