2.0 0.9029761904761904 0.88625 0.12261904761904763 0.124921875
2.0 0.570029761904762 0.880859375 0.1431547619047619 0.1162109375
2.0 0.40633928571428574 0.8530859375 0.15452380952380954 0.1257421875
2.0 0.2752678571428571 0.647109375 0.12961309523809522 0.106875
2.0 0.1375892857142857 0.344609375 0.06300595238095238 0.0512109375
2.0 0.28208333333333335 0.36375 0.08369047619047619 0.0586328125
2.0 0.25702380952380954 0.3330078125 0.08249999999999999 0.0509765625
2.0 0.18169642857142856 0.386953125 0.05633928571428572 0.0511328125
2.0 0.44547619047619047 0.3564453125 0.07452380952380952 0.0475390625
2.0 0.33285714285714285 0.4478125 0.07720238095238095 0.0505859375
2.0 0.5562797619047619 0.467578125 0.08693452380952381 0.0591796875
2.0 0.3118452380952381 0.4680078125 0.09050595238095238 0.0707421875
2.0 0.5255654761904762 0.493984375 0.09458333333333334 0.061328125
2.0 0.7029761904761904 0.469609375 0.08491071428571428 0.051171875
2.0 0.712172619047619 0.4951171875 0.09086309523809524 0.0691015625
2.0 0.7967559523809523 0.6676171875 0.11651785714285715 0.079453125
