2.0 0.9441369047619048 0.908203125 0.11422619047619048 0.1259375
2.0 0.6105952380952381 0.903046875 0.1462202380952381 0.1184375
2.0 0.4450297619047619 0.8754296875 0.15812500000000002 0.130859375
2.0 0.3094345238095238 0.6651171875 0.13392857142857142 0.1096875
2.0 0.27151785714285714 0.3601171875 0.08327380952380953 0.058359375
2.0 0.24589285714285716 0.3288671875 0.08202380952380953 0.0509765625
2.0 0.16982142857142857 0.38171875 0.05494047619047619 0.0508203125
2.0 0.43351190476190476 0.352421875 0.07425595238095238 0.0472265625
2.0 0.3185119047619048 0.4414453125 0.07574404761904761 0.050859375
2.0 0.5411011904761904 0.4621875 0.08601190476190476 0.05875
2.0 0.2923511904761905 0.46015625 0.08875 0.06828125
2.0 0.5092261904761904 0.4876171875 0.09321428571428572 0.0604296875
2.0 0.6850595238095238 0.4632421875 0.0837797619047619 0.0505859375
2.0 0.6941666666666667 0.48859375 0.09011904761904763 0.068671875
2.0 0.768125 0.65578125 0.11398809523809524 0.0785546875
