2.0 0.657172619047619 0.9225 0.15169642857142857 0.109453125
2.0 0.4847619047619047 0.8951953125 0.16285714285714287 0.129375
2.0 0.3480059523809524 0.6855859375 0.13907738095238095 0.113203125
2.0 0.26172619047619045 0.356796875 0.08300595238095239 0.0581640625
2.0 0.23476190476190475 0.32484375 0.08154761904761905 0.0509765625
2.0 0.15875 0.3766015625 0.05288690476190476 0.0505078125
2.0 0.42235119047619046 0.349140625 0.07348214285714286 0.04671875
2.0 0.30410714285714285 0.435078125 0.07428571428571429 0.05109375
2.0 0.525922619047619 0.456796875 0.08505952380952381 0.05828125
2.0 0.27288690476190475 0.4522265625 0.08696428571428572 0.0658203125
2.0 0.49294642857142856 0.48125 0.09184523809523809 0.05953125
2.0 0.6670833333333333 0.4568359375 0.08267857142857143 0.05
2.0 0.6761309523809524 0.4820703125 0.08937500000000001 0.068203125
2.0 0.7394345238095238 0.643984375 0.11148809523809525 0.07765625
