2.0 0.5867559523809524 0.9385546875 0.1775595238095238 0.1090234375
2.0 0.444375 0.7368359375 0.1519345238095238 0.121953125
2.0 0.04970238095238095 0.5274609375 0.09595238095238096 0.0839453125
2.0 0.23711309523809523 0.3484765625 0.0824107142857143 0.0576171875
2.0 0.13104166666666667 0.3638671875 0.04773809523809523 0.049765625
2.0 0.3944345238095238 0.341015625 0.07157738095238095 0.04546875
2.0 0.2681845238095238 0.419140625 0.07062500000000001 0.05171875
2.0 0.48791666666666667 0.443203125 0.08270833333333333 0.0571875
2.0 0.2242261904761905 0.432421875 0.0825595238095238 0.0596875
2.0 0.45318452380952384 0.465703125 0.08860119047619047 0.05765625
2.0 0.6222321428571428 0.4408984375 0.0799107142857143 0.0485546875
2.0 0.6310714285714285 0.4657421875 0.0875297619047619 0.067109375
2.0 0.6677678571428571 0.614296875 0.10520833333333333 0.0754296875
2.0 0.9555357142857143 0.613671875 0.08681547619047619 0.0674609375
