2.0 0.6071428571428571 0.9472265625 0.18047619047619048 0.1049609375
2.0 0.46366071428571426 0.7470703125 0.15449404761904761 0.123671875
2.0 0.053154761904761906 0.5896484375 0.08910714285714286 0.0884375
2.0 0.06303571428571428 0.5345703125 0.09824404761904762 0.0851953125
2.0 0.23220238095238094 0.346875 0.08229166666666667 0.0575
2.0 0.12550595238095238 0.361328125 0.04672619047619048 0.049609375
2.0 0.3888690476190476 0.3394140625 0.07119047619047619 0.045234375
2.0 0.26098214285714283 0.4159375 0.06991071428571428 0.0518359375
2.0 0.48035714285714287 0.4405078125 0.08223214285714285 0.0569921875
2.0 0.21446428571428572 0.4284765625 0.08166666666666667 0.0584765625
2.0 0.44604166666666667 0.4628515625 0.0880952380952381 0.0575390625
2.0 0.6132440476190476 0.4376953125 0.079375 0.04828125
2.0 0.6220535714285714 0.4625390625 0.08717261904761904 0.066875
2.0 0.6533928571428571 0.6083984375 0.10395833333333333 0.0749609375
2.0 0.9449702380952381 0.610390625 0.08776785714285713 0.06796875
