2.0 0.5457738095238095 0.7900390625 0.16404761904761905 0.1305859375
2.0 0.100625 0.61765625 0.09467261904761905 0.0937890625
2.0 0.11619047619047619 0.5632421875 0.10738095238095238 0.090078125
2.0 0.2125297619047619 0.3401953125 0.08178571428571428 0.0570703125
2.0 0.3687797619047619 0.3329296875 0.06925595238095238 0.044296875
2.0 0.23223214285714286 0.403203125 0.06699404761904762 0.05234375
2.0 0.45428571428571424 0.43078125 0.08035714285714286 0.05546875
2.0 0.18169642857142856 0.4146875 0.076875 0.0590625
2.0 0.41732142857142857 0.451328125 0.08604166666666667 0.0572265625
2.0 0.5825595238095238 0.4271875 0.07761904761904762 0.0477734375
2.0 0.5860416666666667 0.449453125 0.08568452380952381 0.0659765625
2.0 0.6019940476190476 0.5883984375 0.10089285714285715 0.0739453125
2.0 0.9027083333333333 0.597421875 0.09157738095238095 0.0699609375
