2.0 0.5701190476190476 0.802265625 0.16586309523809523 0.1322265625
2.0 0.11249999999999999 0.6246484375 0.09607142857142857 0.0951171875
2.0 0.12946428571428573 0.5703515625 0.10967261904761905 0.091328125
2.0 0.20761904761904765 0.338515625 0.08166666666666667 0.0569921875
2.0 0.36392857142857143 0.331328125 0.0687202380952381 0.0440625
2.0 0.2250297619047619 0.4 0.06625 0.0524609375
2.0 0.4477380952380952 0.4283203125 0.07988095238095239 0.0551171875
2.0 0.17351190476190476 0.41125 0.07568452380952381 0.05921875
2.0 0.4101785714285714 0.4484765625 0.08553571428571428 0.0571484375
2.0 0.5752678571428571 0.4247265625 0.07723214285714286 0.0476953125
2.0 0.5786011904761905 0.4470703125 0.08520833333333333 0.0656640625
2.0 0.5891369047619047 0.5834375 0.10014880952380951 0.0737109375
2.0 0.8921428571428571 0.594140625 0.0925297619047619 0.07046875
