2.0 0.5944940476190477 0.814453125 0.16767857142857143 0.1338671875
2.0 0.12434523809523809 0.6316015625 0.0974702380952381 0.0964453125
2.0 0.14276785714285714 0.5775390625 0.1119345238095238 0.0925390625
2.0 0.20336309523809523 0.3369921875 0.08098214285714286 0.0569921875
2.0 0.35910714285714285 0.3297265625 0.0681845238095238 0.043828125
2.0 0.21857142857142856 0.3969921875 0.06625 0.0524609375
2.0 0.44125 0.425859375 0.07940476190476191 0.0547265625
2.0 0.16532738095238095 0.4078125 0.07446428571428572 0.059375
2.0 0.4030059523809524 0.4455859375 0.0850297619047619 0.0570703125
2.0 0.5680059523809524 0.422265625 0.07684523809523809 0.04765625
2.0 0.5711309523809524 0.4446875 0.08476190476190476 0.0653515625
2.0 0.5763095238095237 0.5783984375 0.099375 0.0734765625
2.0 0.8838392857142858 0.59140625 0.0931845238095238 0.0700390625
