2.0 0.6188095238095238 0.8266796875 0.16952380952380952 0.135546875
2.0 0.13622023809523812 0.6386328125 0.09886904761904762 0.0977734375
2.0 0.15604166666666666 0.5846875 0.11422619047619048 0.09375
2.0 0.19907738095238095 0.3353515625 0.08026785714285714 0.0569921875
2.0 0.35425595238095237 0.328125 0.06764880952380953 0.04359375
2.0 0.21211309523809524 0.3940234375 0.06625 0.0524609375
2.0 0.43470238095238095 0.4234375 0.07892857142857143 0.0543359375
2.0 0.15711309523809525 0.404375 0.07327380952380953 0.05953125
2.0 0.3958333333333333 0.442734375 0.08452380952380951 0.0569921875
2.0 0.5607738095238095 0.4198046875 0.07642857142857143 0.047578125
2.0 0.56375 0.4423046875 0.08428571428571428 0.065078125
2.0 0.563422619047619 0.5733984375 0.09860119047619048 0.073203125
2.0 0.8755357142857143 0.5886328125 0.09383928571428572 0.069609375
