2.0 0.6431250000000001 0.83890625 0.17133928571428572 0.1371875
2.0 0.1480654761904762 0.645625 0.10026785714285713 0.0991015625
2.0 0.169375 0.591796875 0.11651785714285715 0.095
2.0 0.19479166666666667 0.3337890625 0.07958333333333333 0.0569921875
2.0 0.3494345238095238 0.326484375 0.06714285714285714 0.043359375
2.0 0.205625 0.391015625 0.06625 0.0524609375
2.0 0.4281845238095238 0.421015625 0.07845238095238095 0.053984375
2.0 0.14889880952380952 0.400859375 0.07208333333333333 0.0596875
2.0 0.38949404761904766 0.44015625 0.08413690476190476 0.056875
2.0 0.5535416666666667 0.4173828125 0.07604166666666667 0.0475
2.0 0.5563392857142857 0.4398828125 0.08383928571428571 0.064765625
2.0 0.5505952380952381 0.5684375 0.09785714285714286 0.07296875
2.0 0.8671726190476191 0.5858203125 0.09449404761904762 0.0691796875
