2.0 0.6674404761904762 0.8511328125 0.17318452380952382 0.138828125
2.0 0.1599404761904762 0.65265625 0.10166666666666666 0.1004296875
2.0 0.18261904761904763 0.598984375 0.11880952380952381 0.0962109375
2.0 0.1905059523809524 0.3322265625 0.07886904761904762 0.0569921875
2.0 0.34461309523809525 0.32484375 0.06660714285714285 0.043125
2.0 0.19916666666666666 0.3880078125 0.06625 0.0524609375
2.0 0.4216666666666667 0.41859375 0.07797619047619048 0.05359375
2.0 0.14074404761904763 0.3974609375 0.07089285714285715 0.0598046875
2.0 0.3830952380952381 0.4376171875 0.0837202380952381 0.0567578125
2.0 0.5462797619047619 0.414921875 0.075625 0.0474609375
2.0 0.5488988095238095 0.4374609375 0.08339285714285714 0.064453125
2.0 0.5377678571428571 0.5634375 0.09708333333333333 0.0726953125
2.0 0.8588392857142857 0.5830078125 0.09514880952380952 0.06875
2.0 0.9361011904761904 0.5469140625 0.10508928571428572 0.0659765625
