2.0 0.6917857142857142 0.863359375 0.175 0.14046875
2.0 0.1755654761904762 0.661875 0.10336309523809523 0.1018359375
2.0 0.19595238095238096 0.6061328125 0.12107142857142857 0.0974609375
2.0 0.18619047619047618 0.330625 0.07818452380952381 0.0569921875
2.0 0.33976190476190476 0.3232421875 0.06607142857142857 0.042890625
2.0 0.19270833333333334 0.385 0.06625 0.0524609375
2.0 0.41514880952380956 0.4161328125 0.0775 0.053203125
2.0 0.1325297619047619 0.3940234375 0.06967261904761905 0.0599609375
2.0 0.3767559523809524 0.4350390625 0.08330357142857142 0.056640625
2.0 0.5390476190476191 0.4124609375 0.07523809523809524 0.0473828125
2.0 0.5414583333333334 0.435078125 0.08291666666666667 0.0641796875
2.0 0.5248809523809524 0.5584375 0.09633928571428571 0.0724609375
2.0 0.8505357142857142 0.5801953125 0.09580357142857142 0.0683203125
2.0 0.9266964285714285 0.543671875 0.10508928571428572 0.0659765625
2.0 0.9389880952380952 0.689375 0.11538690476190477 0.0809765625
