2.0 0.7161309523809524 0.875546875 0.1768154761904762 0.142109375
2.0 0.19122023809523808 0.6711328125 0.10508928571428572 0.1032421875
2.0 0.2130952380952381 0.6155859375 0.12410714285714286 0.0989453125
2.0 0.1819047619047619 0.3290234375 0.0775 0.0569921875
2.0 0.33497023809523807 0.321640625 0.06553571428571428 0.04265625
2.0 0.1862202380952381 0.38203125 0.06625 0.0524609375
2.0 0.40863095238095243 0.413671875 0.07702380952380952 0.0528515625
2.0 0.3703869047619048 0.432421875 0.08288690476190477 0.0565234375
2.0 0.5318154761904762 0.4100390625 0.07485119047619047 0.04734375
2.0 0.534047619047619 0.4326953125 0.0824702380952381 0.0638671875
2.0 0.5120535714285714 0.5534375 0.09556547619047619 0.0722265625
2.0 0.842202380952381 0.5774609375 0.09642857142857142 0.067890625
2.0 0.9172023809523809 0.540390625 0.10508928571428572 0.0659765625
2.0 0.9249107142857143 0.6834375 0.11494047619047618 0.080390625
