2.0 0.7404464285714285 0.8878125 0.17866071428571428 0.1437890625
2.0 0.20684523809523808 0.6804296875 0.1068154761904762 0.104609375
2.0 0.23026785714285716 0.625 0.12711309523809525 0.1004296875
2.0 0.17764880952380951 0.3274609375 0.07678571428571429 0.0569921875
2.0 0.3300892857142857 0.32 0.06502976190476191 0.0424609375
2.0 0.18041666666666667 0.379453125 0.06586309523809523 0.051875
2.0 0.4021130952380953 0.41125 0.07651785714285715 0.0524609375
2.0 0.36401785714285717 0.429921875 0.08249999999999999 0.0564453125
2.0 0.5245535714285714 0.4076171875 0.07443452380952381 0.047265625
2.0 0.5266071428571428 0.4303125 0.08202380952380953 0.0635546875
2.0 0.49919642857142854 0.5484765625 0.09482142857142857 0.071953125
2.0 0.8338988095238096 0.5746875 0.09708333333333333 0.0674609375
2.0 0.907797619047619 0.537109375 0.10508928571428572 0.0659765625
2.0 0.9108333333333334 0.6775 0.11452380952380951 0.07984375
