2.0 0.8114583333333333 0.916484375 0.1700297619047619 0.1287109375
2.0 0.2536904761904762 0.708203125 0.1119345238095238 0.1087890625
2.0 0.2818154761904762 0.6532421875 0.1361904761904762 0.1049609375
2.0 0.1649404761904762 0.323671875 0.0744047619047619 0.055390625
2.0 0.31601190476190477 0.3154296875 0.06357142857142857 0.0419921875
2.0 0.16303571428571428 0.3718359375 0.06464285714285714 0.050078125
2.0 0.3848214285714286 0.404921875 0.07651785714285715 0.0524609375
2.0 0.3449107142857143 0.4221875 0.08125 0.0561328125
2.0 0.502797619047619 0.4002734375 0.07324404761904761 0.0470703125
2.0 0.5047916666666667 0.423203125 0.08080357142857142 0.0628515625
2.0 0.4655059523809524 0.5339453125 0.09136904761904761 0.068984375
2.0 0.8073511904761904 0.5648828125 0.09586309523809525 0.066484375
2.0 0.8794345238095238 0.52734375 0.10508928571428572 0.0659765625
2.0 0.8686904761904761 0.65984375 0.1132440476190476 0.0781640625
