2.0 0.8814583333333333 0.9412109375 0.15437499999999998 0.103671875
2.0 0.3005654761904762 0.7359765625 0.11708333333333334 0.11296875
2.0 0.3333333333333333 0.6815234375 0.14523809523809522 0.109453125
2.0 0.15252976190476192 0.321875 0.07139880952380952 0.0505859375
2.0 0.30273809523809525 0.31140625 0.062380952380952384 0.0419921875
2.0 0.1456547619047619 0.364140625 0.06345238095238095 0.04828125
2.0 0.3675 0.398671875 0.07651785714285715 0.0524609375
2.0 0.3258035714285714 0.414453125 0.08002976190476191 0.05578125
2.0 0.48104166666666665 0.3929296875 0.07205357142857143 0.046875
2.0 0.48377976190476196 0.41625 0.0799702380952381 0.0624609375
2.0 0.4318154761904762 0.5194140625 0.08794642857142858 0.0659765625
2.0 0.7807738095238095 0.5550390625 0.09464285714285714 0.065546875
2.0 0.8511011904761906 0.5174609375 0.10508928571428572 0.0659765625
2.0 0.8264583333333333 0.6421484375 0.1119345238095238 0.0764453125
