2.0 0.9281250000000001 0.9577734375 0.14392857142857143 0.086953125
2.0 0.3318452380952381 0.75453125 0.12050595238095238 0.11578125
2.0 0.3677083333333333 0.7004296875 0.1512797619047619 0.1124609375
2.0 0.14425595238095237 0.3206640625 0.0694047619047619 0.047421875
2.0 0.2938690476190476 0.3087109375 0.06157738095238095 0.0419921875
2.0 0.13401785714285713 0.3590625 0.06264880952380952 0.0470703125
2.0 0.35598214285714286 0.394453125 0.07651785714285715 0.0524609375
2.0 0.3130654761904762 0.409296875 0.07922619047619048 0.0555859375
2.0 0.46651785714285715 0.388046875 0.0712797619047619 0.04671875
2.0 0.46976190476190477 0.411640625 0.07940476190476191 0.0622265625
2.0 0.40937500000000004 0.5098046875 0.08568452380952381 0.063984375
2.0 0.7630654761904762 0.5485546875 0.09383928571428572 0.0648828125
2.0 0.8321726190476191 0.5109375 0.10508928571428572 0.0659765625
2.0 0.8005059523809525 0.6323828125 0.11098214285714285 0.0759765625
