2.0 0.3474702380952381 0.7637890625 0.12223214285714286 0.1171484375
2.0 0.3848511904761905 0.70984375 0.1542857142857143 0.1139453125
2.0 0.14008928571428572 0.3200390625 0.06839285714285714 0.0458203125
2.0 0.28946428571428573 0.3073828125 0.06116071428571429 0.0419921875
2.0 0.12824404761904762 0.3565234375 0.06226190476190477 0.046484375
2.0 0.35020833333333334 0.39234375 0.07651785714285715 0.0524609375
2.0 0.3067261904761905 0.40671875 0.07880952380952382 0.05546875
2.0 0.4592559523809524 0.3855859375 0.07086309523809524 0.0466796875
2.0 0.46279761904761907 0.4093359375 0.07910714285714285 0.062109375
2.0 0.39809523809523806 0.504921875 0.08452380952380951 0.06296875
2.0 0.7542261904761904 0.5452734375 0.09342261904761905 0.0645703125
2.0 0.8236607142857143 0.5081640625 0.10467261904761906 0.065703125
2.0 0.7875000000000001 0.6275 0.11050595238095239 0.075703125
