2.0 0.39877976190476194 0.7937890625 0.1269345238095238 0.119765625
2.0 0.43636904761904766 0.7380859375 0.16333333333333333 0.1184375
2.0 0.08711309523809524 0.6634765625 0.119375 0.123671875
2.0 0.06366071428571429 0.52828125 0.07675595238095238 0.0853125
2.0 0.2761607142857143 0.30328125 0.05997023809523809 0.0419921875
2.0 0.33342261904761905 0.3865625 0.07538690476190475 0.0524609375
2.0 0.28866071428571427 0.4003125 0.07723214285714286 0.05546875
2.0 0.4375297619047619 0.37828125 0.06967261904761905 0.046484375
2.0 0.4418154761904762 0.40234375 0.07824404761904762 0.06171875
2.0 0.3684226190476191 0.493125 0.08252976190476191 0.0622265625
2.0 0.7276488095238095 0.53546875 0.09220238095238095 0.06359375
2.0 0.7981845238095238 0.4998828125 0.10336309523809523 0.06484375
2.0 0.7485119047619048 0.6129296875 0.10907738095238095 0.0749609375
