2.0 0.4188095238095238 0.805390625 0.1282142857142857 0.1195703125
2.0 0.459702380952381 0.7498828125 0.16595238095238093 0.1201953125
2.0 0.09869047619047618 0.6719140625 0.12366071428571428 0.1233203125
2.0 0.07574404761904761 0.535625 0.07860119047619048 0.0855859375
2.0 0.2721726190476191 0.3026171875 0.05997023809523809 0.0403125
2.0 0.3279464285714286 0.3846875 0.07482142857142857 0.0524609375
2.0 0.2826488095238095 0.398203125 0.07669642857142857 0.05546875
2.0 0.4313988095238095 0.3762109375 0.06943452380952381 0.04625
2.0 0.4348214285714286 0.4000390625 0.07797619047619048 0.0616015625
2.0 0.35854166666666665 0.4892578125 0.081875 0.061953125
2.0 0.7188095238095238 0.5321875 0.09178571428571429 0.06328125
2.0 0.7897023809523809 0.497109375 0.10294642857142858 0.0645703125
2.0 0.7355059523809524 0.608046875 0.10860119047619048 0.0747265625
