2.0 0.4589285714285714 0.8284375 0.13080357142857144 0.1191796875
2.0 0.5063095238095239 0.7734375 0.17113095238095238 0.12375
2.0 0.125 0.689453125 0.12952380952380954 0.1248046875
2.0 0.09997023809523811 0.5502734375 0.08223214285714285 0.0862109375
2.0 0.26419642857142855 0.30125 0.05997023809523809 0.03703125
2.0 0.3169047619047619 0.381015625 0.0736904761904762 0.0524609375
2.0 0.270625 0.39390625 0.075625 0.05546875
2.0 0.41907738095238095 0.3720703125 0.06895833333333334 0.0458203125
2.0 0.42211309523809526 0.3952734375 0.07696428571428571 0.061484375
2.0 0.3387202380952381 0.481328125 0.08053571428571428 0.061484375
2.0 0.7022916666666666 0.526015625 0.09101190476190475 0.0623828125
2.0 0.7727083333333333 0.4916015625 0.10208333333333333 0.063984375
2.0 0.7095238095238096 0.59828125 0.10764880952380954 0.07421875
2.0 0.8515773809523809 0.609921875 0.28101190476190474 0.1559375
