2.0 0.5191071428571428 0.86296875 0.13464285714285715 0.1186328125
2.0 0.57625 0.808828125 0.1789285714285714 0.1290625
2.0 0.1692857142857143 0.716796875 0.1342559523809524 0.1303125
2.0 0.1461011904761905 0.575703125 0.08803571428571429 0.08875
2.0 0.30041666666666667 0.37546875 0.07196428571428572 0.0524609375
2.0 0.2525595238095238 0.3874609375 0.07404761904761904 0.05546875
2.0 0.4006547619047619 0.3659375 0.06821428571428571 0.0451953125
2.0 0.4049702380952381 0.3880078125 0.07482142857142857 0.061484375
2.0 0.3090178571428571 0.4695703125 0.07854166666666666 0.060703125
2.0 0.6792261904761905 0.517109375 0.08985119047619047 0.060625
2.0 0.747202380952381 0.48328125 0.10080357142857142 0.0631640625
2.0 0.6705654761904762 0.5836328125 0.10622023809523809 0.0734765625
2.0 0.8183928571428571 0.596796875 0.27714285714285714 0.1533984375
