2.0 0.5391964285714286 0.87453125 0.13592261904761904 0.1184375
2.0 0.5995833333333334 0.8205859375 0.18151785714285715 0.130859375
2.0 0.18404761904761907 0.7259375 0.13583333333333333 0.1321484375
2.0 0.16151785714285716 0.5842578125 0.0899702380952381 0.0895703125
2.0 0.2949107142857143 0.3736328125 0.07139880952380952 0.0524609375
2.0 0.24654761904761907 0.3853125 0.07351190476190476 0.05546875
2.0 0.39449404761904766 0.36390625 0.06797619047619048 0.0449609375
2.0 0.3992559523809524 0.3855859375 0.07410714285714286 0.061484375
2.0 0.29910714285714285 0.4655859375 0.07785714285714286 0.06046875
2.0 0.671577380952381 0.5141796875 0.08949404761904763 0.0600390625
2.0 0.7387202380952381 0.480546875 0.10038690476190475 0.062890625
2.0 0.6592261904761905 0.5790625 0.10553571428571429 0.073125
2.0 0.8073511904761904 0.5925 0.2758630952380952 0.1525390625
