2.0 0.5619345238095238 0.8851171875 0.1380357142857143 0.1196875
2.0 0.6228869047619048 0.8323828125 0.18410714285714286 0.1326171875
2.0 0.19883928571428572 0.735 0.1374107142857143 0.1340234375
2.0 0.1769047619047619 0.5926953125 0.091875 0.0904296875
2.0 0.2894047619047619 0.3717578125 0.07083333333333333 0.0524609375
2.0 0.24053571428571427 0.383203125 0.07297619047619047 0.05546875
2.0 0.38836309523809526 0.3618359375 0.06770833333333333 0.044765625
2.0 0.3935416666666666 0.3831640625 0.07339285714285715 0.061484375
2.0 0.2891964285714286 0.4616796875 0.07720238095238095 0.060234375
2.0 0.6638988095238095 0.5112109375 0.08910714285714286 0.059453125
2.0 0.7302678571428571 0.4777734375 0.09994047619047619 0.062578125
2.0 0.6478869047619048 0.574453125 0.10485119047619047 0.0728125
2.0 0.7962797619047619 0.588125 0.27458333333333335 0.15171875
