2.0 0.584672619047619 0.8957421875 0.14011904761904762 0.1209375
2.0 0.6461904761904762 0.84421875 0.18669642857142857 0.134375
2.0 0.21360119047619047 0.744140625 0.13901785714285714 0.135859375
2.0 0.19229166666666667 0.601171875 0.09380952380952381 0.09125
2.0 0.2839285714285714 0.369921875 0.07023809523809524 0.0524609375
2.0 0.23449404761904763 0.3810546875 0.0724404761904762 0.05546875
2.0 0.3822023809523809 0.359765625 0.0674702380952381 0.04453125
2.0 0.38782738095238095 0.3806640625 0.07267857142857144 0.061484375
2.0 0.2792857142857143 0.457734375 0.07651785714285715 0.0599609375
2.0 0.6561904761904762 0.508203125 0.08872023809523809 0.0588671875
2.0 0.7217261904761905 0.4750390625 0.09952380952380951 0.0623046875
2.0 0.636547619047619 0.569921875 0.10413690476190476 0.0724609375
2.0 0.7852083333333333 0.58375 0.2733035714285714 0.150859375
