2.0 0.6529166666666667 0.9276171875 0.14639880952380951 0.1246875
2.0 0.7193154761904762 0.876953125 0.1917559523809524 0.1353125
2.0 0.25785714285714284 0.771484375 0.14375 0.14140625
2.0 0.23842261904761905 0.6266015625 0.09958333333333333 0.0937890625
2.0 0.2673809523809524 0.364375 0.06854166666666667 0.0524609375
2.0 0.21732142857142855 0.3744140625 0.07089285714285715 0.0551171875
2.0 0.36375 0.3536328125 0.06675595238095237 0.04390625
2.0 0.37044642857142857 0.3742578125 0.07145833333333333 0.061484375
2.0 0.25241071428571427 0.4469921875 0.07604166666666667 0.0596484375
2.0 0.6331845238095238 0.499375 0.08758928571428572 0.0571484375
2.0 0.69625 0.4666796875 0.09824404761904762 0.061484375
2.0 0.6025595238095238 0.556171875 0.10205357142857142 0.071484375
2.0 0.7520238095238095 0.5706640625 0.2694345238095238 0.1483203125
