2.0 0.6983630952380953 0.94453125 0.1511607142857143 0.1134375
2.0 0.7722916666666667 0.8952734375 0.19148809523809524 0.130078125
2.0 0.2873809523809524 0.7897265625 0.1469047619047619 0.145078125
2.0 0.26922619047619045 0.64359375 0.10345238095238095 0.09546875
2.0 0.059375 0.59046875 0.0919642857142857 0.0925
2.0 0.25705357142857144 0.360859375 0.06785714285714287 0.0522265625
2.0 0.20696428571428574 0.3697265625 0.06988095238095238 0.0543359375
2.0 0.3514583333333333 0.3494921875 0.06625 0.0434765625
2.0 0.3587797619047619 0.370234375 0.07095238095238095 0.061484375
2.0 0.2344642857142857 0.4398046875 0.07571428571428572 0.0594140625
2.0 0.6177976190476191 0.4934375 0.08681547619047619 0.0559765625
2.0 0.6805357142857142 0.460859375 0.09726190476190476 0.0599609375
2.0 0.5799107142857143 0.5469921875 0.1006547619047619 0.07078125
2.0 0.7298511904761904 0.5619921875 0.26687500000000003 0.146640625
