2.0 0.7436607142857143 0.956953125 0.15648809523809523 0.0884375
2.0 0.8252380952380951 0.9137109375 0.1911904761904762 0.1248046875
2.0 0.3219345238095238 0.8090625 0.15095238095238095 0.14625
2.0 0.2999702380952381 0.660546875 0.10729166666666666 0.0971875
2.0 0.08208333333333333 0.604140625 0.09538690476190476 0.094609375
2.0 0.2473809523809524 0.3574609375 0.06758928571428571 0.0516796875
2.0 0.19660714285714287 0.3650390625 0.06889880952380951 0.05359375
2.0 0.3391369047619048 0.3454296875 0.06577380952380953 0.043046875
2.0 0.34708333333333335 0.3661328125 0.07047619047619047 0.061484375
2.0 0.21645833333333334 0.4326171875 0.07538690476190475 0.05921875
2.0 0.6024702380952381 0.4875390625 0.08604166666666667 0.0548046875
2.0 0.6647916666666667 0.455 0.09627976190476191 0.0584765625
2.0 0.5572916666666666 0.5378515625 0.09925595238095239 0.0701171875
2.0 0.7077380952380953 0.5532421875 0.2642857142857143 0.1449609375
2.0 0.9212797619047619 0.723046875 0.12107142857142857 0.08546875
