2.0 0.8517559523809524 0.9228515625 0.19104166666666667 0.1221875
2.0 0.34169642857142857 0.8193359375 0.15342261904761903 0.145546875
2.0 0.3153869047619048 0.6690234375 0.10922619047619049 0.0980078125
2.0 0.09348214285714286 0.6109375 0.09708333333333333 0.0956640625
2.0 0.2425595238095238 0.35578125 0.0674702380952381 0.05140625
2.0 0.19142857142857142 0.3626953125 0.06839285714285714 0.053203125
2.0 0.3330357142857143 0.343359375 0.06550595238095239 0.0428515625
2.0 0.34125 0.3641796875 0.07020833333333333 0.061484375
2.0 0.2088095238095238 0.4292578125 0.07431547619047618 0.059140625
2.0 0.5947619047619048 0.484609375 0.08568452380952381 0.05421875
2.0 0.6569047619047619 0.4520703125 0.09580357142857142 0.057734375
2.0 0.545952380952381 0.5332421875 0.09854166666666667 0.0698046875
2.0 0.6966964285714285 0.5488671875 0.26300595238095237 0.1441015625
2.0 0.906875 0.716328125 0.12136904761904763 0.08546875
