2.0 0.9047321428571429 0.9412109375 0.1907738095238095 0.116953125
2.0 0.38125 0.83984375 0.15833333333333335 0.1441796875
2.0 0.3461309523809524 0.686015625 0.1130952380952381 0.0996875
2.0 0.11616071428571428 0.6245703125 0.10050595238095239 0.097734375
2.0 0.23288690476190477 0.3523828125 0.06723214285714285 0.050859375
2.0 0.18107142857142858 0.358046875 0.06738095238095239 0.0524609375
2.0 0.3207440476190476 0.3392578125 0.06502976190476191 0.042421875
2.0 0.32961309523809523 0.3601171875 0.06970238095238096 0.061484375
2.0 0.19345238095238096 0.4226171875 0.07217261904761904 0.0589453125
2.0 0.579404761904762 0.4787109375 0.08491071428571428 0.053046875
2.0 0.6411607142857143 0.4462890625 0.09485119047619048 0.0562109375
2.0 0.5232738095238095 0.5241015625 0.09717261904761905 0.069140625
2.0 0.6745238095238095 0.5401953125 0.2604464285714286 0.142421875
2.0 0.8780059523809524 0.7028515625 0.12193452380952381 0.08546875
2.0 0.9388690476190475 0.6125390625 0.10604166666666667 0.080703125
