2.0 0.4207738095238095 0.860390625 0.16324404761904762 0.1427734375
2.0 0.38839285714285715 0.7078125 0.11702380952380953 0.1040625
2.0 0.13892857142857143 0.63828125 0.10395833333333333 0.09984375
2.0 0.22321428571428573 0.3490234375 0.06699404761904762 0.0503125
2.0 0.17098214285714286 0.3538671875 0.06651785714285714 0.0524609375
2.0 0.308452380952381 0.3351953125 0.06452380952380952 0.0419921875
2.0 0.3178869047619048 0.3561328125 0.06922619047619048 0.061484375
2.0 0.178125 0.416015625 0.07002976190476191 0.05875
2.0 0.5650000000000001 0.47328125 0.08345238095238094 0.0524609375
2.0 0.6254464285714286 0.440390625 0.09386904761904762 0.0547265625
2.0 0.500625 0.514921875 0.09577380952380952 0.0684765625
2.0 0.6551190476190476 0.533125 0.25645833333333334 0.141875
2.0 0.8474404761904762 0.69 0.12157738095238095 0.0848046875
2.0 0.9204166666666667 0.6057421875 0.1056547619047619 0.0801953125
