2.0 0.4405357142857143 0.8706640625 0.1657142857142857 0.1420703125
2.0 0.4095238095238095 0.7187109375 0.11901785714285715 0.10625
2.0 0.15026785714285715 0.645078125 0.1056547619047619 0.1008984375
2.0 0.21836309523809525 0.3473046875 0.06687499999999999 0.050078125
2.0 0.16595238095238093 0.351796875 0.06607142857142857 0.0524609375
2.0 0.3030952380952381 0.3334765625 0.06440476190476191 0.0419140625
2.0 0.31205357142857143 0.3541015625 0.06895833333333334 0.061484375
2.0 0.17044642857142858 0.4126171875 0.06895833333333334 0.058671875
2.0 0.5582142857142858 0.4709375 0.08238095238095237 0.0524609375
2.0 0.6175892857142857 0.4375 0.09339285714285714 0.053984375
2.0 0.48931547619047616 0.510390625 0.09505952380952382 0.068125
2.0 0.6454166666666667 0.5296484375 0.2544345238095238 0.1416015625
2.0 0.8312797619047619 0.6838671875 0.12092261904761906 0.0841796875
2.0 0.9111904761904762 0.6023828125 0.10547619047619047 0.0799609375
