2.0 0.460297619047619 0.8809375 0.1681845238095238 0.14140625
2.0 0.4306547619047619 0.729609375 0.12098214285714286 0.1084375
2.0 0.16166666666666668 0.651875 0.10738095238095238 0.101953125
2.0 0.21354166666666666 0.345625 0.06675595238095237 0.0498046875
2.0 0.16089285714285714 0.3497265625 0.065625 0.0524609375
2.0 0.29779761904761903 0.331796875 0.06425595238095239 0.041875
2.0 0.30625 0.3520703125 0.0687202380952381 0.061484375
2.0 0.16276785714285713 0.409296875 0.06788690476190476 0.0585546875
2.0 0.5514285714285714 0.468515625 0.08133928571428571 0.0524609375
2.0 0.6105059523809524 0.43515625 0.0931547619047619 0.053828125
2.0 0.47800595238095245 0.50578125 0.094375 0.0678125
2.0 0.6357142857142857 0.5261328125 0.25244047619047616 0.1412890625
2.0 0.8151488095238095 0.6777734375 0.12026785714285713 0.083515625
2.0 0.9019642857142858 0.5990625 0.10526785714285714 0.0797265625
