2.0 0.4800892857142857 0.8911328125 0.17065476190476192 0.140703125
2.0 0.4518154761904762 0.74046875 0.12294642857142858 0.110625
2.0 0.17592261904761905 0.66078125 0.10824404761904761 0.1025
2.0 0.20872023809523807 0.343984375 0.06660714285714285 0.04953125
2.0 0.15586309523809522 0.347578125 0.06517857142857142 0.0524609375
2.0 0.2925 0.330078125 0.06410714285714285 0.0418359375
2.0 0.30041666666666667 0.350078125 0.06845238095238096 0.061484375
2.0 0.1550892857142857 0.406015625 0.06681547619047619 0.0584765625
2.0 0.5446428571428571 0.4661328125 0.08026785714285714 0.0524609375
2.0 0.6034226190476191 0.4328515625 0.09291666666666666 0.053671875
2.0 0.4666666666666667 0.5012109375 0.09366071428571428 0.0674609375
2.0 0.6259821428571429 0.5226171875 0.25044642857142857 0.141015625
2.0 0.7989880952380952 0.6716796875 0.11961309523809523 0.082890625
2.0 0.8927380952380952 0.5956640625 0.10508928571428572 0.079453125
