2.0 0.4998511904761904 0.9014453125 0.17309523809523808 0.14
2.0 0.47294642857142855 0.75140625 0.12494047619047619 0.1127734375
2.0 0.1902083333333333 0.6696875 0.10907738095238095 0.1030859375
2.0 0.20386904761904762 0.3423046875 0.06648809523809524 0.0492578125
2.0 0.15080357142857143 0.345546875 0.06473214285714286 0.0524609375
2.0 0.28720238095238093 0.3284375 0.06395833333333333 0.0417578125
2.0 0.29458333333333336 0.3480078125 0.06821428571428571 0.061484375
2.0 0.14642857142857144 0.402734375 0.06625 0.05796875
2.0 0.5378571428571428 0.46375 0.07919642857142857 0.0524609375
2.0 0.5963392857142857 0.4305078125 0.09270833333333332 0.053515625
2.0 0.4567559523809524 0.4975390625 0.09294642857142857 0.0674609375
2.0 0.61625 0.5190625 0.24845238095238095 0.1407421875
2.0 0.7828273809523809 0.6655859375 0.11895833333333333 0.0822265625
2.0 0.8834821428571429 0.592265625 0.10508928571428572 0.0786328125
