2.0 0.5196130952380953 0.9117578125 0.1755654761904762 0.139296875
2.0 0.49404761904761907 0.76234375 0.1269047619047619 0.1149609375
2.0 0.2044940476190476 0.6785546875 0.10994047619047619 0.1036328125
2.0 0.19907738095238095 0.3405859375 0.06636904761904762 0.048984375
2.0 0.14577380952380953 0.3434375 0.0642857142857143 0.0524609375
2.0 0.2819047619047619 0.32671875 0.06383928571428571 0.04171875
2.0 0.28875 0.3460546875 0.06797619047619048 0.061484375
2.0 0.13776785714285714 0.3994921875 0.0656845238095238 0.0574609375
2.0 0.5310714285714285 0.461328125 0.078125 0.0524609375
2.0 0.5892559523809524 0.4281640625 0.09247023809523809 0.053359375
2.0 0.4468154761904762 0.4938671875 0.09220238095238095 0.0674609375
2.0 0.606577380952381 0.5155859375 0.24645833333333333 0.14046875
2.0 0.7666666666666667 0.659453125 0.11830357142857142 0.0816015625
2.0 0.8742559523809523 0.588828125 0.10508928571428572 0.0778125
