2.0 0.5791666666666666 0.9382421875 0.1781845238095238 0.1259375
2.0 0.5574702380952381 0.7950390625 0.13282738095238095 0.1215234375
2.0 0.24732142857142855 0.7053125 0.11249999999999999 0.1053125
2.0 0.18541666666666665 0.3358984375 0.0649702380952381 0.048359375
2.0 0.26592261904761905 0.321640625 0.06339285714285714 0.0415625
2.0 0.2733035714285714 0.341171875 0.0656845238095238 0.0597265625
2.0 0.5107440476190477 0.454140625 0.0749404761904762 0.0524609375
2.0 0.5679761904761905 0.4212109375 0.09178571428571429 0.0529296875
2.0 0.4170535714285714 0.4828125 0.0900297619047619 0.0674609375
2.0 0.5774404761904762 0.5050390625 0.2404464285714286 0.139609375
2.0 0.7217857142857144 0.641953125 0.11452380952380951 0.07984375
2.0 0.8464880952380953 0.5786328125 0.10508928571428572 0.075390625
