2.0 0.5991369047619047 0.94421875 0.17592261904761905 0.1139453125
2.0 0.5785714285714286 0.8059375 0.13479166666666667 0.123671875
2.0 0.261577380952381 0.7141796875 0.11336309523809525 0.1058984375
2.0 0.18104166666666666 0.3344140625 0.06431547619047619 0.0481640625
2.0 0.260625 0.3199609375 0.06324404761904762 0.041484375
2.0 0.2681845238095238 0.3394921875 0.06491071428571428 0.059140625
2.0 0.5039583333333334 0.4517578125 0.07386904761904763 0.0524609375
2.0 0.5609523809523809 0.41890625 0.09154761904761906 0.0527734375
2.0 0.4071428571428572 0.479140625 0.0893154761904762 0.0674609375
2.0 0.5677380952380953 0.5015625 0.23845238095238097 0.1393359375
2.0 0.7074404761904761 0.63625 0.11294642857142859 0.0792578125
2.0 0.8372916666666667 0.5751953125 0.10508928571428572 0.0745703125
