2.0 0.19940476190476192 0.239296875 0.0969345238095238 0.0602734375
2.0 0.17008928571428572 0.278046875 0.11383928571428571 0.0657421875
2.0 0.23056547619047618 0.419140625 0.14023809523809522 0.09484375
2.0 0.49544642857142857 0.361640625 0.1469940476190476 0.0941015625
2.0 0.7363988095238095 0.5067578125 0.19092261904761906 0.087734375
2.0 0.7924107142857143 0.2426953125 0.11428571428571428 0.062890625
2.0 0.9150892857142858 0.4208984375 0.12824404761904762 0.086171875
2.0 0.9191964285714287 0.3288671875 0.13535714285714284 0.0894921875
2.0 0.8879464285714287 0.294140625 0.10964285714285715 0.06109375
2.0 0.5684523809523809 0.9284765625 0.21330357142857143 0.1223046875
