2.0 0.18744047619047619 0.2396875 0.09660714285714286 0.0602734375
2.0 0.1550595238095238 0.2783203125 0.11249999999999999 0.066171875
2.0 0.21458333333333332 0.419296875 0.13988095238095238 0.09453125
2.0 0.4780952380952381 0.3616796875 0.1469940476190476 0.093984375
2.0 0.7109523809523809 0.5067578125 0.19110119047619045 0.0868359375
2.0 0.7801785714285714 0.2423046875 0.11392857142857143 0.0626953125
2.0 0.8975 0.4202734375 0.12910714285714286 0.085546875
2.0 0.9068452380952381 0.3277734375 0.13598214285714286 0.0889453125
2.0 0.873720238095238 0.294453125 0.10946428571428572 0.06109375
2.0 0.6002678571428571 0.92828125 0.21205357142857142 0.121953125
