2.0 0.1754464285714286 0.24015625 0.09627976190476191 0.0602734375
2.0 0.1400297619047619 0.278671875 0.11113095238095239 0.066640625
2.0 0.19863095238095235 0.419453125 0.13952380952380952 0.09421875
2.0 0.46077380952380953 0.3617578125 0.1469940476190476 0.0938671875
2.0 0.6856547619047619 0.5064453125 0.19080357142857143 0.0864453125
2.0 0.7666964285714286 0.2428515625 0.11392857142857143 0.0626953125
2.0 0.8799107142857142 0.4196484375 0.1299702380952381 0.0848828125
2.0 0.8945238095238095 0.32671875 0.13657738095238095 0.0884375
2.0 0.8594940476190477 0.294765625 0.10931547619047619 0.06109375
2.0 0.6320238095238095 0.9280859375 0.21083333333333334 0.1216015625
