2.0 0.16351190476190475 0.240546875 0.09592261904761903 0.0602734375
2.0 0.1249702380952381 0.2789453125 0.10976190476190477 0.0670703125
2.0 0.18261904761904763 0.419609375 0.13916666666666666 0.09390625
2.0 0.4434226190476191 0.361796875 0.1469940476190476 0.09375
2.0 0.660327380952381 0.50609375 0.19053571428571428 0.08609375
2.0 0.7532142857142857 0.243359375 0.11392857142857143 0.0626953125
2.0 0.8623511904761905 0.418984375 0.13083333333333333 0.0842578125
2.0 0.8821130952380952 0.3256640625 0.13720238095238096 0.087890625
2.0 0.8452380952380952 0.295078125 0.10916666666666666 0.06109375
2.0 0.663779761904762 0.9279296875 0.20958333333333334 0.12125
