2.0 0.15154761904761904 0.241015625 0.0955952380952381 0.0602734375
2.0 0.10994047619047619 0.279296875 0.10839285714285715 0.0675390625
2.0 0.16663690476190476 0.4198046875 0.1387797619047619 0.0935546875
2.0 0.42610119047619044 0.361875 0.1469940476190476 0.0936328125
2.0 0.6350297619047619 0.505703125 0.19026785714285716 0.0857421875
2.0 0.7397321428571428 0.24390625 0.11392857142857143 0.0626953125
2.0 0.8447619047619047 0.418359375 0.13166666666666668 0.08359375
2.0 0.8697916666666666 0.3245703125 0.13779761904761903 0.08734375
2.0 0.8309821428571428 0.295390625 0.10901785714285715 0.06109375
2.0 0.695595238095238 0.927734375 0.20836309523809526 0.1208984375
