2.0 0.13955357142857144 0.241484375 0.09526785714285714 0.0602734375
2.0 0.09645833333333333 0.279921875 0.10839285714285715 0.0675390625
2.0 0.1506547619047619 0.419921875 0.13842261904761904 0.0932421875
2.0 0.40875 0.361953125 0.1469940476190476 0.0934765625
2.0 0.6097023809523809 0.5053515625 0.19 0.085390625
2.0 0.7260714285714286 0.2433984375 0.1137797619047619 0.0626953125
2.0 0.827202380952381 0.417734375 0.1325297619047619 0.08296875
2.0 0.8574702380952381 0.3234765625 0.13842261904761904 0.0868359375
2.0 0.8167559523809524 0.2956640625 0.10886904761904762 0.06109375
2.0 0.7273214285714286 0.9275390625 0.20711309523809524 0.1205078125
