2.0 0.06860119047619048 0.24390625 0.0893154761904762 0.0602734375
2.0 0.03675595238095238 0.28171875 0.06982142857142858 0.0675390625
2.0 0.06431547619047619 0.4191796875 0.12372023809523809 0.0932421875
2.0 0.3074702380952381 0.3629296875 0.14502976190476188 0.0932421875
2.0 0.4575 0.504140625 0.18782738095238094 0.08359375
2.0 0.6441369047619048 0.2405078125 0.1130654761904762 0.0626953125
2.0 0.7195238095238095 0.4159375 0.13351190476190475 0.0787890625
2.0 0.7782440476190476 0.3240234375 0.1367857142857143 0.087890625
2.0 0.7313392857142856 0.2975 0.10794642857142858 0.06109375
2.0 0.9029761904761904 0.9269921875 0.1819940476190476 0.119453125
