2.0 0.0568452380952381 0.2443359375 0.08818452380952381 0.0602734375
2.0 0.03032738095238095 0.28171875 0.05696428571428572 0.0675390625
2.0 0.05678571428571428 0.4191796875 0.10872023809523809 0.0932421875
2.0 0.29083333333333333 0.3631640625 0.14455357142857142 0.0932421875
2.0 0.4319047619047619 0.504609375 0.18699404761904762 0.08359375
2.0 0.6304761904761905 0.2400390625 0.11294642857142859 0.0626953125
2.0 0.7008333333333333 0.416328125 0.13229166666666667 0.07796875
2.0 0.7650297619047619 0.3241015625 0.13651785714285714 0.0880859375
2.0 0.7170833333333333 0.297734375 0.10779761904761904 0.06109375
2.0 0.9189880952380951 0.9269921875 0.1605952380952381 0.119453125
