2.0 0.03738095238095238 0.245078125 0.06889880952380951 0.0602734375
2.0 0.03428571428571429 0.4191796875 0.06369047619047619 0.0932421875
2.0 0.24083333333333334 0.3637890625 0.1430654761904762 0.0932421875
2.0 0.35517857142857145 0.50625 0.18455357142857143 0.08359375
2.0 0.5896428571428571 0.23921875 0.11297619047619048 0.0629296875
2.0 0.6469642857142857 0.4167578125 0.13107142857142856 0.0771875
2.0 0.725625 0.324765625 0.13598214285714286 0.0884375
2.0 0.6755654761904762 0.297734375 0.10779761904761904 0.06109375
2.0 0.19854166666666664 0.8316796875 0.19958333333333333 0.117421875
2.0 0.09464285714285714 0.7302734375 0.16773809523809524 0.105390625
