2.0 0.08285714285714285 0.2535546875 0.10104166666666667 0.0659375
2.0 0.040595238095238094 0.4239453125 0.07532738095238095 0.0787890625
2.0 0.2436309523809524 0.3325 0.13598214285714286 0.0884375
2.0 0.18053571428571427 0.29859375 0.1175892857142857 0.0626953125
2.0 0.22479166666666667 0.4608203125 0.1812797619047619 0.102890625
2.0 0.6551785714285714 0.295546875 0.13199404761904762 0.0687109375
2.0 0.7532142857142857 0.2365234375 0.11047619047619046 0.0665625
2.0 0.7996130952380953 0.3726953125 0.1342559523809524 0.08359375
2.0 0.9251785714285715 0.3385546875 0.12372023809523809 0.0849609375
2.0 0.7278869047619048 0.7344921875 0.2380357142857143 0.1391015625
