2.0 0.04235119047619048 0.254375 0.08002976190476191 0.0659375
2.0 0.18017857142857144 0.3354296875 0.13598214285714286 0.0884375
2.0 0.11863095238095238 0.300390625 0.1175892857142857 0.0626953125
2.0 0.11866071428571427 0.4609375 0.17854166666666668 0.102890625
2.0 0.5872321428571429 0.2953515625 0.13351190476190475 0.069140625
2.0 0.6873511904761904 0.23609375 0.11110119047619046 0.064140625
2.0 0.7252380952380952 0.371875 0.13976190476190475 0.08359375
2.0 0.8430654761904761 0.520546875 0.16449404761904762 0.083125
2.0 0.8663095238095238 0.337265625 0.12372023809523809 0.0837109375
2.0 0.8975892857142856 0.7318359375 0.1974702380952381 0.1428515625
