2.0 0.03488095238095238 0.254375 0.06511904761904762 0.0659375
2.0 0.1675 0.336015625 0.13598214285714286 0.0884375
2.0 0.10625000000000001 0.3007421875 0.1175892857142857 0.0626953125
2.0 0.09797619047619048 0.46015625 0.17761904761904762 0.102890625
2.0 0.5733630952380953 0.2953515625 0.13351190476190475 0.069140625
2.0 0.6741964285714286 0.2360546875 0.1112202380952381 0.063671875
2.0 0.7103273809523809 0.37171875 0.14086309523809523 0.08359375
2.0 0.8177083333333334 0.5203515625 0.16625 0.080859375
2.0 0.8545238095238096 0.33703125 0.12372023809523809 0.0834765625
2.0 0.9181250000000001 0.73109375 0.1611904761904762 0.1428515625
