2.0 0.027440476190476192 0.254375 0.050238095238095234 0.0659375
2.0 0.15476190476190477 0.3365625 0.13598214285714286 0.0884375
2.0 0.09386904761904762 0.3010546875 0.1175892857142857 0.0626953125
2.0 0.0906547619047619 0.46015625 0.17761904761904762 0.102890625
2.0 0.5594940476190476 0.2953515625 0.13351190476190475 0.069140625
2.0 0.6610416666666667 0.2359765625 0.11133928571428571 0.063203125
2.0 0.6944047619047619 0.37109375 0.14169642857142856 0.0837890625
2.0 0.7923214285714286 0.520078125 0.1680059523809524 0.0785546875
2.0 0.8427083333333333 0.336796875 0.12372023809523809 0.0832421875
2.0 0.9386309523809524 0.7302734375 0.12491071428571428 0.1428515625
