2.0 0.20538690476190477 0.3025 0.11767857142857142 0.0680078125
2.0 0.31020833333333336 0.2375 0.11065476190476191 0.0626953125
2.0 0.2880357142857143 0.3701171875 0.14270833333333335 0.0868359375
2.0 0.10675595238095237 0.5168359375 0.15619047619047619 0.07234375
2.0 0.5126488095238095 0.3343359375 0.12372023809523809 0.07953125
2.0 0.7416964285714286 0.3806640625 0.4283035714285714 0.1630859375
2.0 0.7448511904761905 0.3028125 0.12663690476190476 0.07234375
2.0 0.2376488095238095 0.7351953125 0.19026785714285716 0.110078125
2.0 0.7890476190476191 0.835703125 0.22779761904761905 0.1334765625
2.0 0.09910714285714285 0.8321875 0.18020833333333333 0.117109375
