2.0 0.19205357142857143 0.302890625 0.11675595238095238 0.067890625
2.0 0.2964880952380953 0.2378515625 0.11044642857142857 0.0626953125
2.0 0.27267857142857144 0.3703515625 0.1419047619047619 0.0863671875
2.0 0.08196428571428571 0.517265625 0.153125 0.07234375
2.0 0.49973214285714285 0.33421875 0.12372023809523809 0.0792578125
2.0 0.7197023809523809 0.3818359375 0.41892857142857143 0.1603125
2.0 0.7314285714285714 0.302578125 0.12678571428571428 0.07234375
2.0 0.9314285714285714 0.5051953125 0.13964285714285715 0.096484375
2.0 0.2761011904761905 0.7360546875 0.19125 0.110078125
2.0 0.8175297619047619 0.835703125 0.2199107142857143 0.1334765625
2.0 0.13 0.8328515625 0.1819940476190476 0.117109375
