2.0 0.16523809523809524 0.3037890625 0.11485119047619048 0.06765625
2.0 0.26916666666666667 0.238671875 0.11002976190476191 0.0626953125
2.0 0.24196428571428572 0.37078125 0.14035714285714285 0.0854296875
2.0 0.06318452380952382 0.517265625 0.11556547619047619 0.07234375
2.0 0.4739285714285715 0.333984375 0.12372023809523809 0.0787890625
2.0 0.6900595238095238 0.381328125 0.42880952380952386 0.1611328125
2.0 0.7046726190476191 0.3021875 0.12708333333333335 0.07234375
2.0 0.8821726190476191 0.505 0.14110119047619046 0.0955078125
2.0 0.3530059523809524 0.737734375 0.1931845238095238 0.110078125
2.0 0.8744642857142857 0.835703125 0.20416666666666666 0.1334765625
2.0 0.1917261904761905 0.8342578125 0.1855654761904762 0.117109375
