2.0 0.08023809523809525 0.306640625 0.11023809523809523 0.0675390625
2.0 0.17627976190476188 0.24140625 0.10738095238095238 0.0626953125
2.0 0.13535714285714284 0.3726953125 0.135 0.08359375
2.0 0.3829166666666667 0.333984375 0.12276785714285714 0.0762890625
2.0 0.572827380952381 0.3824609375 0.43583333333333335 0.16078125
2.0 0.6068452380952382 0.3009765625 0.1261607142857143 0.0707421875
2.0 0.7098511904761905 0.504453125 0.14625 0.092109375
2.0 0.9338988095238095 0.3749609375 0.12985119047619048 0.080390625
2.0 0.6221130952380952 0.74125 0.19806547619047618 0.1105859375
2.0 0.40782738095238097 0.8391796875 0.19806547619047618 0.117109375
