2.0 0.05633928571428572 0.307421875 0.10901785714285715 0.0675390625
2.0 0.15178571428571427 0.2421484375 0.10574404761904763 0.0626953125
2.0 0.10520833333333333 0.373359375 0.13351190476190475 0.08359375
2.0 0.35696428571428573 0.3339453125 0.12249999999999998 0.075546875
2.0 0.536875 0.3880859375 0.4328869047619047 0.1500390625
2.0 0.5783928571428572 0.3006640625 0.1256845238095238 0.0701171875
2.0 0.6594940476190476 0.504140625 0.1469940476190476 0.09203125
2.0 0.9035714285714287 0.3751953125 0.1325 0.079296875
2.0 0.6990773809523809 0.74046875 0.19806547619047618 0.11109375
2.0 0.47116071428571427 0.8403515625 0.1998511904761905 0.117890625
