2.0 0.05205357142857142 0.307421875 0.10044642857142858 0.0675390625
2.0 0.13952380952380952 0.2424609375 0.10494047619047618 0.0626953125
2.0 0.09208333333333334 0.373359375 0.13166666666666668 0.08359375
2.0 0.3442857142857143 0.3339453125 0.12211309523809524 0.075546875
2.0 0.5225297619047619 0.3823046875 0.4387797619047619 0.1618359375
2.0 0.5641964285714286 0.3005078125 0.12544642857142857 0.069765625
2.0 0.6337797619047618 0.5039453125 0.1469940476190476 0.0924609375
2.0 0.8883928571428571 0.3753515625 0.13383928571428572 0.0787890625
2.0 0.7375297619047619 0.740078125 0.19806547619047618 0.1113671875
2.0 0.5028273809523809 0.8409375 0.20074404761904763 0.11828125
