2.0 0.04776785714285715 0.307421875 0.091875 0.0675390625
2.0 0.12729166666666666 0.2428515625 0.10410714285714284 0.0626953125
2.0 0.07886904761904762 0.373359375 0.12985119047619048 0.08359375
2.0 0.3316071428571429 0.3339453125 0.12175595238095237 0.075546875
2.0 0.5106845238095238 0.379765625 0.44955357142857144 0.1671875
2.0 0.5500297619047619 0.3003515625 0.12517857142857144 0.069453125
2.0 0.6080654761904762 0.50375 0.1469940476190476 0.0928515625
2.0 0.8732440476190477 0.37546875 0.1351488095238095 0.0782421875
2.0 0.775982142857143 0.7396484375 0.19806547619047618 0.111640625
2.0 0.5344940476190476 0.8415234375 0.20163690476190477 0.118671875
