2.0 0.04967261904761905 0.3444140625 0.08973214285714286 0.0739453125
2.0 0.12470238095238095 0.3079296875 0.10345238095238095 0.0673828125
2.0 0.15860119047619048 0.3588671875 0.1786309523809524 0.118984375
2.0 0.45776785714285717 0.2604296875 0.14645833333333333 0.084296875
2.0 0.7389583333333333 0.3360546875 0.12598214285714285 0.065390625
2.0 0.813422619047619 0.3763671875 0.13279761904761905 0.0726171875
2.0 0.9323809523809523 0.312265625 0.12848214285714285 0.0702734375
2.0 0.9138095238095238 0.2431640625 0.10735119047619048 0.0573828125
2.0 0.6336011904761905 0.4141015625 0.1386011904761905 0.076171875
2.0 0.6451190476190476 0.74609375 0.20282738095238098 0.1096875
2.0 0.47886904761904764 0.915546875 0.28857142857142853 0.1569140625
