2.0 0.07351190476190476 0.3082421875 0.10166666666666666 0.069140625
2.0 0.10264880952380953 0.3588671875 0.17291666666666666 0.118984375
2.0 0.40886904761904763 0.2608984375 0.14550595238095237 0.084296875
2.0 0.6814880952380952 0.335703125 0.12625 0.0667578125
2.0 0.7537202380952381 0.3756640625 0.13363095238095238 0.0726171875
2.0 0.879702380952381 0.311015625 0.12729166666666666 0.0696484375
2.0 0.859107142857143 0.240859375 0.1049702380952381 0.0573828125
2.0 0.5631547619047619 0.4128125 0.14214285714285713 0.074296875
2.0 0.9030952380952381 0.277265625 0.12154761904761906 0.06703125
2.0 0.7914583333333334 0.74375 0.20044642857142855 0.108125
2.0 0.6279166666666667 0.91734375 0.28595238095238096 0.156328125
