2.0 0.07541666666666666 0.359375 0.14657738095238096 0.12109375
2.0 0.37217261904761906 0.2612890625 0.14482142857142857 0.084296875
2.0 0.6383928571428571 0.3354296875 0.12642857142857142 0.067734375
2.0 0.707827380952381 0.3752734375 0.13383928571428572 0.0726171875
2.0 0.8402083333333333 0.310078125 0.12639880952380952 0.0691796875
2.0 0.8170238095238095 0.2392578125 0.104375 0.0573828125
2.0 0.5094940476190476 0.4119921875 0.14297619047619048 0.0726171875
2.0 0.8728571428571428 0.275625 0.12 0.065
2.0 0.899375 0.7431640625 0.1962797619047619 0.107734375
2.0 0.7413690476190476 0.9169140625 0.2785714285714286 0.1554296875
