2.0 0.0687797619047619 0.3596875 0.13413690476190476 0.1221875
2.0 0.3599404761904762 0.26140625 0.14458333333333334 0.084296875
2.0 0.6239880952380952 0.3353125 0.12648809523809523 0.0680859375
2.0 0.6923214285714285 0.3751953125 0.13383928571428572 0.0726171875
2.0 0.8270238095238095 0.3098046875 0.12610119047619048 0.0690234375
2.0 0.8028273809523809 0.2387890625 0.104375 0.0573828125
2.0 0.4911607142857143 0.4121875 0.14229166666666668 0.0726171875
2.0 0.8627678571428571 0.2751171875 0.11946428571428572 0.064296875
2.0 0.9199107142857142 0.7431640625 0.15523809523809523 0.107734375
2.0 0.7791666666666667 0.9167578125 0.27613095238095237 0.15515625
