2.0 0.0687202380952381 0.2691015625 0.11880952380952381 0.081953125
2.0 0.2634821428571429 0.337421875 0.12788690476190476 0.0737890625
2.0 0.3082440476190476 0.3743359375 0.13151785714285713 0.0726171875
2.0 0.49255952380952384 0.3050390625 0.12297619047619048 0.0679296875
2.0 0.44476190476190475 0.2392578125 0.10324404761904761 0.0573828125
2.0 0.0562797619047619 0.4164453125 0.10705357142857143 0.0726171875
2.0 0.604077380952381 0.27125 0.11776785714285715 0.0608984375
2.0 0.36714285714285716 0.463828125 0.16104166666666667 0.0915234375
2.0 0.8875297619047618 0.3414453125 0.11708333333333334 0.0715234375
2.0 0.1374702380952381 0.9145703125 0.20127976190476188 0.1339453125
2.0 0.13187500000000002 0.738828125 0.18717261904761906 0.1084375
