2.0 0.061964285714285715 0.269296875 0.10824404761904761 0.081953125
2.0 0.24901785714285715 0.337421875 0.12729166666666666 0.0737890625
2.0 0.29342261904761907 0.3743359375 0.13098214285714285 0.0726171875
2.0 0.47872023809523806 0.30484375 0.12282738095238097 0.0679296875
2.0 0.43044642857142856 0.239375 0.10267857142857142 0.0573828125
2.0 0.048244047619047624 0.4164453125 0.09101190476190475 0.0726171875
2.0 0.5929761904761905 0.2711328125 0.11776785714285715 0.0608984375
2.0 0.3425595238095238 0.46375 0.16125 0.091640625
2.0 0.8749702380952381 0.34109375 0.11735119047619047 0.07125
2.0 0.17226190476190478 0.91625 0.2044940476190476 0.1344140625
2.0 0.16726190476190478 0.7391796875 0.1887797619047619 0.109140625
