2.0 0.04842261904761905 0.2697265625 0.08714285714285715 0.081953125
2.0 0.22 0.337421875 0.12610119047619048 0.0737890625
2.0 0.2638095238095238 0.3743359375 0.12991071428571427 0.0726171875
2.0 0.45107142857142857 0.304453125 0.1225297619047619 0.0679296875
2.0 0.4017857142857143 0.239609375 0.10154761904761904 0.0573828125
2.0 0.5707738095238095 0.270859375 0.11776785714285715 0.0608984375
2.0 0.29342261904761907 0.4636328125 0.16169642857142857 0.0918359375
2.0 0.8498511904761905 0.3405078125 0.11791666666666666 0.070703125
2.0 0.9312499999999999 0.41234375 0.13827380952380952 0.101875
2.0 0.24187499999999998 0.9194921875 0.21089285714285713 0.1353515625
2.0 0.23809523809523808 0.7398828125 0.19199404761904765 0.110546875
