2.0 0.03488095238095238 0.2701171875 0.06601190476190476 0.081953125
2.0 0.19101190476190477 0.337421875 0.12491071428571428 0.0737890625
2.0 0.23419642857142856 0.3743359375 0.1288392857142857 0.0726171875
2.0 0.4234226190476191 0.3040625 0.12223214285714286 0.0679296875
2.0 0.3731845238095238 0.2398046875 0.10041666666666667 0.0573828125
2.0 0.5485714285714286 0.270625 0.11776785714285715 0.0608984375
2.0 0.2454761904761905 0.4636328125 0.15979166666666667 0.0919140625
2.0 0.8247321428571429 0.33984375 0.11845238095238095 0.07015625
2.0 0.8958630952380953 0.41078125 0.14422619047619048 0.101875
2.0 0.3128869047619047 0.92234375 0.2151785714285714 0.1362890625
2.0 0.30895833333333333 0.7405859375 0.19520833333333334 0.111953125
