0.0 0.17363095238095239 0.5139453125 0.049107142857142856 0.1469140625
0.0 0.4275595238095238 0.940546875 0.09383928571428572 0.129375
0.0 0.9818154761904762 0.41125 0.03083333333333333 0.101953125
0.0 0.9408630952380952 0.4715234375 0.03764880952380952 0.1296484375
0.0 0.8089583333333333 0.308984375 0.016696428571428574 0.0613671875
0.0 0.8196726190476191 0.308125 0.018988095238095238 0.0655859375
2.0 0.9071428571428571 0.411796875 0.10821428571428571 0.1273046875
2.0 0.6661309523809523 0.6464453125 0.24425595238095235 0.2130078125
2.0 0.8420535714285714 0.4747265625 0.13767857142857143 0.1221484375
2.0 0.9490178571428571 0.362890625 0.08413690476190476 0.1189453125
