0.0 0.17065476190476192 0.5145703125 0.05139880952380952 0.1469140625
0.0 0.4123809523809524 0.9412109375 0.09482142857142857 0.1289453125
0.0 0.9766666666666668 0.4119921875 0.03083333333333333 0.101953125
0.0 0.9321130952380953 0.4751953125 0.03764880952380952 0.1296484375
0.0 0.8006547619047618 0.309765625 0.016696428571428574 0.0613671875
0.0 0.8111607142857143 0.3095703125 0.018988095238095238 0.0655859375
2.0 0.8975892857142856 0.414140625 0.10821428571428571 0.12671875
2.0 0.6577976190476191 0.646953125 0.24467261904761903 0.211953125
2.0 0.8335416666666666 0.4765625 0.13824404761904763 0.122890625
2.0 0.9408333333333333 0.36578125 0.08607142857142858 0.1189453125
