0.0 0.16297619047619047 0.5159765625 0.054196428571428576 0.1469140625
0.0 0.37645833333333334 0.9498046875 0.09482142857142857 0.111796875
0.0 0.9533630952380951 0.4225 0.03083333333333333 0.101953125
0.0 0.9146130952380952 0.4825390625 0.03764880952380952 0.1296484375
0.0 0.7793452380952381 0.31359375 0.016696428571428574 0.0613671875
0.0 0.7925595238095239 0.3140625 0.018988095238095238 0.0655859375
2.0 0.878452380952381 0.4187890625 0.10821428571428571 0.125546875
2.0 0.6411309523809523 0.648046875 0.2454761904761905 0.20984375
2.0 0.8165178571428572 0.4803125 0.13940476190476192 0.124375
2.0 0.9244345238095238 0.3715625 0.08994047619047618 0.1189453125
