0.0 0.15976190476190477 0.5164453125 0.05357142857142857 0.1469140625
0.0 0.3675297619047619 0.9519140625 0.09482142857142857 0.1075
0.0 0.947202380952381 0.423984375 0.03083333333333333 0.101953125
0.0 0.909672619047619 0.4839453125 0.03764880952380952 0.1305078125
0.0 0.7735714285714286 0.3148828125 0.016696428571428574 0.0613671875
0.0 0.7875000000000001 0.3155859375 0.018988095238095238 0.0655859375
2.0 0.8736904761904762 0.4199609375 0.10821428571428571 0.1252734375
2.0 0.6369940476190477 0.6482421875 0.2456845238095238 0.209296875
2.0 0.8122916666666666 0.4812890625 0.13970238095238094 0.124765625
2.0 0.920327380952381 0.3730078125 0.09092261904761904 0.1189453125
