0.0 0.15651785714285715 0.5169140625 0.05291666666666667 0.1469140625
0.0 0.35854166666666665 0.9541015625 0.09482142857142857 0.1032421875
0.0 0.9410416666666667 0.4255078125 0.03083333333333333 0.101953125
0.0 0.9047619047619048 0.4853515625 0.03764880952380952 0.1313671875
0.0 0.7678571428571429 0.316171875 0.016696428571428574 0.0613671875
0.0 0.7824107142857143 0.3171484375 0.018988095238095238 0.0655859375
2.0 0.8688690476190476 0.4211328125 0.10821428571428571 0.1249609375
2.0 0.633095238095238 0.6505078125 0.24535714285714286 0.209296875
2.0 0.8080357142857143 0.4822265625 0.1399702380952381 0.1251171875
2.0 0.91625 0.3744140625 0.0919047619047619 0.1189453125
