1	1	1	206.04	66.504	9.0652	21.19
1	2	1	202.95	126.8	10.06	25.618
1	3	1	182.76	130.72	10.195	22.363
2	1	1	205.62	66.295	9.0652	21.19
2	2	1	202.65	125.87	10.06	25.618
2	3	1	182.62	131.12	10.195	22.363
3	1	1	204.05	65.041	10.529	21.19
3	2	1	202.36	124.94	10.06	25.618
3	3	1	182.49	131.52	10.195	22.363
4	1	1	202.48	63.786	11.993	21.19
4	2	1	202.06	124.01	10.06	25.618
4	3	1	182.36	131.92	10.195	22.363
5	1	1	200.92	63.525	12.799	20.675
5	2	1	201.76	123.08	10.06	25.618
5	3	1	182.22	132.32	10.195	22.363
6	1	1	199.35	63.263	13.606	20.16
6	2	1	201.47	122.15	10.06	25.618
6	3	1	182.09	132.72	10.195	22.363
7	1	1	197.78	63.002	12.799	19.107
7	2	1	201.17	121.21	10.06	25.618
7	3	1	180.58	133.61	10.195	22.452
8	1	1	196.21	62.741	11.993	18.054
8	2	1	199.55	120.71	10.365	25.618
8	3	1	179.07	134.5	10.195	22.541
9	1	1	194.47	62.322	11.993	18.054
9	2	1	197.92	120.2	10.67	25.618
9	3	1	177.56	135.39	10.195	22.63
10	1	1	192.73	61.904	11.993	18.054
10	2	1	196.29	119.69	10.975	25.618
10	3	1	176.04	136.28	10.195	22.718
11	1	1	190.98	61.486	11.993	18.054
11	2	1	194.67	119.18	11.28	25.618
11	3	1	174.53	137.17	10.195	22.807
12	1	1	188.74	61.381	11.156	18.054
12	2	1	193.04	118.67	11.585	25.618
12	3	1	172.69	137.74	10.195	22.807
13	1	1	186.49	61.277	10.32	18.054
13	2	1	191.11	118.16	11.585	25.618
13	3	1	170.85	138.3	10.195	22.807
14	1	1	184.66	60.963	9.4834	18.054
14	2	1	189.18	117.66	11.585	25.618
14	3	1	168.8	139.22	10.195	22.807
15	1	1	182.83	60.65	8.6471	18.054
15	2	1	187.25	117.15	11.585	25.618
15	3	1	166.74	140.14	10.195	22.807
16	1	1	179.83	60.58	8.6471	18.054
16	2	1	185.32	116.64	11.585	25.618
16	3	1	164.69	141.06	10.195	22.807
17	1	1	176.84	60.51	8.6471	18.054
17	2	1	183.39	116.13	11.585	25.618
17	3	1	162.64	141.99	10.195	22.807
18	1	1	173.84	60.44	8.6471	18.054
18	2	1	181.63	114.38	11.5	25.618
18	3	1	160.23	143.4	10.762	23.374
19	1	1	170.63	59.27	9.5547	17.919
19	2	1	179.88	112.63	11.416	25.618
19	3	1	158.2	143.31	10.573	23.185
20	1	1	167.43	58.099	10.462	17.785
20	2	1	178.13	110.88	11.331	25.618
20	3	1	156.17	143.21	10.384	22.996
21	1	1	164.22	56.928	11.37	17.65
21	2	1	176.38	109.13	11.246	25.618
21	3	1	154.14	143.12	10.195	22.807
22	1	1	161.6	53.986	12.278	17.516
22	2	1	174.63	107.38	11.162	25.618
22	3	1	153.06	141.56	10.62	23.704
23	1	1	160.42	52.215	12.794	17.811
23	2	1	172.88	105.63	11.077	25.618
23	3	1	151.97	140	11.045	24.601
24	1	1	159.24	50.444	13.311	18.106
24	2	1	172.54	104.35	11.077	25.618
24	3	1	151.1	139.93	11.257	24.861
25	1	1	158.06	48.673	13.827	18.401
25	2	1	172.21	103.07	11.077	25.618
25	3	1	150.22	139.86	11.47	25.12
26	1	1	157.73	48.064	13.163	18.457
26	2	1	171.87	101.79	11.077	25.618
26	3	1	149.35	139.79	11.682	25.38
27	1	1	157.4	47.456	12.499	18.512
27	2	1	171.53	100.51	11.077	25.618
27	3	1	148.48	139.72	11.895	25.639
28	1	1	157.06	46.847	11.835	18.567
28	2	1	171.2	99.236	11.077	25.618
28	3	1	148.96	140.99	11.895	25.639
29	1	1	156.73	46.238	11.171	18.623
29	2	1	172.81	99.034	11.077	25.618
29	3	1	149.44	142.27	11.895	25.639
30	1	1	158.06	46.238	10.64	18.623
30	2	1	174.43	98.832	11.077	25.618
30	3	1	151.1	143.31	11.895	25.639
31	1	1	159.39	46.238	10.108	18.623
31	2	1	176.04	98.63	11.077	25.618
31	3	1	152.76	144.35	11.895	25.639
32	1	1	160.72	46.238	9.5769	18.623
32	2	1	177.66	98.428	11.077	25.618
32	3	1	154.42	145.38	11.895	25.639
33	1	1	162.04	46.238	9.0456	18.623
33	2	1	179.27	98.226	11.077	25.618
33	3	1	155.84	146.52	11.895	25.639
34	1	1	163.37	46.238	8.5143	18.623
34	2	1	181.7	97.957	11.077	25.416
34	3	1	157.26	147.65	11.895	25.639
35	1	1	164.88	45.84	9.6212	18.534
35	2	1	184.12	97.687	11.077	25.214
35	3	1	159.81	148.78	11.895	25.639
36	1	1	166.38	45.441	10.728	18.446
36	2	1	186.55	97.418	11.077	25.012
36	3	1	162.35	149.92	11.895	25.639
37	1	1	167.89	45.043	11.835	18.357
37	2	1	188.97	97.149	11.077	24.81
37	3	1	164.43	150.39	12.214	26.199
38	1	1	169.39	44.644	12.942	18.269
38	2	1	191.39	96.879	11.077	24.608
38	3	1	166.51	150.87	12.534	26.758
39	1	1	170.9	44.246	14.049	18.18
39	2	1	194.09	96.072	11.077	24.608
39	3	1	168.59	151.35	12.854	27.318
40	1	1	173.73	43.714	13.473	18.18
40	2	1	196.78	95.264	11.077	24.608
40	3	1	170.67	151.83	13.174	27.878
41	1	1	176.57	43.183	12.898	18.18
41	2	1	199.47	94.456	11.077	24.608
41	3	1	172.75	152.31	13.493	28.437
42	1	1	179.4	42.652	12.322	18.18
42	2	1	202.16	93.648	11.077	24.608
42	3	1	175.54	153.43	13.493	28.437
43	1	1	182.23	42.12	11.746	18.18
43	2	1	204.86	92.84	11.077	24.608
43	3	1	178.34	154.55	13.493	28.437
44	1	1	185.07	41.589	11.171	18.18
44	2	1	207.75	92.436	11.077	24.608
44	3	1	181.14	155.67	13.493	28.437
45	1	1	187.5	41.423	10.728	18.18
45	2	1	210.65	92.032	11.077	24.608
45	3	1	183.94	156.79	13.493	28.437
46	1	1	189.94	41.257	10.285	18.18
46	2	1	213.54	91.628	11.077	24.608
46	3	1	186.73	157.91	13.493	28.437
47	1	1	192.37	41.091	9.8426	18.18
47	2	1	216.44	91.224	11.077	24.608
47	3	1	189.53	160.63	13.493	28.437
48	1	1	194.81	40.925	9.3998	18.18
48	2	1	219.33	90.82	11.077	24.608
48	3	1	192.33	163.34	13.493	28.437
49	1	1	197.51	42.929	9.7637	18.301
49	2	1	222.16	93.109	11.077	24.608
49	3	1	195.13	166.06	13.493	28.437
50	1	1	200.21	44.934	10.128	18.423
50	2	1	224.99	95.398	11.077	24.608
50	3	1	197.92	168.78	13.493	28.437
51	1	1	202.92	46.938	10.491	18.544
51	2	1	227.81	97.687	11.077	24.608
51	3	1	200.72	171.5	13.493	28.437
52	1	1	204.52	49.491	10.855	18.665
52	2	1	230.64	99.976	11.077	24.608
52	3	1	202.85	175.43	13.493	28.437
53	1	1	206.13	52.044	11.219	18.786
53	2	1	233.47	102.27	11.077	24.608
53	3	1	204.99	179.36	13.493	28.437
54	1	1	207.77	54.457	12.042	18.732
54	2	1	235.4	104.33	10.943	24.542
54	3	1	207.12	183.29	13.493	28.437
55	1	1	209.42	56.871	12.865	18.677
55	2	1	237.34	106.4	10.81	24.475
55	3	1	209.25	187.22	13.493	28.437
56	1	1	211.07	59.285	13.688	18.622
56	2	1	239.27	108.47	10.677	24.408
56	3	1	211.38	191.15	13.493	28.437
57	1	1	211.72	61.877	13.163	18.622
57	2	1	241.21	110.54	10.543	24.342
57	3	1	213.51	195.08	13.493	28.437
58	1	1	212.38	64.469	12.638	18.622
58	2	1	243.14	112.6	10.41	24.275
58	3	1	213.78	199.34	13.493	28.437
59	1	1	213.03	67.061	12.113	18.622
59	2	1	243.74	115.4	10.41	24.275
59	3	1	214.04	203.6	13.493	28.437
60	1	1	213.69	69.653	11.588	18.622
60	2	1	244.34	118.21	10.41	24.275
60	3	1	214.31	207.87	13.493	28.437
61	1	1	214.35	72.245	11.063	18.622
61	2	1	244.94	121.01	10.41	24.275
61	3	1	215.09	212.45	13.493	28.437
62	1	1	214.47	76.141	10.489	18.622
62	2	1	245.54	123.81	10.41	24.275
62	3	1	215.87	217.03	13.493	28.437
63	1	1	214.59	80.038	9.9147	18.622
63	2	1	246.14	126.61	10.41	24.275
63	3	1	216.65	221.61	13.493	28.437
64	1	1	214.72	83.934	9.3405	18.622
64	2	1	246.64	130.93	10.41	24.275
64	3	1	216.13	228.62	13.493	27.4
65	1	1	214.84	87.83	8.7664	18.622
65	2	1	247.14	135.25	10.41	24.275
65	3	1	216.65	233.29	13.493	24.546
66	1	1	214.27	92.26	9.1533	18.622
66	2	1	247.64	139.57	10.41	24.275
67	1	1	213.69	96.689	9.5403	18.622
67	2	1	248.14	143.9	10.41	24.275
68	1	1	213.12	101.12	9.9273	18.622
68	2	1	247.8	147.22	10.41	24.275
69	1	1	212.54	105.55	10.314	18.622
69	2	1	247.47	150.54	10.41	24.275
70	1	1	211.22	108.91	10.889	18.666
70	2	1	247.14	153.87	10.41	24.275
70	14	1	230.09	2.0179	6.0506	10.651
71	1	1	209.89	112.27	11.464	18.71
71	2	1	246.81	157.19	10.41	24.275
71	14	1	228.92	5.0882	6.0506	10.651
72	1	1	208.56	115.63	12.039	18.755
72	2	1	246.47	160.52	10.41	24.275
72	14	1	228.07	8.582	6.0506	10.651
73	1	1	207.24	118.99	12.614	18.799
73	2	1	245.74	163.44	10.41	24.275
73	14	1	226.91	11.335	6.474	11.392
74	1	1	205.91	122.35	13.189	18.843
74	2	1	245.01	166.37	10.41	24.275
74	14	1	226.49	14.934	6.474	11.392
75	1	1	205.14	125.23	12.525	18.843
75	2	1	244.28	169.29	10.41	24.275
75	14	1	225.64	17.846	6.3152	11.339
76	1	1	204.36	128.1	11.862	18.843
76	2	1	243.55	172.22	10.41	24.275
76	14	1	224.79	20.757	6.1564	11.286
77	1	1	203.59	130.98	11.199	18.843
77	2	1	242.82	175.14	10.41	24.275
77	14	1	223.94	23.669	5.9976	11.233
78	1	1	202.81	133.85	10.535	18.843
78	2	1	240.87	176.65	10.41	24.086
78	14	1	223.1	26.58	5.8388	11.18
79	1	1	200.13	135	10.272	18.762
79	2	1	238.92	178.16	10.41	23.898
79	14	1	222.53	28.288	5.8388	11.18
80	1	1	197.45	136.14	10.008	18.681
80	2	1	236.97	179.67	10.41	23.709
80	14	1	220.7	29.679	5.8388	11.18
81	1	1	194.76	137.29	9.7441	18.6
81	2	1	235.02	181.18	10.41	23.521
81	14	1	218.86	31.069	5.8388	11.18
82	1	1	192.08	138.43	9.4803	18.518
82	2	1	233.08	182.69	10.41	23.332
82	14	1	216.22	31.683	5.8388	11.18
83	1	1	189.39	139.58	9.2165	18.437
83	2	1	232.95	183.5	10.41	23.332
83	14	1	213.57	32.297	5.8388	11.18
84	1	1	189.15	141.08	9.7846	18.397
84	2	1	232.82	184.32	10.41	23.332
84	14	1	213.05	33.426	5.8388	11.18
85	1	1	188.91	142.58	10.353	18.356
85	2	1	232.7	185.14	10.41	23.332
85	14	1	212.52	34.556	5.8388	11.18
86	1	1	188.66	144.08	10.921	18.315
86	2	1	232.57	185.95	10.41	23.332
86	14	1	212	35.685	5.8388	11.18
87	1	1	188.42	145.58	11.489	18.275
87	2	1	232.45	186.77	10.41	23.332
87	14	1	212.36	37.167	5.8388	11.18
88	1	1	188.18	147.08	12.057	18.234
88	2	1	235.48	188.71	10.41	23.332
88	14	1	212.72	38.649	5.8388	11.18
89	1	1	191.1	149.15	11.854	18.234
89	2	1	238.52	190.65	10.41	23.332
89	14	1	214.95	41.296	6.0506	11.074
90	1	1	194.02	151.22	11.651	18.234
90	2	1	241.56	192.59	10.41	23.332
90	14	1	217.17	43.943	6.2623	10.968
91	1	1	196.94	153.29	11.448	18.234
91	2	1	244.6	194.52	10.41	23.332
91	14	1	220.6	45.976	6.2623	10.968
92	1	1	199.86	155.36	11.245	18.234
92	2	1	247.64	196.46	10.41	23.332
92	14	1	224.03	48.009	6.2623	10.968
93	1	1	202.78	157.43	11.043	18.234
93	2	1	250.67	198.4	10.41	23.332
93	14	1	227.46	50.041	6.2623	10.968
94	1	1	204.39	159.09	10.506	18.283
94	2	1	252.17	200.23	10.41	23.332
94	14	1	230.89	52.074	6.2623	10.968
95	1	1	206	160.75	9.969	18.332
95	2	1	253.67	202.06	10.41	23.332
95	14	1	234.32	54.107	6.2623	10.968
96	1	1	207.62	162.41	9.4322	18.381
96	2	1	255.17	203.88	10.41	23.332
96	14	1	235.37	55.512	6.2623	10.968
97	1	1	209.23	164.07	8.8954	18.43
97	2	1	256.67	205.71	10.41	23.332
97	14	1	236.42	56.917	6.2623	10.968
98	1	1	210.84	165.73	8.3587	18.478
98	2	1	258.18	207.54	10.41	23.332
98	14	1	237.47	58.322	6.2623	10.968
99	1	1	210.49	166.26	9.0906	18.478
99	2	1	259.02	207.82	10.41	23.332
99	14	1	238.51	59.727	6.2623	10.968
100	1	1	210.15	166.8	9.8226	18.478
100	2	1	259.86	208.1	10.41	23.332
100	14	1	239.56	61.132	6.2623	10.968
101	1	1	209.81	167.34	10.555	18.478
101	2	1	260.71	208.39	10.41	23.332
101	14	1	240.3	61.132	6.2623	10.968
102	1	1	209.47	167.87	11.287	18.478
102	2	1	261.55	208.67	10.41	23.332
102	14	1	241.03	61.132	6.2623	10.968
103	1	1	209.13	168.41	12.019	18.478
103	2	1	262.39	208.95	10.41	23.332
103	14	1	241.76	61.132	6.2623	10.968
104	1	1	210.79	168.7	12.019	18.478
104	2	1	264.08	208.95	10.41	23.332
104	14	1	242.5	61.132	6.2623	10.968
105	1	1	212.45	169	12.019	18.478
105	2	1	265.77	208.95	10.41	23.332
105	14	1	243.23	61.132	6.2623	10.968
106	1	1	214.11	169.29	12.019	18.478
106	2	1	267.46	208.95	10.41	23.332
106	14	1	243.97	61.132	6.2623	10.968
107	1	1	215.76	169.58	12.019	18.478
107	2	1	269.15	208.95	10.41	23.332
107	14	1	246.4	61.761	6.2623	10.968
108	1	1	217.42	169.87	12.019	18.478
108	2	1	270.83	208.95	10.41	23.332
108	14	1	248.83	62.39	6.2623	10.968
109	1	1	220.01	170.41	11.726	18.381
109	2	1	273.6	209.42	10.41	23.332
109	14	1	251.26	63.019	6.2623	10.968
110	1	1	222.6	170.95	11.433	18.283
110	2	1	276.37	209.89	10.41	23.332
110	14	1	253.7	63.648	6.2623	10.968
111	1	1	225.18	171.48	11.14	18.186
111	2	1	279.13	210.35	10.41	23.332
111	14	1	256.13	64.277	6.2623	10.968
112	1	1	227.77	172.02	10.847	18.088
112	2	1	281.9	210.82	10.41	23.332
112	14	1	259.35	64.607	6.2623	10.968
113	1	1	230.36	172.56	10.555	17.99
113	2	1	284.67	211.29	10.41	23.332
113	14	1	262.57	64.936	6.2623	10.968
114	1	1	233.38	173	10.555	17.99
114	2	1	288.09	211.57	10.41	23.332
114	14	1	265.79	65.266	6.2623	10.968
115	1	1	236.41	173.44	10.555	17.99
115	2	1	291.51	211.85	10.41	23.332
115	14	1	269.01	65.596	6.2623	10.968
116	1	1	239.43	173.88	10.555	17.99
116	2	1	294.93	212.14	10.41	23.332
116	14	1	272.23	65.925	6.2623	10.968
117	1	1	242.46	174.31	10.555	17.99
117	2	1	298.36	212.42	10.41	23.332
117	14	1	275.85	66.838	6.2623	10.968
118	1	1	245.48	174.75	10.555	17.99
118	2	1	301.78	212.7	10.41	23.332
118	14	1	279.48	67.751	6.2623	10.968
119	1	1	248.35	175.93	11.206	18.034
119	2	1	305.28	213.58	10.41	23.332
119	14	1	283.1	68.663	6.2623	10.968
120	1	1	251.21	177.1	11.857	18.077
120	2	1	308.79	214.45	10.41	23.332
120	14	1	286.73	69.576	6.2623	10.968
121	1	1	254.08	178.27	12.508	18.121
121	2	1	312.3	215.33	10.41	23.332
121	14	1	290.36	70.489	6.2623	10.968
122	1	1	256.94	179.44	13.159	18.164
122	2	1	315.8	216.21	10.41	23.332
122	14	1	294.35	72.024	6.2623	10.968
123	1	1	259.81	180.61	13.81	18.207
123	2	1	319.31	217.08	10.41	23.332
123	14	1	298.34	73.559	6.2623	10.968
124	1	1	264.09	181.7	13.296	18.207
124	2	1	323.21	218.79	10.41	23.332
124	14	1	302.33	75.094	6.2623	10.968
125	1	1	268.38	182.79	12.781	18.207
125	2	1	327.1	220.49	10.41	23.332
125	4	1	1.0695	166.51	9.5814	18.472
125	14	1	306.32	76.629	6.2623	10.968
126	1	1	272.67	183.87	12.267	18.207
126	4	1	5.4592	166.92	9.5814	18.472
126	14	1	310.31	78.164	6.2623	10.968
127	1	1	276.96	184.96	11.752	18.207
127	4	1	9.8489	167.33	9.5814	18.472
127	14	1	314.69	78.768	6.2623	10.968
128	1	1	281.25	186.04	11.237	18.207
128	4	1	14.239	167.74	9.5814	18.472
128	14	1	319.21	79.673	6.2623	10.968
129	1	1	285.88	186.5	11.237	18.207
129	4	1	18.628	168.15	9.5814	18.472
129	14	1	323.59	79.824	6.2623	10.968
130	1	1	290.51	186.96	11.237	18.207
130	4	1	23.847	168.44	9.5814	18.472
130	14	1	328.42	80.427	6.2623	10.968
131	1	1	295.14	187.42	11.237	18.207
131	4	1	29.065	168.74	9.5814	18.472
132	1	1	299.77	187.87	11.237	18.207
132	4	1	34.283	169.03	9.5814	18.472
133	1	1	304.4	188.33	11.237	18.207
133	4	1	39.502	169.33	9.5814	18.472
134	1	1	309.1	188.59	11.237	18.207
134	4	1	44.72	169.62	9.5814	18.472
135	1	1	313.8	188.84	11.237	18.207
135	4	1	49.84	169.75	9.9096	18.538
136	1	1	318.5	189.09	11.237	18.207
136	4	1	54.96	169.89	10.238	18.603
137	1	1	323.07	189.09	11.237	18.207
137	4	1	60.08	170.02	10.566	18.669
138	4	1	65.2	170.15	10.894	18.734
139	4	1	70.32	170.28	11.222	18.8
140	4	1	74.915	170.28	11.222	18.8
141	4	1	79.51	170.28	11.222	18.8
142	4	1	84.105	170.28	11.222	18.8
143	4	1	88.699	170.28	11.222	18.8
144	4	1	93.294	170.28	11.222	18.8
145	4	1	96.182	170.15	11.091	18.8
146	4	1	99.071	170.02	10.96	18.8
147	4	1	101.96	169.89	10.829	18.8
148	4	1	104.85	169.75	10.697	18.8
149	4	1	107.74	169.62	10.566	18.8
150	4	1	110.21	170.04	10.566	18.8
151	4	1	112.69	170.45	10.566	18.8
152	4	1	115.17	170.86	10.566	18.8
153	4	1	117.64	171.27	10.566	18.8
154	4	1	120.12	171.69	10.566	18.8
155	4	1	122.12	172.44	10.566	18.8
156	4	1	124.11	173.2	10.566	18.8
157	4	1	126.11	173.96	10.566	18.8
158	4	1	128.1	174.72	10.566	18.8
159	4	1	130.1	175.47	10.566	18.8
160	4	1	131.82	175.2	10.566	18.8
161	4	1	133.54	174.92	10.566	18.8
162	4	1	135.26	174.65	10.566	18.8
163	4	1	136.98	174.37	10.566	18.8
164	4	1	138.7	174.1	10.566	18.8
165	4	1	140.7	174.23	10.566	18.8
166	4	1	142.69	174.37	10.566	18.8
167	4	1	144.69	174.51	10.566	18.8
168	4	1	146.69	174.65	10.566	18.8
169	4	1	148.68	174.78	10.566	18.8
170	4	1	150.17	175.3	10.566	18.8
171	4	1	151.66	175.82	10.566	18.8
172	4	1	153.15	176.33	10.566	18.8
173	4	1	154.64	176.85	10.566	18.8
174	4	1	156.14	177.37	10.566	18.8
175	4	1	157.63	177.88	10.566	18.8
176	4	1	158.91	178.44	10.468	18.767
177	4	1	160.19	179	10.369	18.734
178	4	1	161.47	179.55	10.271	18.702
179	4	1	162.75	180.11	10.172	18.669
180	4	1	164.03	180.67	10.074	18.636
181	4	1	164.19	180.62	10.074	18.636
182	4	1	164.36	180.56	10.074	18.636
183	4	1	164.52	180.51	10.074	18.636
184	4	1	164.68	180.45	10.074	18.636
185	4	1	164.85	180.4	10.074	18.636
186	4	1	165.01	180.34	10.074	18.636
187	4	1	164.55	180.31	10.074	18.636
188	4	1	164.09	180.28	10.074	18.636
189	4	1	163.63	180.24	10.074	18.636
190	4	1	163.17	180.21	10.074	18.636
191	4	1	162.71	180.18	10.074	18.636
192	4	1	160.42	179.71	10.074	18.636
193	4	1	158.12	179.25	10.074	18.636
194	4	1	155.82	178.78	10.074	18.636
195	4	1	153.52	178.32	10.074	18.636
196	4	1	151.23	177.85	10.074	18.636
197	4	1	148.93	177.39	10.074	18.636
198	4	1	144.79	176.99	10.139	18.439
199	4	1	140.66	176.6	10.205	18.242
200	4	1	136.52	176.21	10.271	18.045
201	4	1	132.39	175.81	10.336	17.848
202	4	1	128.25	175.42	10.402	17.651
203	4	1	123.25	175.5	10.402	17.651
204	4	1	118.24	175.58	10.402	17.651
205	4	1	113.24	175.67	10.402	17.651
206	4	1	108.23	175.75	10.402	17.651
207	4	1	103.37	175.61	10.334	17.719
208	4	1	98.514	175.48	10.267	17.786
208	5	1	329.89	192.81	6.7334	19.028
209	4	1	93.654	175.34	10.199	17.854
209	5	1	323.25	192.81	9.8778	19.028
210	4	1	88.795	175.21	10.132	17.921
210	5	1	318.71	192.11	9.8778	19.028
211	4	1	83.215	174.39	10.132	17.921
211	5	1	313.08	191.19	9.8778	19.028
212	4	1	77.636	173.57	10.132	17.921
212	5	1	307.44	190.28	9.8778	19.028
213	4	1	72.056	172.75	10.132	17.921
213	5	1	301.81	189.36	9.8778	19.028
214	4	1	66.477	171.93	10.132	17.921
214	5	1	296.18	188.44	9.8778	19.028
215	4	1	61.226	171.43	10.132	17.921
215	5	1	290.27	187.53	10.053	18.888
216	4	1	56.303	170.61	10.132	17.921
216	5	1	284.37	186.63	10.227	18.748
216	15	1	329.33	76.737	7.3687	11.649
217	4	1	50.789	170.02	10.132	17.921
217	5	1	278.46	185.72	10.402	18.609
217	15	1	323.66	75.741	7.2178	11.558
218	4	1	45.275	169.43	10.132	17.921
218	5	1	272.56	184.81	10.577	18.469
218	15	1	317.98	74.745	7.0669	11.467
219	4	1	39.761	168.84	10.132	17.921
219	5	1	266.65	183.9	10.751	18.329
219	15	1	312.31	73.75	6.9161	11.377
220	4	1	34.247	168.25	10.132	17.921
220	5	1	260.92	183.19	10.919	18.413
220	15	1	306.64	72.754	6.7652	11.286
221	4	1	28.734	167.66	10.132	17.921
221	5	1	255.2	182.48	11.086	18.496
221	15	1	300.97	71.758	6.6143	11.196
222	4	1	23.821	167.66	10.132	17.921
222	5	1	249.47	181.77	11.253	18.58
222	12	1	325.87	201.37	11.879	26.216
222	15	1	295.99	70.853	6.6143	11.196
223	4	1	18.739	167.15	10.132	17.921
223	5	1	243.74	181.06	11.42	18.664
223	12	1	321.05	200.51	11.879	26.216
223	15	1	290.77	69.918	6.3682	10.999
223	16	1	327.57	97.628	5.8415	12.938
224	4	1	13.149	166.3	10.132	17.921
224	5	1	238.01	180.35	11.588	18.747
224	12	1	316.15	199.19	11.879	25.901
224	15	1	285.55	68.982	6.122	10.802
224	16	1	322.42	96.551	5.8415	12.938
224	17	1	325.8	95.929	6.6937	12.112
225	4	1	7.5594	166.47	10.132	17.921
225	5	1	232.86	179.3	11.588	18.747
225	12	1	311.25	197.87	11.879	25.586
225	15	1	280.33	68.047	5.8759	10.605
225	16	1	317.27	95.473	5.8415	12.938
225	17	1	321.22	95.071	6.2649	12.112
226	4	1	3.6633	165.46	10.132	17.921
226	5	1	227.72	178.25	11.588	18.747
226	12	1	306.34	196.55	11.879	25.27
226	15	1	275.11	67.111	5.6297	10.408
226	16	1	312.11	94.396	5.8415	12.938
226	17	1	316.22	94.356	6.2649	12.112
227	4	1	-0.23275	164.95	10.132	17.921
227	5	1	222.57	177.2	11.588	18.747
227	12	1	301.44	195.23	11.879	24.955
227	15	1	269.9	66.176	5.3836	10.211
227	16	1	306.96	93.319	5.8415	12.938
227	17	1	310.93	93.642	6.2649	10.968
228	5	1	217.43	176.16	11.588	18.747
228	12	1	296.54	193.91	11.879	24.639
228	15	1	265.22	65.13	5.3836	10.15
228	16	1	301.81	92.242	5.8415	12.938
228	17	1	305.79	92.355	6.2649	11.683
229	5	1	212.29	175.11	11.588	18.747
229	12	1	291.63	192.59	11.879	24.324
229	15	1	260.54	64.084	5.3836	10.088
229	16	1	297.37	91.113	5.8415	12.938
229	17	1	301.46	91.284	6.2649	11.683
230	5	1	208.01	173.93	11.223	18.702
230	12	1	287.64	191.29	11.879	23.98
230	15	1	255.87	63.038	5.3836	10.027
230	16	1	292.93	89.985	5.8415	12.938
230	17	1	297.14	90.212	6.2649	11.683
231	5	1	203.73	172.74	10.859	18.656
231	12	1	283.65	189.98	11.879	23.636
231	15	1	251.19	61.992	5.3836	9.9652
231	16	1	288.49	88.857	5.8415	12.938
231	17	1	292.82	89.14	6.2649	11.683
232	5	1	199.45	171.56	10.495	18.611
232	12	1	279.66	188.67	11.879	23.292
232	15	1	247.19	60.586	5.3836	9.9652
232	16	1	284.05	87.729	5.8415	12.938
232	17	1	288.49	88.068	6.2649	11.683
233	5	1	195.17	170.38	10.131	18.565
233	12	1	275.67	187.36	11.879	22.948
233	15	1	243.18	59.181	5.3836	9.9652
233	16	1	280.13	86.313	5.8415	12.938
233	17	1	284.52	86.558	6.2649	11.683
234	5	1	190.89	169.19	9.7666	18.52
234	12	1	271.68	186.06	11.879	22.604
234	15	1	239.18	57.775	5.3836	9.9652
234	16	1	276.22	84.898	5.8415	12.938
234	17	1	280.54	85.048	6.2649	11.683
235	5	1	186.87	167.86	9.7666	18.52
235	12	1	267.93	184.47	11.879	22.432
235	15	1	235.18	56.37	5.3836	9.9652
235	16	1	272.3	83.482	5.8415	12.938
235	17	1	276.57	83.539	6.2649	11.683
236	5	1	182.85	166.53	9.7666	18.52
236	12	1	264.18	182.89	11.879	22.259
236	15	1	231.18	54.964	5.3836	9.9652
236	16	1	268.38	82.067	5.8415	12.938
236	17	1	272.59	82.029	6.2649	11.683
237	5	1	178.82	165.2	9.7666	18.52
237	12	1	260.43	181.31	11.879	22.087
237	15	1	227.28	53.798	5.3836	9.9652
237	16	1	264.47	80.651	5.8415	12.938
237	17	1	268.77	81.157	6.2649	11.683
238	5	1	174.8	163.87	9.7666	18.52
238	12	1	256.68	179.73	11.879	21.915
238	15	1	223.37	52.631	5.3836	9.9652
238	16	1	260.53	79.64	5.8415	12.938
238	17	1	265.45	79.145	6.2649	12.588
239	5	1	170.78	162.54	9.7666	18.52
239	12	1	252.92	178.14	11.879	21.743
239	15	1	219.47	51.464	5.3836	9.9652
239	16	1	256.6	78.628	5.8415	12.938
239	17	1	261.46	78.461	6.2649	12.588
240	5	1	166.58	162.12	9.7666	18.52
240	12	1	249.14	177.27	11.646	21.627
240	15	1	215.57	50.297	5.3836	9.9652
240	16	1	252.66	77.616	5.8415	12.938
240	17	1	257.48	77.777	6.2649	12.588
241	5	1	162.38	161.71	9.7666	18.52
241	12	1	245.35	176.4	11.413	21.51
241	15	1	211.67	49.131	5.3836	9.9652
241	16	1	248.73	76.604	5.8415	12.938
241	17	1	253.5	77.093	6.2649	12.588
242	5	1	158.19	161.3	9.7666	18.52
242	12	1	241.57	175.52	11.18	21.394
242	15	1	207.34	48.578	5.3836	9.9652
242	16	1	244.98	76.664	5.8415	12.938
242	17	1	249.51	76.409	6.2649	12.588
243	5	1	153.99	160.88	9.7666	18.52
243	12	1	237.78	174.65	10.947	21.278
243	15	1	203.02	48.024	5.3836	9.9652
243	16	1	240.88	75.889	5.8415	12.938
243	17	1	245.53	75.725	6.2649	12.588
244	5	1	149.79	160.47	9.7666	18.52
244	12	1	234.1	173.95	10.947	21.278
244	15	1	198.69	47.471	5.3836	9.9652
244	16	1	236.45	75.335	5.8415	12.938
244	17	1	241.7	75.074	6.2649	12.588
245	5	1	145.83	159.76	9.7666	18.52
245	12	1	230.42	173.25	10.947	21.278
245	15	1	194.37	46.918	5.3836	9.9652
245	16	1	232.82	74.724	5.8415	12.938
245	17	1	237.87	74.424	6.2649	12.588
246	5	1	141.86	159.05	9.7666	18.52
246	12	1	226.74	172.55	10.947	21.278
246	15	1	190.82	46.417	5.3836	9.9652
246	16	1	229.2	74.112	5.8415	12.938
246	17	1	234.04	73.773	6.2649	12.588
247	5	1	137.9	158.34	9.7666	18.52
247	12	1	223.06	171.85	10.947	21.278
247	15	1	187.26	45.916	5.3836	9.9652
247	16	1	225.58	73.501	5.8415	12.938
247	17	1	230.22	73.122	6.2649	12.588
248	5	1	133.94	157.63	9.7666	18.52
248	12	1	219.38	171.16	10.947	21.278
248	15	1	183.71	45.415	5.3836	9.9652
248	16	1	221.95	72.889	5.8415	12.938
248	17	1	226.39	72.471	6.2649	12.588
249	5	1	129.98	156.92	9.7666	18.52
249	12	1	216.31	170.36	10.947	21.278
249	15	1	180.16	44.914	5.3836	9.9652
249	16	1	218.33	72.278	5.8415	12.938
249	17	1	223.13	72.184	6.2649	12.588
250	5	1	126.42	156.52	9.8406	18.618
250	12	1	213.24	169.57	10.947	21.278
250	15	1	176.81	44.106	5.3836	9.9652
250	16	1	214.7	71.712	5.8415	12.938
250	17	1	219.78	71.801	6.2649	12.588
251	5	1	122.86	156.12	9.9145	18.717
251	12	1	210.16	168.78	10.947	21.278
251	15	1	173.45	43.298	5.3836	9.9652
251	16	1	211.42	71.145	5.8415	12.938
251	17	1	216.43	71.035	6.2649	12.588
252	5	1	119.31	155.73	9.9884	18.815
252	12	1	207.09	167.99	10.947	21.278
252	15	1	170.09	42.49	5.3836	9.9652
252	16	1	208.68	70.807	5.8415	12.938
252	17	1	213.75	70.269	6.2649	12.588
253	5	1	115.75	155.33	10.062	18.914
253	12	1	204.01	167.2	10.947	21.278
253	15	1	166.74	41.682	5.3836	9.9652
253	16	1	205.93	70.468	5.8415	12.938
253	17	1	210.96	70.078	6.2649	12.588
254	5	1	112.19	154.93	10.136	19.012
254	12	1	201.59	166.92	10.947	21.278
254	15	1	164.42	41.724	5.3836	9.9652
254	16	1	203.19	70.129	5.8415	12.938
254	17	1	208.16	69.886	6.2649	12.588
255	5	1	109.71	155.46	10.218	19.012
255	12	1	199.17	166.64	10.947	21.278
255	15	1	162.1	41.765	5.3836	9.9652
255	16	1	200.44	69.79	5.8415	12.938
255	17	1	205.36	69.695	6.2649	12.588
256	5	1	107.23	156	10.301	19.012
256	12	1	196.74	166.36	10.947	21.278
256	15	1	159.78	41.807	5.3836	9.9652
256	16	1	197.7	69.452	5.8415	12.938
256	17	1	202.57	69.503	6.2649	12.588
257	5	1	104.74	156.53	10.383	19.012
257	12	1	194.32	166.08	10.947	21.278
257	15	1	157.46	41.848	5.3836	9.9652
257	16	1	195.48	69.994	5.8415	12.938
257	17	1	199.77	69.312	6.2649	12.588
258	5	1	102.26	157.07	10.465	19.012
258	12	1	191.9	165.8	10.947	21.278
258	15	1	155.14	41.89	5.3836	9.9652
258	16	1	193.25	70.536	5.8415	12.938
258	17	1	198.36	69.804	6.4028	12.588
259	5	1	101.07	157.97	10.547	19.012
259	12	1	191.2	166.26	10.947	21.278
259	15	1	152.81	41.931	5.3836	9.9652
259	16	1	192.1	71.13	5.8415	12.938
259	17	1	196.94	70.297	6.5407	12.588
260	5	1	99.874	158.87	10.629	19.012
260	12	1	190.5	166.73	10.947	21.278
260	15	1	151.77	42.442	5.3836	9.9652
260	16	1	190.95	71.725	5.8415	12.938
260	17	1	195.52	70.789	6.6786	12.588
261	5	1	98.765	159.49	10.629	19.012
261	12	1	189.8	167.2	10.947	21.278
261	15	1	150.72	42.954	5.3836	9.9652
261	16	1	189.79	72.319	5.8415	12.938
261	17	1	194.1	71.282	6.8165	12.588
262	5	1	97.657	160.1	10.629	19.012
262	12	1	189.11	167.66	10.947	21.278
262	15	1	149.67	43.465	5.3836	9.9652
262	16	1	188.66	72.453	5.8415	12.938
262	17	1	193.01	71.313	6.8165	12.588
263	5	1	96.72	159.81	10.432	19.209
263	12	1	188.41	168.13	10.947	21.278
263	15	1	148.63	43.976	5.3836	9.9652
263	16	1	187.52	72.587	5.8415	12.938
263	17	1	191.93	71.345	6.8165	12.588
264	5	1	95.784	159.51	10.235	19.407
264	12	1	187.61	167.01	10.947	21.278
264	15	1	147.58	44.488	5.3836	9.9652
264	16	1	186.38	72.72	5.8415	12.938
264	17	1	190.84	71.376	6.8165	12.588
265	5	1	94.848	159.22	10.038	19.604
265	12	1	186.82	165.89	10.947	21.278
265	15	1	146.48	43.343	5.3836	9.9652
265	16	1	185.25	72.854	5.8415	12.938
265	17	1	189.75	71.408	6.8165	12.588
266	5	1	93.911	158.92	9.8406	19.801
266	12	1	186.03	164.77	10.947	21.278
266	15	1	145.39	42.199	5.3836	9.9652
266	16	1	184.47	71.66	5.9107	13.059
266	17	1	188.66	71.439	6.8165	12.588
267	5	1	92.975	158.63	9.6434	19.998
267	12	1	185.24	163.66	10.947	21.278
267	15	1	144.29	41.054	5.3836	9.9652
267	16	1	183.69	70.466	5.9799	13.18
267	17	1	188.08	70.509	6.9268	12.667
268	5	1	92.334	158.08	9.6434	19.998
268	12	1	184.45	162.54	10.947	21.278
268	15	1	143.2	39.91	5.3836	9.9652
268	16	1	182.91	69.272	6.0491	13.301
268	17	1	187.5	69.58	7.0372	12.746
269	5	1	91.694	157.54	9.6434	19.998
269	12	1	184.35	162.07	10.947	21.278
269	15	1	142.1	38.765	5.3836	9.9652
269	16	1	182.13	68.077	6.1184	13.422
269	17	1	186.91	68.65	7.1475	12.825
270	5	1	91.053	157	9.6434	19.998
270	12	1	184.26	161.61	10.947	21.278
270	15	1	141.88	38.741	5.3836	9.9652
270	16	1	181.35	66.883	6.1876	13.543
270	17	1	186.33	67.72	7.2578	12.903
271	5	1	90.413	156.46	9.6434	19.998
271	12	1	184.17	161.14	10.947	21.278
271	15	1	141.66	38.717	5.3836	9.9652
271	16	1	181.39	66.814	6.1876	13.543
271	17	1	185.75	66.79	7.3681	12.982
272	5	1	89.772	155.92	9.6434	19.998
272	12	1	184.07	160.67	10.947	21.278
272	15	1	141.44	38.692	5.3836	9.9652
272	16	1	181.42	66.745	6.1876	13.543
272	17	1	185.75	66.286	7.3996	13.234
273	5	1	89.23	155.42	9.9884	20.146
273	12	1	183.98	160.21	10.947	21.278
273	15	1	141.22	38.668	5.3836	9.9652
273	16	1	181.46	66.675	6.1876	13.543
273	17	1	185.75	65.782	7.4312	13.486
274	5	1	88.688	154.93	10.333	20.294
274	12	1	184.05	159.3	10.947	21.278
274	15	1	141	38.644	5.3836	9.9652
274	16	1	181.49	66.606	6.1876	13.543
274	17	1	185.75	65.277	7.4627	13.739
275	5	1	88.146	154.44	10.678	20.441
275	12	1	184.11	158.39	10.947	21.278
275	15	1	141.05	37.475	5.3836	9.9652
275	16	1	181.52	66.537	6.1876	13.543
275	17	1	185.75	64.773	7.4942	13.991
276	5	1	87.604	153.94	11.023	20.589
276	12	1	184.18	157.47	10.947	21.278
276	15	1	141.1	36.306	5.3836	9.9652
276	16	1	181.87	65.187	6.2568	13.889
276	17	1	185.75	64.269	7.5257	14.243
277	5	1	87.062	153.45	11.368	20.737
277	12	1	184.24	156.56	10.947	21.278
277	15	1	141.15	35.137	5.3836	9.9652
277	16	1	182.22	63.837	6.3261	14.236
277	17	1	186.38	63.418	7.4312	14.432
278	5	1	87.407	152.71	11.073	20.688
278	12	1	184.31	155.65	10.947	21.278
278	15	1	141.2	33.968	5.3836	9.9652
278	16	1	182.56	62.487	6.3953	14.582
278	17	1	187.01	62.567	7.3366	14.621
279	5	1	87.751	151.97	10.777	20.639
279	12	1	184.77	154.4	10.947	21.278
279	15	1	141.25	32.8	5.3836	9.9652
279	16	1	182.91	61.137	6.4645	14.928
279	17	1	187.64	61.716	7.242	14.81
280	5	1	88.096	151.23	10.481	20.589
280	12	1	185.23	153.15	10.947	21.278
280	15	1	141.27	31.7	5.4893	10.05
280	16	1	183.26	59.787	6.5337	15.274
280	17	1	188.27	60.865	7.1475	14.999
281	5	1	88.441	150.49	10.186	20.54
281	12	1	185.69	151.91	10.947	21.278
281	15	1	141.29	30.601	5.595	10.134
281	16	1	184.39	60.094	7.3217	15.485
281	17	1	188.9	60.014	7.0529	15.188
282	5	1	88.786	149.76	9.8898	20.491
282	12	1	186.15	150.66	10.947	21.278
282	15	1	141.31	29.502	5.7007	10.219
282	16	1	184.15	59.022	7.1247	15.303
282	17	1	188.62	59.005	7.0529	15.188
283	5	1	87.924	148.46	9.8898	20.491
283	12	1	185.88	148.92	10.947	21.278
283	15	1	141.33	28.402	5.8064	10.303
283	16	1	183.91	57.95	6.9277	15.12
283	17	1	188.33	57.996	7.0529	15.188
284	5	1	87.062	147.17	9.8898	20.491
284	12	1	185.61	147.19	10.947	21.278
284	15	1	141.35	27.303	5.9121	10.388
284	16	1	183.67	56.879	6.7307	14.937
284	17	1	188.05	56.988	7.0529	15.188
285	5	1	86.199	145.87	9.8898	20.491
285	12	1	185.13	146.32	10.947	21.278
285	15	1	140.78	26.521	5.9121	10.388
285	16	1	183.43	55.807	6.5337	14.755
285	17	1	187.77	55.979	7.0529	15.188
286	5	1	85.337	144.58	9.8898	20.491
286	12	1	184.65	145.45	10.947	21.278
286	15	1	140.21	25.739	5.9121	10.388
286	16	1	182.81	55.46	6.5337	14.755
286	17	1	187.48	54.971	7.0529	15.188
287	5	1	84.795	144.98	10.235	20.491
287	12	1	184.18	144.58	10.947	21.278
287	15	1	139.64	24.957	5.9121	10.388
287	16	1	182.18	55.114	6.5337	14.755
287	17	1	186.91	54.93	7.0529	15.188
288	5	1	84.253	145.37	10.58	20.491
288	12	1	184.24	144.26	10.947	21.278
288	15	1	139.07	24.174	5.9121	10.388
288	16	1	181.56	54.768	6.5337	14.755
288	17	1	186.34	54.889	7.0529	15.188
289	5	1	83.711	145.76	10.925	20.491
289	12	1	184.31	143.93	10.947	21.278
289	15	1	138.5	23.392	5.9121	10.388
289	16	1	180.94	54.422	6.5337	14.755
289	17	1	185.76	54.848	7.0529	15.188
290	5	1	83.168	146.16	11.27	20.491
290	12	1	184.09	144.67	10.947	21.278
290	15	1	138.33	24.195	5.9121	10.388
290	16	1	180.31	54.076	6.5337	14.755
290	17	1	185.19	54.807	7.0529	15.188
291	5	1	82.626	146.55	11.615	20.491
291	12	1	183.87	145.41	10.947	21.278
291	15	1	138.16	24.999	5.9121	10.388
291	16	1	180.36	55.028	6.4472	14.625
291	17	1	184.62	54.766	7.0529	15.188
292	5	1	81.978	147.69	11.615	20.491
292	12	1	183.66	146.14	10.947	21.278
292	15	1	137.99	25.802	5.9121	10.388
292	16	1	180.4	55.98	6.3607	14.495
292	17	1	185.55	55.738	7.0529	15.188
293	5	1	82.933	148.51	11.615	20.491
293	12	1	183.98	147.15	10.947	21.278
293	15	1	137.82	26.605	5.9121	10.388
293	16	1	180.44	56.932	6.2741	14.365
293	17	1	186.49	56.711	7.0529	15.188
294	5	1	83.889	149.33	11.615	20.491
294	12	1	184.31	148.16	10.947	21.278
294	15	1	137.65	27.409	5.9121	10.388
294	16	1	180.49	57.883	6.1876	14.236
294	17	1	187.43	57.683	7.0529	15.188
295	5	1	84.844	150.15	11.615	20.491
295	12	1	186.02	148.71	10.947	21.278
295	15	1	139.51	28.276	5.9121	10.388
295	16	1	182.46	58.749	6.1876	14.236
295	17	1	188.37	58.656	7.0529	15.188
296	5	1	85.8	150.96	11.615	20.491
296	12	1	187.74	149.25	10.947	21.278
296	15	1	141.38	29.142	5.9121	10.388
296	16	1	184.43	59.614	6.1876	14.236
296	17	1	189.31	59.628	7.0529	15.188
297	5	1	86.755	151.78	11.615	20.491
297	12	1	189.45	149.79	10.947	21.278
297	15	1	143.24	30.009	5.9121	10.388
297	16	1	186.41	60.48	6.1876	14.236
297	17	1	190.25	60.6	7.0529	15.188
298	5	1	89.013	152.94	11.339	20.491
298	12	1	192.25	150.6	10.947	21.278
298	15	1	145.1	30.876	5.9121	10.388
298	16	1	188.38	61.345	6.1876	14.236
298	17	1	192.53	61.522	7.0529	15.188
299	5	1	91.27	154.09	11.064	20.491
299	12	1	195.05	151.42	10.947	21.278
299	15	1	146.96	31.743	5.9121	10.388
299	16	1	190.35	62.21	6.1876	14.236
299	17	1	194.81	62.444	7.0529	15.188
300	5	1	93.527	155.25	10.789	20.491
300	12	1	197.4	152.02	10.947	21.278
300	15	1	148.89	32.225	5.9121	10.388
300	16	1	192.39	62.764	6.1876	14.236
300	17	1	197.09	63.365	7.0529	15.188
301	5	1	95.784	156.41	10.514	20.491
301	12	1	199.74	152.61	10.947	21.278
301	15	1	150.82	32.708	5.9121	10.388
301	16	1	194.44	63.318	6.1876	14.236
301	17	1	199.37	64.287	7.0529	15.188
302	5	1	98.041	157.56	10.238	20.491
302	12	1	202.09	153.21	10.947	21.278
302	15	1	152.75	33.191	5.9121	10.388
302	16	1	196.48	63.872	6.1876	14.236
302	17	1	201.65	65.208	7.0529	15.188
303	5	1	98.759	157.57	10.238	20.491
303	12	1	203.35	153.11	10.947	21.278
303	15	1	154.68	33.674	5.9121	10.388
303	16	1	198.52	64.426	6.1876	14.236
303	17	1	202.92	65.286	7.027	14.929
304	5	1	99.476	157.57	10.238	20.491
304	12	1	204.61	153.01	10.947	21.278
304	15	1	156.61	34.156	5.9121	10.388
304	16	1	200.56	64.979	6.1876	14.236
304	17	1	204.19	65.364	7.001	14.67
305	5	1	100.19	157.57	10.238	20.491
305	12	1	205.87	152.92	10.947	21.278
305	15	1	157.22	34.156	5.9121	10.388
305	16	1	201.64	65.1	6.3605	13.89
305	17	1	205.46	65.442	6.9751	14.41
306	5	1	100.91	157.58	10.238	20.491
306	12	1	207.14	152.82	10.947	21.278
306	15	1	157.82	34.156	5.9121	10.388
306	16	1	202.71	65.222	6.5335	13.544
306	17	1	206.73	65.52	6.9492	14.151
307	5	1	101.63	157.58	10.238	20.491
307	12	1	208.4	152.72	10.947	21.278
307	15	1	158.42	34.156	5.9121	10.388
307	16	1	203.78	65.343	6.7064	13.198
307	17	1	208.01	65.597	6.9232	13.892
308	5	1	101.63	158.51	10.238	20.491
308	12	1	208.58	153.61	10.947	21.278
308	15	1	159.03	34.156	5.9121	10.388
308	16	1	203.56	65.248	6.447	13.717
308	17	1	208.21	66.635	6.9232	13.892
309	5	1	101.63	159.44	10.238	20.491
309	12	1	208.77	154.5	10.947	21.278
309	15	1	159.63	34.156	5.9121	10.388
309	16	1	203.33	65.152	6.1876	14.236
309	17	1	208.42	67.672	6.9232	13.892
310	5	1	101.63	160.37	10.238	20.491
310	12	1	208.95	155.39	10.947	21.278
310	15	1	159.54	35.363	5.9121	10.388
310	16	1	203.57	66.814	6.1876	14.236
310	17	1	208.63	68.71	6.9232	13.892
311	5	1	101.76	162.68	10.238	20.491
311	12	1	209.14	156.28	10.947	21.278
311	15	1	159.45	36.57	5.9121	10.388
311	16	1	203.82	68.475	6.1876	14.236
311	17	1	208.84	69.748	6.9232	13.892
312	5	1	101.9	164.99	10.238	20.491
312	12	1	209.32	157.17	10.947	21.278
312	15	1	159.36	37.777	5.9121	10.388
312	16	1	204.06	70.137	6.1876	14.236
312	17	1	209.04	70.785	6.9232	13.892
313	5	1	101.73	166.06	10.238	20.491
313	12	1	208.72	159.23	10.947	21.278
313	15	1	159.27	38.984	5.9121	10.388
313	16	1	204.3	71.798	6.1876	14.236
313	17	1	208.76	71.044	6.9232	13.892
314	5	1	101.57	167.13	10.238	20.491
314	12	1	209.29	158.71	10.947	21.278
314	15	1	159.18	40.191	5.9121	10.388
314	16	1	204.54	73.46	6.1876	14.236
314	17	1	208.47	71.304	6.9232	13.892
315	5	1	101.41	168.2	10.238	20.491
315	12	1	208.56	158.19	10.947	21.278
315	15	1	158.69	39.889	5.9121	10.388
315	16	1	204.51	73.91	6.1876	14.236
315	17	1	208.19	71.563	6.9232	13.892
316	5	1	99.917	166.6	10.238	20.491
316	12	1	207.83	157.66	10.947	21.278
316	15	1	158.21	39.588	5.9121	10.388
316	16	1	203.83	73.278	6.1876	14.236
316	17	1	207.9	71.823	6.9232	13.892
317	5	1	98.42	164.99	10.238	20.491
317	12	1	207.1	157.14	10.947	21.278
317	15	1	157.73	39.286	5.9121	10.388
317	16	1	203.14	72.646	6.1876	14.236
317	17	1	207.62	72.082	6.9232	13.892
318	5	1	97.622	164.66	10.238	20.491
318	12	1	206.88	157.19	10.947	21.278
318	15	1	157.25	38.984	5.9121	10.388
318	16	1	202.46	72.015	6.1876	14.236
318	17	1	208.14	72.601	6.9232	13.892
319	5	1	96.825	164.32	10.238	20.491
319	12	1	206.66	157.23	10.947	21.278
319	15	1	156.76	38.682	5.9121	10.388
319	16	1	201.77	71.383	6.1876	14.236
319	17	1	208.65	73.12	6.9232	13.892
320	5	1	98.032	166.79	10.238	20.491
320	12	1	206.44	157.28	10.947	21.278
320	15	1	157.92	39.336	5.9121	10.388
320	16	1	202.55	72.681	6.3607	14.062
320	17	1	209.17	73.638	6.9232	13.892
321	5	1	98.616	167.03	10.238	20.491
321	12	1	208.07	158.09	10.947	21.278
321	15	1	159.08	39.99	5.9121	10.388
321	16	1	203.33	73.979	6.5337	13.889
321	17	1	209.69	74.157	6.9232	13.892
322	5	1	99.667	168.2	10.238	20.491
322	12	1	209.7	158.91	10.947	21.278
322	15	1	160.23	40.644	5.9121	10.388
322	16	1	206.16	74.7	6.5337	13.889
322	17	1	210.21	74.676	6.9232	13.892
323	5	1	102.16	168.2	10.238	20.491
323	12	1	212.79	159.61	10.947	21.278
323	15	1	163.47	41.752	5.8253	10.258
323	16	1	208.99	75.422	6.5337	13.889
323	17	1	214.05	75.635	6.9232	13.892
324	5	1	106.05	168.32	10.238	20.491
324	12	1	215.89	160.3	10.947	21.278
324	15	1	166.72	42.861	5.7384	10.128
324	16	1	211.82	76.143	6.5337	13.889
324	17	1	217.88	76.593	6.9232	13.892
325	5	1	109.93	168.44	10.238	20.491
325	12	1	219.79	160.6	10.947	21.278
325	15	1	171.43	42.99	5.6516	9.9973
325	16	1	215.96	76.864	6.5337	13.889
325	17	1	221.72	77.552	6.9232	13.892
326	5	1	113.82	168.55	10.238	20.491
326	12	1	223.7	160.89	10.947	21.278
326	15	1	176.14	43.119	5.5648	9.8671
326	16	1	221.23	77.808	6.5337	13.889
326	17	1	225.55	78.511	6.9232	13.892
327	5	1	117.7	168.67	10.238	20.491
327	12	1	227.61	161.19	10.947	21.278
327	15	1	180.85	43.248	5.478	9.7369
327	16	1	225.74	77.235	6.5337	13.889
327	17	1	230.58	77.534	6.9232	13.892
328	5	1	121.97	167.27	10.238	20.491
328	12	1	232.32	160.19	10.947	21.278
328	15	1	185.75	42.237	5.478	9.7369
328	16	1	230.25	76.663	6.5337	13.889
328	17	1	235.38	76.661	6.9232	13.892
329	5	1	126.23	165.86	10.238	20.491
329	12	1	237.04	159.2	10.947	21.278
329	15	1	190.66	41.225	5.478	9.7369
329	16	1	234.76	76.09	6.5337	13.889
329	17	1	240.18	75.787	6.9232	13.892
330	5	1	130.5	164.46	10.238	20.491
330	12	1	241.76	158.21	10.947	21.278
330	15	1	195.56	40.213	5.478	9.7369
330	16	1	239.69	75.339	6.5337	13.889
330	17	1	244.99	74.914	6.9232	13.892
331	5	1	134.72	164.19	10.238	20.491
331	12	1	246.48	157.22	10.947	21.278
331	15	1	200.46	39.202	5.478	9.7369
331	16	1	245.81	74.802	6.5337	13.889
331	17	1	249.83	74.888	6.9232	13.892
332	5	1	138.95	163.93	10.238	20.491
332	12	1	251.2	156.23	10.947	21.278
332	15	1	205.36	38.19	5.478	9.7369
332	16	1	250.31	74.442	6.5337	13.889
332	17	1	254.68	74.861	6.9232	13.892
333	5	1	143.17	163.66	10.238	20.491
333	12	1	255.49	156.27	10.947	21.278
333	15	1	209.84	38.625	5.478	9.7369
333	16	1	255.17	74.442	6.5337	13.889
333	17	1	259.53	74.835	6.9232	13.892
334	5	1	147.39	163.39	10.238	20.491
334	12	1	259.79	156.31	10.947	21.278
334	15	1	214.32	39.06	5.478	9.7369
334	16	1	260.21	75.162	6.5337	13.889
334	17	1	264.37	74.808	6.9232	13.892
335	5	1	151.62	163.12	10.238	20.491
335	12	1	264.08	156.34	10.947	21.278
335	15	1	218.8	39.495	5.478	9.7369
335	16	1	263.99	75.522	6.5337	13.889
335	17	1	269.22	74.782	6.9232	13.892
336	5	1	155.88	164.47	10.67	20.491
336	12	1	268.38	156.38	10.947	21.278
336	15	1	223.27	39.93	5.478	9.7369
336	16	1	267.59	75.342	6.5337	13.889
336	17	1	272	74.914	6.9232	13.892
337	5	1	160.15	165.82	11.102	20.491
337	12	1	272.98	157.77	10.947	21.278
337	15	1	227.75	40.365	5.478	9.7369
337	16	1	272.09	76.242	6.5337	13.889
337	17	1	276.77	75.841	6.9232	13.892
338	5	1	164.41	167.17	11.534	20.491
338	12	1	277.58	159.17	10.947	21.278
338	15	1	232.23	40.8	5.478	9.7369
338	16	1	276.59	77.861	6.5337	13.889
338	17	1	281.8	77.695	6.9232	13.892
339	5	1	168.68	168.52	11.966	20.491
339	12	1	282.17	160.56	10.947	21.278
339	15	1	237.38	41.585	5.478	9.7369
339	16	1	281.99	79.841	6.5337	13.889
339	17	1	286.83	79.548	6.9232	13.892
340	5	1	172.95	169.87	12.398	20.491
340	12	1	286.77	161.96	10.947	21.278
340	15	1	242.53	42.37	5.478	9.7369
340	16	1	287.15	80.069	6.5337	13.889
340	17	1	292.14	80.031	6.9232	13.892
341	5	1	177.99	168.81	12.398	20.491
341	12	1	292.2	161.05	10.947	21.278
341	15	1	248.18	42.646	5.478	9.7369
341	16	1	292.5	80.41	6.5337	13.889
341	17	1	296.97	80.721	6.9232	13.892
342	5	1	183.03	167.75	12.398	20.491
342	12	1	297.55	160.14	10.947	21.278
342	15	1	254.18	41.681	5.478	9.7369
342	16	1	297.74	80.41	6.5337	13.889
342	17	1	302.93	79.948	6.9232	13.892
343	6	1	-0.3942	135.93	7.1066	17.662
343	5	1	188.07	166.68	12.398	20.491
343	12	1	302.91	159.24	10.947	21.278
343	15	1	259.67	40.63	5.478	9.7369
343	16	1	303.95	79.558	6.5337	13.889
343	17	1	308.88	79.176	6.9232	13.892
344	6	1	5.0899	133.26	7.8477	17.662
344	5	1	193.74	165.31	12.398	20.491
344	12	1	308.27	158.33	10.947	21.278
344	15	1	265.87	39.597	5.478	9.7369
344	16	1	310.04	78.462	6.5337	13.889
344	17	1	314.84	78.403	6.9232	13.892
345	6	1	10.885	133.35	7.942	17.756
345	5	1	199.4	163.93	12.398	20.491
345	12	1	314.84	156.82	10.947	21.278
345	15	1	272.07	38.564	5.478	9.7369
345	16	1	316.61	77.61	6.5337	13.889
345	17	1	320.8	77.631	6.9232	13.892
346	6	1	16.68	133.45	8.0362	17.85
346	5	1	204.74	164.49	12.398	20.491
346	12	1	320.2	156.91	10.947	21.278
346	15	1	278.21	39.123	5.478	9.7369
346	16	1	322.33	77.123	6.5337	13.889
346	17	1	326.76	76.858	6.9232	13.892
347	6	1	22.475	133.54	8.1304	17.945
347	5	1	210.08	165.05	12.398	20.491
347	12	1	325.23	157.52	10.947	21.278
347	15	1	284.34	39.682	5.478	9.7369
347	16	1	328.26	77.758	6.5337	13.889
347	17	1	331.91	77.327	6.9232	13.892
348	6	1	28.269	133.64	8.2246	18.039
348	5	1	216.35	165.92	12.398	20.491
348	15	1	290.48	40.241	5.478	9.7369
349	6	1	34.064	133.73	8.3189	18.133
349	5	1	222.62	166.79	12.398	20.491
349	15	1	296.61	40.8	5.478	9.7369
350	6	1	40.754	134.3	8.4602	17.756
350	5	1	228.89	167.67	12.398	20.491
350	15	1	302.75	41.359	5.478	9.7369
351	6	1	47.444	134.86	8.6015	17.379
351	5	1	235.79	168.41	12.398	20.491
352	6	1	54.134	135.43	8.7429	17.002
352	5	1	242.69	169.16	12.398	20.491
353	6	1	60.824	135.99	8.8842	16.626
353	5	1	248.67	169.4	12.398	20.491
354	6	1	67.514	136.56	9.0255	16.249
354	5	1	254.64	169.64	12.398	20.491
355	6	1	73.063	136.49	9.1264	16.181
355	5	1	260.62	169.88	12.398	20.491
356	6	1	78.612	136.42	9.2273	16.114
356	5	1	266.59	170.12	12.398	20.491
357	6	1	84.161	136.36	9.3282	16.047
357	5	1	272.57	170.37	12.398	20.491
358	6	1	89.71	136.29	9.4291	15.98
358	5	1	277.82	170.52	12.398	20.491
359	6	1	95.26	136.22	9.53	15.912
359	5	1	283.08	170.67	12.398	20.491
360	6	1	100.98	136.83	9.53	15.912
360	5	1	288.34	170.82	12.398	20.491
361	6	1	106.69	137.45	9.53	15.912
361	5	1	293.6	170.98	12.398	20.491
362	6	1	112.41	138.06	9.53	15.912
362	5	1	298.86	171.13	12.398	20.491
363	6	1	118.13	138.67	9.53	15.912
363	5	1	303.88	172.02	12.398	20.491
364	6	1	123.84	139.28	9.53	15.912
364	5	1	308.89	172.91	12.398	20.491
365	6	1	129.36	140.06	9.6935	15.994
365	5	1	313.9	173.81	12.398	20.491
366	6	1	134.87	140.84	9.8571	16.076
366	5	1	318.91	174.7	12.398	20.491
367	6	1	140.39	141.61	10.021	16.158
367	5	1	325.86	175.69	10.81	20.491
368	6	1	145.9	142.39	10.184	16.239
369	6	1	151.42	143.17	10.348	16.321
370	6	1	155.37	143.44	10.348	16.321
371	6	1	159.21	144.02	10.348	16.321
372	6	1	163.05	144.59	10.348	16.321
373	6	1	166.89	145.17	10.348	16.321
374	6	1	170.73	145.75	10.348	16.321
375	6	1	174.57	146.33	10.348	16.321
376	6	1	176.98	146.98	10.348	16.321
377	6	1	179.38	147.63	10.348	16.321
378	6	1	181.79	148.28	10.348	16.321
379	6	1	184.2	148.93	10.348	16.321
380	6	1	186.6	149.59	10.348	16.321
381	6	1	187.77	149.84	10.348	16.321
382	6	1	188.94	150.09	10.348	16.321
383	6	1	190.11	150.34	10.348	16.321
384	6	1	191.28	150.59	10.348	16.321
385	6	1	192.45	150.84	10.348	16.321
386	6	1	193.62	151.09	10.348	16.321
387	6	1	193.49	151.05	10.348	16.321
388	6	1	193.37	151.01	10.348	16.321
389	6	1	193.24	150.96	10.348	16.321
390	6	1	193.12	150.92	10.348	16.321
391	6	1	192.99	150.88	10.348	16.321
392	6	1	192.87	150.84	10.348	16.321
393	6	1	192.76	150.48	10.348	16.321
394	6	1	192.65	150.12	10.348	16.321
395	6	1	192.55	149.76	10.348	16.321
396	6	1	192.44	149.41	10.348	16.321
397	6	1	192.33	149.05	10.348	16.321
398	6	1	192.22	148.69	10.348	16.321
399	6	1	192.12	148.33	10.348	16.321
400	6	1	192.87	146.74	10.39	16.363
401	6	1	193.62	145.16	10.431	16.405
402	6	1	194.37	143.57	10.473	16.447
403	6	1	195.12	141.98	10.515	16.488
404	6	1	195.88	140.39	10.557	16.53
405	6	1	196.63	138.81	10.598	16.572
406	6	1	197.63	138.46	10.598	16.572
407	6	1	198.63	138.11	10.598	16.572
408	6	1	199.64	137.75	10.598	16.572
409	6	1	200.64	137.4	10.598	16.572
410	6	1	201.64	137.05	10.598	16.572
411	6	1	201.18	135.55	10.766	16.614
412	6	1	200.72	134.04	10.933	16.655
413	6	1	200.26	132.54	11.1	16.697
414	6	1	199.8	131.04	11.267	16.739
415	6	1	199.34	129.53	11.434	16.781
416	6	1	198.88	128.03	11.601	16.823
417	6	1	198.68	128.63	11.601	16.823
418	6	1	198.48	129.23	11.601	16.823
419	6	1	198.28	129.83	11.601	16.823
420	6	1	198.08	130.44	11.601	16.823
421	6	1	197.88	131.04	11.601	16.823
422	6	1	196.63	131.19	11.601	17.173
423	6	1	195.37	131.34	11.601	17.524
424	6	1	194.12	131.49	11.601	17.875
425	6	1	192.87	131.64	11.601	18.226
426	6	1	191.61	131.79	11.601	18.577
427	6	1	190.71	132.19	11.751	18.577
428	6	1	189.81	132.59	11.902	18.577
429	6	1	188.91	132.99	12.052	18.577
430	6	1	188.01	133.39	12.203	18.577
431	6	1	187.1	133.79	12.353	18.577
432	6	1	184.03	131.07	12.7	18.627
433	6	1	180.96	128.35	13.046	18.676
434	6	1	177.89	125.62	13.393	18.726
435	6	1	174.82	122.9	13.74	18.775
436	6	1	171.75	120.18	14.086	18.825
437	6	1	166.21	115.83	13.938	18.825
438	6	1	158.36	111.49	13.789	18.825
439	6	1	149.94	108.44	13.641	18.825
440	6	1	140.75	107.23	13.492	18.825
441	6	1	128.67	105.07	13.344	18.825
441	7	1	326.45	129.24	11.127	21.807
442	6	1	118.42	104.5	13.344	18.825
442	7	1	315.78	127.41	12.294	22.474
443	6	1	107.19	104.43	13.344	18.825
443	7	1	303.17	126.81	12.895	22.474
444	6	1	94.967	105.59	13.344	18.825
444	7	1	290.57	126.21	13.495	22.474
445	6	1	82.413	106.75	13.344	18.825
445	7	1	277.96	125.61	14.095	22.474
446	6	1	67.754	107.79	13.344	18.825
446	7	1	265.36	125.01	14.695	22.474
447	6	1	55.373	110.52	13.344	17.834
447	7	1	252.75	124.41	15.296	22.474
448	6	1	42.572	114.57	13.344	17.834
448	7	1	241.08	125.07	15.296	22.474
449	6	1	29.13	117.77	13.77	17.834
449	7	1	228.07	126.41	15.296	22.474
450	6	1	15.262	118.84	13.77	17.834
450	7	1	214.53	125.28	15.296	22.081
451	6	1	3.3135	120.76	13.77	17.834
451	7	1	201.61	125.7	15.296	21.689
452	7	1	190.15	125.94	15.296	21.296
453	7	1	179.61	126.83	15.296	20.903
453	18	1	323.28	32.085	6.5323	14.616
453	13	1	325.36	94.333	11.175	19.756
454	7	1	168.96	126.93	15.296	20.511
454	18	1	312.12	32.085	6.5323	14.616
454	13	1	314.61	93.412	11.175	19.756
455	7	1	159.12	126.93	13.798	20.511
455	18	1	303.03	31.995	6.5323	14.616
455	13	1	305.71	93.412	11.175	19.756
456	7	1	151.39	127.3	13.798	20.511
456	18	1	293.94	31.905	6.5323	14.616
456	13	1	296.5	93.258	11.175	19.756
457	7	1	143.67	127.66	13.798	20.511
457	18	1	285.45	32.355	6.5323	14.616
457	13	1	288.21	93.258	11.175	19.756
457	19	1	289.19	31.265	7.8133	16.294
457	20	1	297.2	31.654	7.6895	13.997
458	7	1	135.94	128.02	13.798	20.511
458	18	1	277.92	32.805	6.5323	14.616
458	13	1	282.01	93.258	11.175	19.756
458	19	1	282.82	31.409	7.8133	16.294
458	20	1	290.77	32	7.7241	14.031
459	7	1	128.21	128.39	13.798	20.511
459	18	1	271.57	33.079	6.6692	14.616
459	13	1	275.81	93.258	11.175	19.756
459	19	1	276.46	31.553	7.8133	16.294
459	20	1	284.34	32.345	7.7587	14.066
460	7	1	120.49	128.75	13.798	20.511
460	18	1	265.21	33.353	6.8062	14.616
460	13	1	269.6	93.258	11.175	19.756
460	19	1	270.1	31.697	7.8133	16.294
460	20	1	277.91	32.691	7.7932	14.1
461	7	1	115.43	128.79	13.798	20.511
461	18	1	258.86	33.627	6.9432	14.616
461	13	1	263.4	93.258	11.175	19.756
461	19	1	263.74	31.841	7.8133	16.294
461	20	1	271.48	33.037	7.8278	14.135
462	7	1	110.37	128.83	13.798	20.511
462	18	1	253.19	33.463	6.9432	14.616
462	13	1	257.2	93.258	11.175	19.756
462	19	1	257.38	31.986	7.8133	16.294
462	20	1	265.06	33.382	7.8623	14.169
463	7	1	105.32	128.87	13.798	20.511
463	18	1	248.8	33.272	6.9432	14.616
463	13	1	253.51	93.442	10.991	19.756
463	19	1	253.38	32.274	7.8133	16.294
463	20	1	261.03	33.438	7.8901	14.281
464	7	1	100.26	128.91	13.798	20.511
464	18	1	243.66	33.272	6.9432	14.616
464	13	1	249.83	93.626	10.806	19.756
464	19	1	249.39	32.562	7.8133	16.294
464	20	1	257	33.493	7.9179	14.392
465	7	1	95.205	128.95	13.798	20.511
465	18	1	239.65	32.701	6.9432	14.616
465	13	1	246.15	93.811	10.622	19.756
465	19	1	245.39	32.85	7.8133	16.294
465	20	1	252.97	33.549	7.9457	14.503
466	7	1	92.252	129.84	13.677	20.632
466	18	1	236.42	33.082	6.9432	14.616
466	13	1	242.46	93.995	10.438	19.756
466	19	1	241.4	33.139	7.8133	16.294
466	20	1	248.94	33.604	7.9735	14.614
467	7	1	89.299	130.73	13.555	20.753
467	18	1	233.27	35.181	6.6808	14.091
467	13	1	238.78	94.179	10.254	19.756
467	19	1	237.4	33.427	7.8133	16.294
467	20	1	244.91	33.66	8.0012	14.725
468	7	1	86.346	131.62	13.434	20.875
468	18	1	230.18	35.246	6.6808	14.091
468	13	1	235.78	94.179	10.254	19.756
468	19	1	234.43	33.71	7.8133	16.294
468	20	1	241.92	33.911	8.0012	14.725
469	7	1	83.393	132.51	13.313	20.996
469	18	1	227.1	35.312	6.6808	14.091
469	13	1	232.79	94.179	10.254	19.756
469	19	1	231.45	33.993	7.8133	16.294
469	20	1	238.92	34.162	8.0012	14.725
470	7	1	80.44	133.4	13.191	21.117
470	18	1	224.02	35.377	6.6808	14.091
470	13	1	229.8	94.179	10.254	19.756
470	19	1	228.48	34.277	7.8133	16.294
470	20	1	235.93	34.413	8.0012	14.725
471	7	1	77.17	133.13	12.888	21.016
471	18	1	220.93	35.443	6.6808	14.091
471	13	1	226.8	94.179	10.254	19.756
471	19	1	225.5	34.56	7.8133	16.294
471	20	1	232.93	34.664	8.0012	14.725
472	7	1	73.9	132.86	12.585	20.915
472	18	1	217.79	35.509	6.6808	14.091
472	13	1	223.61	94.118	10.254	19.756
472	19	1	222.53	34.843	7.8133	16.294
472	20	1	229.94	34.915	8.0012	14.725
473	7	1	70.631	132.59	12.281	20.814
473	18	1	214.64	35.574	6.6808	14.091
473	13	1	220.42	94.056	10.254	19.756
473	19	1	219.31	34.879	7.8487	15.975
473	20	1	226.75	35.055	8.0012	14.725
474	7	1	67.361	132.33	11.978	20.713
474	18	1	211.49	35.64	6.6808	14.091
474	13	1	217.22	93.995	10.254	19.756
474	19	1	216.08	34.914	7.8842	15.656
474	20	1	223.57	35.195	8.0012	14.725
475	7	1	64.091	132.06	11.674	20.612
475	18	1	208.34	35.705	6.6808	14.091
475	13	1	214.03	93.933	10.254	19.756
475	19	1	212.86	34.95	7.9196	15.337
475	20	1	220.39	35.334	8.0012	14.725
476	7	1	60.821	131.79	11.371	20.511
476	18	1	205.3	35.758	6.6808	14.091
476	13	1	210.84	93.872	10.254	19.756
476	19	1	209.64	34.985	7.955	15.019
476	20	1	217.21	35.474	8.0012	14.725
477	7	1	57.349	131.89	11.371	20.511
477	18	1	202.25	35.81	6.6808	14.091
477	13	1	207.58	93.566	10.203	19.501
477	19	1	206.38	34.985	7.955	15.019
477	20	1	213.77	35.474	8.0012	14.725
478	7	1	53.877	131.99	11.371	20.511
478	18	1	199.21	35.863	6.6808	14.091
478	13	1	204.31	93.26	10.152	19.246
478	19	1	203.12	34.985	7.955	15.019
478	20	1	210.33	35.474	8.0012	14.725
479	7	1	50.405	132.09	11.371	20.511
479	18	1	196.17	35.915	6.6808	14.091
479	13	1	201.05	92.954	10.101	18.991
479	19	1	199.86	34.985	7.955	15.019
479	20	1	206.89	35.474	8.0012	14.725
480	7	1	46.932	132.19	11.371	20.511
480	18	1	193.12	35.968	6.6808	14.091
480	13	1	197.79	92.649	10.05	18.736
480	19	1	196.6	34.985	7.955	15.019
480	20	1	203.45	35.474	8.0012	14.725
481	7	1	43.46	132.29	11.371	20.511
481	18	1	189.1	36.682	6.6808	14.091
481	13	1	194.52	92.343	9.9987	18.481
481	19	1	193.34	34.985	7.955	15.019
481	20	1	200.01	35.474	8.0012	14.725
482	7	1	39.988	132.39	11.371	20.511
482	18	1	185.07	37.397	6.6808	14.091
482	13	1	190.51	92.916	9.9987	18.481
482	19	1	189.07	35.08	7.955	15.019
482	20	1	195.84	35.779	8.0012	14.725
483	7	1	35.64	132.22	11.371	20.511
483	18	1	181.04	38.112	6.6808	14.091
483	13	1	186.49	93.49	9.9987	18.481
483	19	1	184.8	35.174	7.955	15.019
483	20	1	191.68	36.084	8.0012	14.725
484	7	1	31.291	132.06	11.371	20.511
484	18	1	177.01	38.826	6.6808	14.091
484	13	1	182.48	94.063	9.9987	18.481
484	19	1	180.52	35.268	7.955	15.019
484	20	1	187.51	36.389	8.0012	14.725
485	7	1	26.943	131.89	11.371	20.511
485	18	1	172.82	38.203	6.6808	14.091
485	13	1	178.46	94.637	9.9987	18.481
485	19	1	176.25	35.363	7.955	15.019
485	20	1	183.34	36.693	8.0012	14.725
486	7	1	22.594	131.72	11.371	20.511
486	18	1	168.63	37.58	6.6808	14.091
486	13	1	174.54	93.872	9.9987	18.481
486	19	1	171.98	35.457	7.955	15.019
486	20	1	179.17	36.998	8.0012	14.725
487	7	1	18.245	131.55	11.371	20.511
487	18	1	164.44	36.957	6.6808	14.091
487	13	1	170.61	93.107	9.9987	18.481
487	19	1	167.7	35.552	7.955	15.019
487	20	1	175.74	36.765	8.0012	14.725
488	7	1	13.897	131.38	11.371	20.511
488	18	1	160.25	36.334	6.6808	14.091
488	13	1	166.69	92.343	9.9987	18.481
488	19	1	164.61	35.609	7.955	15.019
488	20	1	172.3	36.531	8.0012	14.725
489	7	1	10.357	131.08	11.371	20.511
489	18	1	156.05	35.711	6.6808	14.091
489	13	1	162.76	91.578	9.9987	18.481
489	19	1	161.53	35.665	7.955	15.019
489	20	1	168.87	36.298	8.0012	14.725
490	7	1	6.8177	130.77	11.371	20.511
490	18	1	153.62	36.051	6.6808	14.091
490	13	1	158.84	90.813	9.9987	18.481
490	19	1	158.44	35.722	7.955	15.019
490	20	1	165.43	36.065	8.0012	14.725
491	7	1	3.5816	130.98	11.371	20.511
491	18	1	151.18	36.391	6.6808	14.091
491	13	1	157.01	91.069	9.9987	18.481
491	19	1	155.35	35.779	7.955	15.019
491	20	1	162	35.831	8.0012	14.725
492	7	1	1.559	131.18	11.371	20.511
492	18	1	148.75	36.73	6.6808	14.091
492	13	1	155.18	91.326	9.9987	18.481
492	19	1	152.26	35.835	7.955	15.019
492	20	1	160.43	36.365	8.0012	14.725
493	7	1	-0.4636	131.18	10.562	20.511
493	18	1	146.31	37.07	6.6808	14.091
493	13	1	153.34	91.582	9.9987	18.481
493	19	1	150.87	36.26	7.955	15.019
493	20	1	158.86	36.898	8.0012	14.725
494	18	1	143.88	37.41	6.6808	14.091
494	13	1	151.51	91.838	9.9987	18.481
494	19	1	149.48	36.685	7.955	15.019
494	20	1	157.3	37.432	8.0012	14.725
495	18	1	143.08	38.26	6.6808	14.091
495	13	1	149.68	92.095	9.9987	18.481
495	19	1	148.09	37.11	7.955	15.019
495	20	1	155.73	37.965	8.0012	14.725
496	18	1	142.29	39.109	6.6808	14.091
496	13	1	147.85	92.351	9.9987	18.481
496	19	1	146.71	37.535	7.955	15.019
496	20	1	154.16	38.499	8.0012	14.725
497	18	1	141.5	39.959	6.6808	14.091
497	13	1	147.41	93.01	9.9987	18.481
497	19	1	145.32	37.96	7.955	15.019
497	20	1	153.73	39.366	8.0012	14.725
498	18	1	140.71	40.809	6.6808	14.091
498	13	1	146.97	93.669	9.9987	18.481
498	19	1	145.06	38.839	7.955	15.019
498	20	1	153.3	40.233	8.0012	14.725
499	18	1	139.91	41.658	6.6808	14.091
499	13	1	146.53	94.328	9.9987	18.481
499	19	1	144.81	39.717	7.955	15.019
499	20	1	152.86	41.1	8.0012	14.725
500	18	1	140.03	42.734	6.6808	14.091
500	13	1	146.1	94.987	9.9987	18.481
500	19	1	144.55	40.595	7.955	15.019
500	20	1	152.43	41.967	8.0012	14.725
501	18	1	140.14	43.811	6.6808	14.091
501	13	1	145.66	95.646	9.9987	18.481
501	19	1	144.3	41.474	7.955	15.019
501	20	1	151.99	42.834	8.0012	14.725
502	18	1	140.25	44.887	6.6808	14.091
502	13	1	145.96	97.272	9.9987	18.789
502	19	1	144.04	42.352	7.955	15.019
502	20	1	152.33	44.602	8.0012	14.725
503	18	1	140.37	45.963	6.6808	14.091
503	13	1	146.27	98.898	9.9987	19.096
503	19	1	144.44	44.619	7.955	15.019
503	20	1	152.66	46.37	8.0012	14.725
504	18	1	140.48	47.039	6.6808	14.091
504	13	1	146.58	100.52	9.9987	19.404
504	19	1	144.84	46.886	7.955	15.019
504	20	1	153	48.137	8.0012	14.725
505	18	1	141.05	49.701	6.6808	14.091
505	13	1	146.89	102.15	9.9987	19.711
505	19	1	145.23	49.152	7.955	15.019
505	20	1	153.33	49.905	8.0012	14.725
506	18	1	141.61	52.363	6.6808	14.091
506	13	1	147.19	103.77	9.9987	20.019
506	19	1	145.63	51.419	7.955	15.019
506	20	1	153.66	51.672	8.0012	14.725
507	18	1	142.18	55.026	6.6808	14.091
507	13	1	148.29	106.85	9.8733	19.81
507	19	1	146.03	53.686	7.955	15.019
507	20	1	154.54	54.931	7.9107	14.785
508	18	1	142.74	57.688	6.6808	14.091
508	13	1	149.39	109.92	9.7478	19.601
508	19	1	146.91	57.369	7.955	15.019
508	20	1	155.41	58.19	7.8202	14.846
509	18	1	143.31	60.35	6.6808	14.091
509	13	1	150.49	113	9.6224	19.392
509	19	1	147.79	61.052	7.955	15.019
509	20	1	156.29	61.448	7.7297	14.906
510	18	1	144.66	64.715	6.6808	14.091
510	13	1	151.58	116.07	9.4969	19.183
510	19	1	148.67	64.735	7.955	15.019
510	20	1	157.16	64.707	7.6392	14.967
511	18	1	146	69.08	6.6808	14.091
511	13	1	153.05	120.71	9.3715	18.973
511	19	1	149.55	68.418	7.955	15.019
511	20	1	158.04	67.966	7.5486	15.027
512	18	1	147.35	73.445	6.6808	14.091
512	13	1	154.39	124.22	9.2042	18.806
512	19	1	150.43	72.1	7.955	15.019
512	20	1	159.27	71.677	7.5486	15.027
513	8	1	0.85244	169.13	8.1892	23.374
513	18	1	148.7	77.811	6.6808	14.091
513	13	1	155.72	127.74	9.0369	18.639
513	19	1	151.52	75.219	7.955	15.019
513	20	1	160.51	75.388	7.5486	15.027
514	8	1	1.6068	172.65	8.1892	23.374
514	18	1	150.04	82.176	6.6808	14.091
514	13	1	157.06	131.25	8.8697	18.472
514	19	1	152.6	78.337	7.955	15.019
514	20	1	161.75	79.1	7.5486	15.027
515	8	1	2.1097	175.16	8.1892	23.374
515	18	1	150.61	84.492	6.6808	14.091
515	13	1	158.4	134.76	8.7024	18.304
515	19	1	153.69	81.455	7.955	15.019
515	20	1	162.99	82.811	7.5486	15.027
516	8	1	2.1516	176.21	8.1892	23.122
516	18	1	151.18	86.808	6.6808	14.091
516	13	1	159.74	138.27	8.5351	18.137
516	19	1	154.77	84.573	7.955	15.019
516	20	1	164.22	86.522	7.5486	15.027
517	8	1	2.1935	177.26	8.1892	22.871
517	18	1	151.76	89.124	6.6808	14.091
517	13	1	160.19	139.17	8.5351	18.137
517	19	1	155.86	87.691	7.955	15.019
517	20	1	164.65	87.578	7.5486	15.027
518	8	1	2.2354	178.31	8.1892	22.619
518	18	1	152.33	89.933	6.6808	14.091
518	13	1	160.64	140.07	8.5351	18.137
518	19	1	156.04	88.64	7.955	15.019
518	20	1	165.07	88.635	7.5486	15.027
519	8	1	2.2773	179.35	8.1892	22.368
519	18	1	152.9	90.743	6.6808	14.091
519	13	1	161.09	140.97	8.5351	18.137
519	19	1	156.22	89.589	7.955	15.019
519	20	1	165.49	89.691	7.5486	15.027
520	8	1	2.3192	180.4	8.1892	22.117
520	18	1	153.02	91.755	6.6808	14.091
520	13	1	161.54	141.87	8.5351	18.137
520	19	1	156.4	90.538	7.955	15.019
520	20	1	165.91	90.747	7.5486	15.027
521	8	1	2.3611	181.45	8.1892	21.865
521	18	1	153.15	92.767	6.6808	14.091
521	13	1	161.54	142.45	8.5351	18.137
521	19	1	156.58	91.487	7.955	15.019
521	20	1	166.33	91.803	7.5486	15.027
522	8	1	2.0761	181.9	8.3903	21.664
522	18	1	153.28	93.779	6.6808	14.091
522	13	1	161.54	143.03	8.5351	18.137
522	19	1	156.76	92.436	7.955	15.019
522	20	1	166.4	92.768	7.5486	15.027
523	8	1	1.7912	182.35	8.5915	21.463
523	18	1	153.41	94.79	6.6808	14.091
523	13	1	161.54	143.6	8.5351	18.137
523	19	1	156.89	93.656	7.955	15.019
523	20	1	166.46	93.734	7.5486	15.027
524	8	1	1.5062	182.81	8.7926	21.262
524	18	1	153.53	95.802	6.6808	14.091
524	13	1	161.54	144.18	8.5351	18.137
524	19	1	157.03	94.876	7.955	15.019
524	20	1	166.52	94.699	7.5486	15.027
525	8	1	1.4308	183.89	8.9938	21.06
525	18	1	153.66	96.814	6.6808	14.091
525	13	1	161.54	144.75	8.5351	18.137
525	19	1	157.17	96.096	7.955	15.019
525	20	1	166.58	95.665	7.5486	15.027
526	8	1	1.3553	184.97	9.1949	20.859
526	18	1	153.79	97.826	6.6808	14.091
526	13	1	161.75	146.99	8.5351	18.137
526	19	1	157.3	97.316	7.955	15.019
526	20	1	166.64	96.63	7.5486	15.027
527	8	1	1.2547	187.28	9.1949	20.859
527	18	1	153.91	100	6.6808	14.091
527	13	1	161.97	149.22	8.5351	18.137
527	19	1	157.44	98.536	7.955	15.019
527	20	1	166.8	99.18	7.5014	15.027
528	8	1	1.1542	189.6	9.1949	20.859
528	18	1	154.04	102.18	6.6808	14.091
528	13	1	162.19	151.45	8.5351	18.137
528	19	1	157.65	101.18	7.955	15.019
528	20	1	166.97	101.73	7.4542	15.027
529	8	1	1.0536	191.91	9.1949	20.859
529	18	1	154.36	105.09	6.6808	14.091
529	13	1	162.4	153.68	8.5351	18.137
529	19	1	157.87	103.82	7.955	15.019
529	20	1	167.13	104.28	7.407	15.027
530	8	1	0.95301	194.22	9.1949	20.859
530	18	1	154.67	108.01	6.6808	14.091
530	13	1	162.62	155.91	8.5351	18.137
530	19	1	158.08	106.46	7.955	15.019
530	20	1	167.3	106.83	7.3598	15.027
531	8	1	0.85244	196.54	9.1949	20.859
531	18	1	154.98	110.92	6.6808	14.091
531	13	1	163.05	159.22	8.5351	18.137
531	19	1	158.3	109.1	7.955	15.019
531	20	1	167.46	109.38	7.3126	15.027
532	8	1	0.85244	199.55	8.4406	19.854
532	18	1	155.3	113.84	6.6808	14.091
532	13	1	163.48	162.54	8.5351	18.137
532	19	1	158.51	111.74	7.955	15.019
532	20	1	168.07	112.9	7.3126	15.027
533	8	1	0.85244	202.57	9.0282	20.558
533	18	1	155.61	116.76	6.6808	14.091
533	13	1	163.91	165.85	8.5351	18.137
533	19	1	159.17	115.18	7.955	15.019
533	20	1	168.67	116.43	7.3126	15.027
534	8	1	0.85244	205.84	8.4697	21.01
534	18	1	156.28	120.11	6.6808	14.091
534	13	1	164.35	169.16	8.5351	18.137
534	19	1	159.83	118.62	7.955	15.019
534	20	1	169.27	119.96	7.3126	15.027
535	8	1	0.65657	209.36	8.6656	21.402
535	18	1	156.95	123.46	6.6808	14.091
535	13	1	164.78	172.47	8.5351	18.137
535	19	1	160.48	122.06	7.955	15.019
535	20	1	169.87	123.49	7.3126	15.027
536	8	1	1.2442	211.72	8.6656	21.402
536	18	1	157.61	126.82	6.6808	14.091
536	13	1	165.51	174.7	8.5351	18.137
536	19	1	161.14	125.5	7.955	15.019
536	20	1	170.48	127.02	7.3126	15.027
537	8	1	1.2442	215.24	8.6656	21.402
537	18	1	158.28	130.17	6.6808	14.091
537	13	1	166.25	176.93	8.5351	18.137
537	19	1	161.8	128.93	7.955	15.019
537	20	1	170.95	129.1	7.3126	15.027
538	8	1	2.4193	217	8.6656	21.402
538	18	1	158.95	132.32	6.6808	14.091
538	13	1	166.98	179.17	8.5351	18.137
538	19	1	162.22	130.98	7.955	15.019
538	20	1	171.43	131.18	7.3126	15.027
539	8	1	2.6152	218.77	8.6656	21.402
539	18	1	159.34	134.28	6.6808	14.091
539	13	1	167.72	181.4	8.5351	18.137
539	19	1	162.65	133.03	7.955	15.019
539	20	1	171.91	133.26	7.3126	15.027
540	8	1	2.8111	219.94	8.6656	21.402
540	18	1	159.74	136.23	6.6808	14.091
540	13	1	168.45	183.63	8.5351	18.137
540	19	1	163.07	135.08	7.955	15.019
540	20	1	172.39	135.34	7.3126	15.027
541	8	1	2.0276	221.7	9.8408	21.01
541	18	1	160.14	138.19	6.6808	14.091
541	13	1	168.34	184.76	8.5351	18.137
541	19	1	163.5	137.13	7.955	15.019
541	20	1	172.87	137.41	7.3126	15.027
542	8	1	2.0276	222.68	9.8408	21.01
542	18	1	160.1	139.37	6.6808	14.091
542	13	1	168.23	185.89	8.5351	18.137
542	19	1	163.92	138.02	7.955	15.019
542	20	1	172.65	138.64	7.3126	15.027
543	8	1	1.44	223.66	9.8408	21.01
543	18	1	160.06	140.55	6.6808	14.091
543	13	1	168.11	187.03	8.5351	18.137
543	19	1	163.68	139.35	7.955	15.019
543	20	1	172.43	139.87	7.3126	15.027
544	8	1	1.1701	224.65	9.8408	21.01
544	18	1	159.78	141.82	6.6808	14.091
544	13	1	168	188.16	8.5351	18.137
544	19	1	163.43	140.69	7.955	15.019
544	20	1	172.21	141.1	7.3126	15.027
545	8	1	0.90008	225.64	9.8408	21.01
545	18	1	159.5	143.1	6.6808	14.091
545	13	1	167.89	189.29	8.5351	18.137
545	19	1	163.19	142.03	7.955	15.019
545	20	1	171.99	142.32	7.3126	15.027
546	8	1	0.7201	227.26	9.8408	21.01
546	18	1	159.23	144.38	6.6808	14.091
546	13	1	167.94	190.52	8.5351	18.137
546	19	1	162.95	143.37	7.955	15.019
546	20	1	171.77	143.55	7.3126	15.027
547	8	1	0.42013	228.16	9.8408	21.01
547	18	1	158.95	145.66	6.6808	14.091
547	13	1	167.98	191.75	8.5351	18.137
547	19	1	162.7	144.71	7.955	15.019
547	20	1	171.75	145.05	7.4217	15.327
548	8	1	0.12016	229.06	9.8408	21.01
548	18	1	159.06	146.96	6.6808	14.091
548	13	1	168.03	192.98	8.5351	18.137
548	19	1	162.78	146.03	7.955	15.019
548	20	1	171.72	146.55	7.5308	15.627
549	8	1	-0.17981	229.96	9.8408	21.01
549	18	1	159.17	148.27	6.6808	14.091
549	13	1	168.08	194.2	8.5351	18.137
549	19	1	162.87	147.35	7.955	15.019
549	20	1	171.69	148.05	7.6399	15.927
550	8	1	0.00017059	231.34	9.0608	21.01
550	18	1	159.28	149.57	6.6808	14.091
550	13	1	168.12	195.43	8.5351	18.137
550	19	1	162.95	148.67	7.955	15.019
550	20	1	171.67	149.55	7.749	16.227
551	8	1	0.18015	232.72	8.2809	21.01
551	18	1	159.39	150.88	6.6808	14.091
551	13	1	168.17	196.66	8.5351	18.137
551	19	1	163.03	149.99	7.955	15.019
551	20	1	171.64	151.05	7.8581	16.527
552	8	1	0.36013	234.1	7.501	21.01
552	18	1	159.5	152.18	6.6808	14.091
552	13	1	168.27	197.6	8.5351	18.137
552	19	1	163.11	151.31	7.955	15.019
552	20	1	171.67	152.52	7.8581	16.527
553	8	1	0.18015	235.36	7.501	21.01
553	18	1	159.61	153.48	6.6808	14.091
553	13	1	168.36	198.54	8.5351	18.137
553	19	1	163.19	152.63	7.955	15.019
553	20	1	171.69	154	7.8581	16.527
554	8	1	0.00017059	236.62	7.501	21.01
554	18	1	159.72	154.79	6.6808	14.091
554	13	1	168.45	199.49	8.5351	18.137
554	19	1	163.34	153.63	7.955	15.019
554	20	1	171.72	155.47	7.8581	16.527
555	8	1	0.00017059	237.59	7.5522	20.038
555	18	1	159.83	156.09	6.6808	14.091
555	13	1	168.55	200.43	8.5351	18.137
555	19	1	163.49	154.63	7.955	15.019
555	20	1	171.75	156.94	7.8581	16.527
556	8	1	0.00017059	238.57	7.6033	19.066
556	18	1	159.94	157.4	6.6808	14.091
556	13	1	168.64	201.38	8.5351	18.137
556	19	1	163.64	155.63	7.955	15.019
556	20	1	171.77	158.41	7.8581	16.527
557	8	1	0.00017059	239.54	7.6545	18.093
557	18	1	160.05	158.7	6.6808	14.091
557	13	1	168.74	202.32	8.5351	18.137
557	19	1	163.78	156.63	7.955	15.019
557	20	1	172.2	159.46	7.8581	16.527
558	18	1	160.16	160.01	6.6808	14.091
558	13	1	169.25	203.45	8.5351	18.137
558	19	1	163.93	157.63	7.955	15.019
558	20	1	172.63	160.5	7.8581	16.527
559	18	1	160.53	161.31	6.6808	14.091
559	13	1	169.76	204.59	8.5351	18.137
559	19	1	164.46	159.33	7.955	15.019
559	20	1	173.06	161.54	7.8581	16.527
560	18	1	160.89	162.62	6.6808	14.091
560	13	1	170.27	205.72	8.5351	18.137
560	19	1	164.98	161.03	7.955	15.019
560	20	1	173.48	162.58	7.8581	16.527
561	18	1	161.25	163.92	6.6808	14.091
561	13	1	170.78	206.85	8.5351	18.137
561	19	1	165.51	162.72	7.955	15.019
561	20	1	173.91	163.62	7.8581	16.527
562	18	1	161.62	165.22	6.6808	14.091
562	13	1	171.29	207.99	8.5351	18.137
562	19	1	166.03	164.42	7.955	15.019
562	20	1	174.34	164.66	7.8581	16.527
563	18	1	162.06	167.45	6.6808	14.091
563	13	1	171.62	209.13	8.5351	18.137
563	19	1	166.56	166.12	7.955	15.019
563	20	1	174.67	166.06	7.8581	16.527
564	18	1	162.46	168.65	6.6808	14.091
564	13	1	171.95	210.27	8.5351	18.137
564	19	1	167.08	167.82	7.955	15.019
564	20	1	175.01	167.47	7.8581	16.527
565	18	1	162.86	169.85	6.6808	14.091
565	13	1	172.29	211.42	8.5351	18.137
565	19	1	167.37	168.78	7.955	15.019
565	20	1	175.34	168.87	7.8581	16.527
566	18	1	163.26	171.05	6.6808	14.091
566	13	1	172.62	212.56	8.5351	18.137
566	19	1	167.66	169.75	7.955	15.019
566	20	1	175.68	170.28	7.8581	16.527
567	18	1	163.66	172.25	6.6808	14.091
567	13	1	172.95	213.7	8.5351	18.137
567	19	1	167.95	170.71	7.955	15.019
567	20	1	176.01	171.68	7.8581	16.527
568	18	1	164.06	173.45	6.6808	14.091
568	13	1	173.03	213.78	8.5351	18.137
568	19	1	168.09	170.86	7.955	15.019
568	20	1	176.15	171.77	7.8581	16.527
569	18	1	164.09	173.62	6.6808	14.091
569	13	1	173.11	213.86	8.5351	18.137
569	19	1	168.24	171.01	7.955	15.019
569	20	1	176.28	171.86	7.8581	16.527
570	18	1	164.12	173.78	6.6808	14.091
570	13	1	173.19	213.94	8.5351	18.137
570	19	1	168.38	171.15	7.955	15.019
570	20	1	176.41	171.95	7.8581	16.527
571	18	1	164.15	173.95	6.6808	14.091
571	13	1	173.27	214.02	8.5351	18.137
571	19	1	168.42	171.15	7.955	15.019
571	20	1	176.55	172.04	7.8581	16.527
572	18	1	164.18	174.11	6.6808	14.091
572	13	1	173.35	214.1	8.5351	18.137
572	19	1	168.45	171.15	7.955	15.019
572	20	1	176.68	172.13	7.8581	16.527
573	18	1	164.21	174.28	6.6808	14.091
573	13	1	173.43	214.18	8.5351	18.137
573	19	1	168.49	171.15	7.955	15.019
573	20	1	176.64	172.31	7.8581	16.527
574	18	1	164.24	174.44	6.6808	14.091
574	13	1	173.51	214.18	8.5351	18.137
574	19	1	168.53	171.15	7.955	15.019
574	20	1	176.59	172.48	7.8581	16.527
575	18	1	164.27	174.61	6.6808	14.091
575	13	1	173.59	214.18	8.5351	18.137
575	19	1	168.56	171.15	7.955	15.019
575	20	1	176.55	172.66	7.8581	16.527
576	18	1	164.3	174.77	6.6808	14.091
576	13	1	173.67	214.18	8.5351	18.137
576	19	1	168.47	171.46	7.955	15.019
576	20	1	176.5	172.84	7.8581	16.527
577	18	1	164.33	174.94	6.6808	14.091
577	13	1	173.75	214.18	8.5351	18.137
577	19	1	168.38	171.77	7.955	15.019
577	20	1	176.46	173.02	7.8581	16.527
578	18	1	164.36	175.1	6.6808	14.091
578	13	1	173.83	214.18	8.5351	18.137
578	19	1	168.29	172.08	7.955	15.019
578	20	1	176.5	173.42	7.8581	16.527
579	18	1	164.39	175.27	6.6808	14.091
579	13	1	173.91	214.18	8.5351	18.137
579	19	1	168.19	172.39	7.955	15.019
579	20	1	176.55	173.82	7.8581	16.527
580	18	1	164.42	175.43	6.6808	14.091
580	13	1	173.6	214.25	8.5351	18.137
580	19	1	168.1	172.7	7.955	15.019
580	20	1	176.59	174.22	7.8581	16.527
581	18	1	164.45	175.6	6.6808	14.091
581	13	1	173.29	214.31	8.5351	18.137
581	19	1	168.01	173.01	7.955	15.019
581	20	1	176.64	174.63	7.8581	16.527
582	18	1	164.02	176.07	6.6808	14.091
582	13	1	172.99	214.38	8.5351	18.137
582	19	1	167.76	173.28	7.955	15.019
582	20	1	176.68	175.03	7.8581	16.527
583	18	1	163.6	176.54	6.6808	14.091
583	13	1	172.68	214.45	8.5351	18.137
583	19	1	167.51	173.56	7.955	15.019
583	20	1	176.19	175.05	7.8581	16.527
584	18	1	163.17	177.01	6.6808	14.091
584	13	1	172.38	214.52	8.5351	18.137
584	19	1	167.27	173.84	7.955	15.019
584	20	1	175.7	175.07	7.8581	16.527
585	18	1	163.05	176.51	6.6808	14.091
585	13	1	172.07	214.59	8.5351	18.137
585	19	1	167.02	174.12	7.955	15.019
585	20	1	175.21	175.09	7.8581	16.527
586	18	1	162.93	176.02	6.6808	14.091
586	13	1	171.76	214.65	8.5351	18.137
586	19	1	166.77	174.4	7.955	15.019
586	20	1	174.72	175.12	7.8581	16.527
587	18	1	162.8	175.52	6.6808	14.091
587	13	1	171.64	213.9	8.5351	18.137
587	19	1	166.53	174.67	7.955	15.019
587	20	1	174.23	175.14	7.8581	16.527
588	18	1	162.68	175.03	6.6808	14.091
588	13	1	171.52	213.15	8.5351	18.137
588	19	1	166.38	174.04	7.955	15.019
588	20	1	174.25	174.34	7.9473	16.683
589	18	1	162.56	174.54	6.6808	14.091
589	13	1	171.41	212.39	8.5351	18.137
589	19	1	166.23	173.41	7.955	15.019
589	20	1	174.27	173.53	8.0365	16.839
590	18	1	162.43	174.04	6.6808	14.091
590	13	1	171.29	211.64	8.5351	18.137
590	19	1	166.08	172.78	7.955	15.019
590	20	1	174.29	172.73	8.1257	16.995
591	18	1	162.31	173.55	6.6808	14.091
591	13	1	171.17	210.88	8.5351	18.137
591	19	1	165.93	172.15	7.955	15.019
591	20	1	174.32	171.93	8.2149	17.151
592	18	1	162.18	173.05	6.6808	14.091
592	13	1	171.05	210.13	8.5351	18.137
592	19	1	165.78	171.52	7.955	15.019
592	20	1	174.34	171.12	8.304	17.307
593	18	1	162.06	172.56	6.6808	14.091
593	13	1	171.33	209.49	8.5351	18.177
593	19	1	166.09	171.03	7.955	15.019
593	20	1	174.45	170.61	8.304	17.307
594	18	1	162.37	172.16	6.6808	14.091
594	13	1	171.6	208.86	8.5351	18.216
594	19	1	166.4	170.54	7.955	15.019
594	20	1	174.56	170.1	8.304	17.307
595	18	1	162.68	171.76	6.6808	14.091
595	13	1	171.88	208.22	8.5351	18.256
595	19	1	166.71	170.04	7.955	15.019
595	20	1	174.67	169.59	8.304	17.307
596	18	1	162.99	171.36	6.6808	14.091
596	13	1	172.16	207.59	8.5351	18.296
596	19	1	167.02	169.55	7.955	15.019
596	20	1	174.79	169.07	8.304	17.307
597	18	1	163.31	170.96	6.6808	14.091
597	13	1	172.44	206.95	8.5351	18.336
597	19	1	167.33	169.05	7.955	15.019
597	20	1	174.9	168.56	8.304	17.307
598	18	1	163.62	170.56	6.6808	14.091
598	13	1	172.72	206.32	8.5351	18.375
598	19	1	167.64	168.56	7.955	15.019
598	20	1	175.48	168.65	8.304	17.307
599	18	1	164.04	170.51	6.6808	14.091
599	13	1	172.99	206.08	8.5351	18.375
599	19	1	168.16	168.49	7.955	15.019
599	20	1	176.06	168.74	8.304	17.307
600	18	1	164.46	170.46	6.6808	14.091
600	13	1	173.26	205.84	8.5351	18.375
600	19	1	168.67	168.41	7.955	15.019
600	20	1	176.64	168.83	8.304	17.307
601	18	1	164.88	170.41	6.6808	14.091
601	13	1	173.53	205.6	8.5351	18.375
601	19	1	169.19	168.34	7.955	15.019
601	20	1	177.22	168.92	8.304	17.307
602	18	1	165.23	170.27	6.6808	14.091
602	13	1	173.8	205.36	8.5351	18.375
602	19	1	169.71	168.26	7.955	15.019
602	20	1	177.8	169.01	8.304	17.307
603	18	1	165.58	170.13	6.6808	14.091
603	13	1	174.08	205.13	8.5351	18.375
603	19	1	170.23	168.19	7.955	15.019
603	20	1	178.1	168.73	8.304	17.307
604	18	1	165.94	170	6.6808	14.091
604	13	1	174.35	204.89	8.5351	18.375
604	19	1	170.47	167.84	7.955	15.019
604	20	1	178.41	168.45	8.304	17.307
605	18	1	166.29	169.86	6.6808	14.091
605	13	1	174.62	204.65	8.5351	18.375
605	19	1	170.71	167.5	7.955	15.019
605	20	1	178.72	168.17	8.304	17.307
606	18	1	166.64	169.72	6.6808	14.091
606	13	1	174.86	203.86	8.5351	18.375
606	19	1	170.95	167.16	7.955	15.019
606	20	1	179.02	167.89	8.304	17.307
607	18	1	166.73	168.78	6.6808	14.091
607	13	1	175.11	203.07	8.5351	18.375
607	19	1	171.18	166.81	7.955	15.019
607	20	1	179.07	167.29	8.304	17.307
608	18	1	166.83	167.98	6.7425	14.4
608	13	1	175.35	202.27	8.5351	18.375
608	19	1	171.42	166.47	7.955	15.019
608	20	1	179.11	166.69	8.304	17.307
609	18	1	166.93	167.18	6.8043	14.708
609	13	1	175.59	201.48	8.5351	18.375
609	19	1	171.66	166.12	7.955	15.019
609	20	1	179.16	166.09	8.304	17.307
610	18	1	167.03	166.37	6.8661	15.017
610	13	1	175.83	200.69	8.5351	18.375
610	19	1	171.9	165.78	7.955	15.019
610	20	1	179.2	165.48	8.304	17.307
611	18	1	167	165.32	6.8043	14.708
611	13	1	176.08	199.9	8.5351	18.375
611	19	1	171.97	164.99	7.9782	15.042
611	20	1	179.24	164.88	8.304	17.307
612	18	1	166.98	164.27	6.7425	14.4
612	13	1	176.07	198.23	8.5351	18.375
612	19	1	172.04	164.21	8.0013	15.065
612	20	1	179.35	163.88	8.304	17.307
613	18	1	166.95	163.22	6.6808	14.091
613	13	1	176.06	196.56	8.5351	18.375
613	19	1	172.11	163.42	8.0245	15.088
613	20	1	179.45	162.87	8.304	17.307
614	18	1	167.12	162.52	6.6808	14.165
614	13	1	176.05	194.88	8.5351	18.375
614	19	1	172.18	162.63	8.0476	15.111
614	20	1	179.55	161.86	8.304	17.307
615	18	1	167.28	161.82	6.6808	14.239
615	13	1	176.64	194.6	8.0322	17.747
615	19	1	172.25	161.84	8.0708	15.134
615	20	1	179.65	160.86	8.304	17.307
616	18	1	167.44	161.12	6.6808	14.313
616	13	1	177.23	194.31	7.5294	17.118
616	19	1	172.32	161.06	8.0939	15.158
616	20	1	179.75	159.85	8.304	17.307
617	18	1	167.73	161.17	6.6808	14.387
617	13	1	177.35	194.03	7.6551	17.275
617	19	1	172.39	160.27	8.1171	15.181
617	20	1	180.04	159.94	8.304	17.307
618	18	1	168.02	161.23	6.6808	14.461
618	13	1	177.47	193.74	7.7808	17.432
618	19	1	172.45	159.48	8.1403	15.204
618	20	1	180.33	160.02	8.304	17.307
619	18	1	168.31	161.28	6.6808	14.535
619	13	1	177.59	193.45	7.9065	17.59
619	19	1	172.83	159.43	8.1403	15.204
619	20	1	180.63	160.1	8.304	17.307
620	18	1	168.6	161.34	6.6808	14.61
620	13	1	177.71	193.17	8.0322	17.747
620	19	1	173.2	159.38	8.1403	15.204
620	20	1	180.92	160.19	8.304	17.307
621	18	1	168.89	161.39	6.6808	14.684
621	13	1	177.83	192.88	8.158	17.904
621	19	1	173.57	159.33	8.1403	15.204
621	20	1	181.21	160.27	8.304	17.307
622	18	1	169.18	161.44	6.6808	14.758
622	13	1	177.95	192.6	8.2837	18.061
622	19	1	173.95	159.28	8.1403	15.204
622	20	1	181.51	160.36	8.304	17.307
623	18	1	169.29	160.32	6.7253	14.891
623	13	1	178.07	192.31	8.4094	18.218
623	19	1	174.09	158.1	8.1403	15.204
623	20	1	181.64	158.86	8.3588	17.545
624	18	1	169.41	159.19	6.7697	15.025
624	13	1	178.19	192.02	8.5351	18.375
624	19	1	174.24	156.91	8.1403	15.204
624	20	1	181.76	157.36	8.4135	17.782
625	18	1	169.53	158.06	6.8142	15.158
625	13	1	178.17	189.98	8.5351	18.123
625	19	1	174.38	155.73	8.1403	15.204
625	20	1	181.89	155.87	8.4683	18.019
626	18	1	169.46	156.2	6.8586	15.291
626	13	1	178.15	187.94	8.5351	17.871
626	19	1	174.53	154.55	8.1403	15.204
626	20	1	182.02	154.37	8.523	18.256
627	18	1	169.4	154.33	6.9031	15.425
627	13	1	178.13	185.9	8.5351	17.619
627	19	1	174.68	153.37	8.1403	15.204
627	20	1	182.15	152.87	8.5778	18.494
628	18	1	169.62	153.11	6.9031	15.425
628	13	1	178.47	184.95	8.5351	17.367
628	19	1	175.11	153.43	8.1403	15.204
628	20	1	182.27	151.38	8.6325	18.731
629	18	1	169.84	151.88	6.9031	15.425
629	13	1	178.82	184	8.5351	17.115
629	19	1	175.54	153.49	8.1403	15.204
629	20	1	182.4	149.88	8.6873	18.968
630	18	1	170.06	150.66	6.9031	15.425
630	13	1	179.16	183.05	8.5351	16.863
630	19	1	175.97	153.55	8.1403	15.204
630	20	1	183.24	151.06	8.6873	18.968
631	18	1	170.88	151.81	6.9031	15.425
631	13	1	179.5	182.1	8.5351	16.611
631	19	1	176.41	153.61	8.1403	15.204
631	20	1	184.09	152.23	8.6873	18.968
632	18	1	171.7	152.96	6.9031	15.425
632	13	1	180.67	183.33	8.5351	18.375
632	19	1	176.84	153.68	8.1403	15.204
632	20	1	184.93	153.41	8.6873	18.968
633	18	1	172.51	154.11	6.9031	15.425
633	13	1	181.59	185.71	8.5351	18.375
633	19	1	177.27	153.74	8.1403	15.204
633	20	1	185.77	154.58	8.6873	18.968
634	18	1	173.47	155.96	6.9031	15.425
634	13	1	182.6	186.88	8.5351	18.375
634	19	1	178.42	155.29	8.1403	15.204
634	20	1	186.62	155.76	8.6873	18.968
635	18	1	174.44	157.81	6.9031	15.425
635	13	1	183.61	188.06	8.5351	18.375
635	19	1	179.57	156.85	8.1403	15.204
635	20	1	187.89	157.11	8.6873	18.968
636	18	1	175.4	159.67	6.9031	15.425
636	13	1	184.62	189.24	8.5351	18.375
636	19	1	180.72	158.41	8.1403	15.204
636	20	1	189.17	158.46	8.6873	18.968
637	18	1	176.91	160.64	6.9031	15.425
637	13	1	185.63	190.42	8.5351	18.375
637	19	1	181.87	159.96	8.1403	15.204
637	20	1	190.45	159.82	8.6873	18.968
638	18	1	178.42	161.62	6.9031	15.425
638	13	1	186.64	191.6	8.5351	18.375
638	19	1	183.02	161.52	8.1403	15.204
638	20	1	191.73	161.17	8.6873	18.968
639	18	1	179.94	162.6	6.9031	15.425
639	13	1	188.27	192.06	8.5351	18.375
639	19	1	184.76	162.15	8.1403	15.204
639	20	1	193	162.53	8.6873	18.968
640	18	1	181.45	163.58	6.9031	15.425
640	13	1	189.91	192.53	8.5351	18.375
640	19	1	186.5	162.78	8.1403	15.204
640	20	1	195.01	163.04	8.6873	18.968
641	18	1	182.96	164.56	6.9031	15.425
641	13	1	191.55	193	8.5351	18.375
641	19	1	188.24	163.41	8.1403	15.204
641	20	1	197.01	163.55	8.6873	18.968
642	18	1	185.33	165.37	6.9031	15.425
642	13	1	193.18	193.47	8.5351	18.375
642	19	1	189.98	164.04	8.1403	15.204
642	20	1	199.01	164.06	8.6873	18.968
643	18	1	187.7	166.19	6.9031	15.425
643	13	1	194.82	193.93	8.5351	18.375
643	19	1	191.72	164.67	8.1403	15.204
643	20	1	201.01	164.57	8.6873	18.968
644	9	1	-0.19834	233.89	10.931	19.398
644	18	1	190.07	167	6.9031	15.425
644	13	1	196.46	194.4	8.5351	18.375
644	19	1	194.24	165.48	8.1403	15.204
644	20	1	203.01	165.08	8.6873	18.968
645	9	1	1.9191	234.48	10.931	19.398
645	18	1	192.45	167.82	6.9031	15.425
645	13	1	199.09	195.08	8.5351	18.375
645	19	1	196.76	166.3	8.1403	15.204
645	20	1	205.01	165.59	8.6873	18.968
646	9	1	4.0365	235.08	10.931	19.398
646	18	1	194.82	168.63	6.9031	15.425
646	13	1	201.73	195.75	8.5351	18.375
646	19	1	199.28	167.11	8.1403	15.204
646	20	1	207.6	166.72	8.6873	18.968
647	9	1	6.154	235.67	10.931	19.398
647	18	1	197.19	169.45	6.9031	15.425
647	13	1	204.37	196.42	8.5351	18.375
647	19	1	201.8	167.93	8.1403	15.204
647	20	1	210.18	167.85	8.6873	18.968
648	9	1	8.2714	236.26	10.931	19.398
648	18	1	199.78	170.45	6.9031	15.425
648	13	1	207	197.1	8.5351	18.375
648	19	1	204.32	168.74	8.1403	15.204
648	20	1	212.76	168.98	8.6873	18.968
649	9	1	10.389	236.85	10.931	19.398
649	18	1	202.37	171.45	6.9031	15.425
649	13	1	209.64	197.77	8.5351	18.375
649	19	1	206.85	169.71	8.1403	15.204
649	20	1	215.35	170.11	8.6873	18.968
650	9	1	12.633	237.96	10.931	18.594
650	18	1	204.96	172.45	6.9031	15.425
650	13	1	212.17	198.95	8.5351	18.375
650	19	1	209.39	170.68	8.1403	15.204
650	20	1	217.93	171.24	8.6873	18.968
651	9	1	14.878	239.06	10.931	17.789
651	18	1	207.55	173.45	6.9031	15.425
651	13	1	214.69	200.13	8.5351	18.375
651	19	1	211.92	171.65	8.1403	15.204
651	20	1	220.51	172.47	8.6873	18.968
651	21	1	227.7	171.23	7.2601	17.048
651	22	1	231.53	174.58	8.3003	15.415
652	9	1	17.122	240.16	10.931	16.984
652	18	1	210.14	174.45	6.9031	15.425
652	13	1	217.22	201.3	8.5351	18.375
652	19	1	214.45	172.61	8.1403	15.204
652	20	1	223.1	173.7	8.6873	18.968
652	21	1	229.79	172.66	7.4454	17.159
652	22	1	233.87	176.14	8.3003	15.415
653	9	1	19.367	241.26	10.931	16.18
653	18	1	212.73	175.45	6.9031	15.425
653	13	1	219.74	202.48	8.5351	18.375
653	19	1	216.99	173.58	8.1403	15.204
653	20	1	225.68	174.92	8.6873	18.968
653	21	1	231.88	174.09	7.6307	17.27
653	22	1	236.21	177.69	8.3003	15.415
654	9	1	21.611	242.36	10.931	15.375
654	18	1	214.91	176.77	6.9031	15.425
654	13	1	222.27	203.66	8.5351	18.375
654	19	1	219.14	175.12	8.1403	15.204
654	20	1	228.26	176.15	8.6873	18.968
654	21	1	233.97	175.51	7.816	17.381
654	22	1	238.54	179.25	8.3003	15.415
655	9	1	23.16	243.7	10.931	14.24
655	18	1	217.09	178.09	6.9031	15.425
655	13	1	224.12	204.92	8.5351	18.375
655	19	1	221.29	176.65	8.1403	15.204
655	20	1	230.85	177.38	8.6873	18.968
655	21	1	236.06	176.94	8.0012	17.493
655	22	1	240.88	180.81	8.3003	15.415
656	9	1	24.708	245.04	10.931	13.104
656	18	1	219.27	179.42	6.9031	15.425
656	13	1	225.97	206.18	8.5351	18.375
656	19	1	223.43	178.19	8.1403	15.204
656	20	1	232.84	178.62	8.4713	18.968
656	21	1	238.15	178.37	8.1865	17.604
656	22	1	243.22	182.37	8.3003	15.415
657	18	1	221.45	180.74	6.9031	15.425
657	13	1	227.83	207.44	8.5351	18.375
657	19	1	225.58	179.72	8.1403	15.204
657	20	1	234.84	179.86	8.2553	18.968
657	21	1	240.04	179.29	8.1865	17.604
657	22	1	245.19	183.28	8.3003	15.415
658	18	1	223.63	182.07	6.9031	15.425
658	13	1	229.68	208.7	8.5351	18.375
658	19	1	227.73	181.26	8.1403	15.204
658	20	1	236.84	181.1	8.0393	18.968
658	21	1	241.93	180.22	8.1865	17.604
658	22	1	247.15	184.2	8.3003	15.415
659	18	1	225.81	183.39	6.9031	15.425
659	13	1	231.53	209.96	8.5351	18.375
659	19	1	229.88	182.79	8.1403	15.204
659	20	1	238.84	182.35	7.8234	18.968
659	21	1	243.82	181.14	8.1865	17.604
659	22	1	249.12	185.11	8.3003	15.415
660	18	1	228	184.71	6.9031	15.425
660	13	1	233.2	210.29	8.5351	18.375
660	19	1	231.54	183.25	8.1403	15.204
660	20	1	240.83	183.59	7.6074	18.968
660	21	1	245.71	182.07	8.1865	17.604
660	22	1	251.08	186.03	8.3003	15.415
661	18	1	229.69	185.42	6.9031	15.425
661	13	1	234.87	210.63	8.5351	18.375
661	19	1	233.2	183.71	8.1403	15.204
661	20	1	242.57	184.26	7.7074	19.101
661	21	1	247.6	183	8.1865	17.604
661	22	1	253.05	186.94	8.3003	15.415
662	18	1	231.38	186.13	6.9031	15.425
662	13	1	236.53	210.96	8.5351	18.375
662	19	1	234.86	184.17	8.1403	15.204
662	20	1	244.31	184.93	7.8075	19.235
662	21	1	249.42	183.55	8.1865	17.604
662	22	1	254.77	187.43	8.3003	15.415
663	18	1	233.07	186.84	6.9031	15.425
663	13	1	238.2	211.29	8.5351	18.375
663	19	1	236.51	184.63	8.1403	15.204
663	20	1	246.04	185.59	7.9075	19.368
663	21	1	251.23	184.11	8.1865	17.604
663	22	1	256.5	187.91	8.3003	15.415
664	18	1	234.76	187.55	6.9031	15.425
664	13	1	239.87	211.63	8.5351	18.375
664	19	1	238.17	185.09	8.1403	15.204
664	20	1	247.78	186.26	8.0076	19.502
664	21	1	253.05	184.66	8.1865	17.604
664	22	1	258.23	188.39	8.3003	15.415
665	18	1	236.45	188.26	6.9031	15.425
665	13	1	241.72	212.31	8.5351	18.375
665	19	1	240.34	186.02	8.1403	15.204
665	20	1	249.51	186.93	8.1076	19.635
665	21	1	254.87	185.22	8.1865	17.604
665	22	1	259.96	188.87	8.3003	15.415
666	18	1	238.57	188.97	6.9031	15.425
666	13	1	243.57	212.99	8.5351	18.375
666	19	1	242.5	186.94	8.1403	15.204
666	20	1	251.54	187.68	8.1076	19.635
666	21	1	256.68	185.78	8.1865	17.604
666	22	1	261.69	189.36	8.3003	15.415
667	18	1	240.7	189.68	6.9031	15.425
667	13	1	245.43	213.67	8.5351	18.375
667	19	1	244.67	187.86	8.1403	15.204
667	20	1	253.57	188.43	8.1076	19.635
667	21	1	258.53	186.37	8.1865	17.604
667	22	1	263.59	190.08	8.3003	15.415
668	18	1	242.83	190.39	6.9031	15.425
668	13	1	247.28	214.35	8.5351	18.375
668	19	1	246.83	188.78	8.1403	15.204
668	20	1	255.6	189.18	8.1076	19.635
668	21	1	260.39	186.96	8.1865	17.604
668	22	1	265.48	190.81	8.3003	15.415
669	18	1	244.95	191.09	6.9031	15.425
669	13	1	249.13	215.02	8.5351	18.375
669	19	1	248.99	189.7	8.1403	15.204
669	20	1	257.63	189.93	8.1076	19.635
669	21	1	262.24	187.56	8.1865	17.604
669	22	1	267.37	191.53	8.3003	15.415
670	18	1	247.08	191.8	6.9031	15.425
670	13	1	250.98	215.7	8.5351	18.375
670	19	1	250.61	190.08	8.1403	15.204
670	20	1	259.66	190.68	8.1076	19.635
670	21	1	264.09	188.15	8.1865	17.604
670	22	1	269.26	192.25	8.3003	15.415
671	18	1	248.44	192.03	6.9031	15.425
671	13	1	253.02	215.7	8.5351	18.375
671	19	1	252.22	190.47	8.1403	15.204
671	20	1	261.69	191.43	8.1076	19.635
671	21	1	265.95	188.74	8.1865	17.604
671	22	1	271.15	192.98	8.3003	15.415
672	18	1	249.8	192.26	6.9031	15.425
672	13	1	254.32	216.63	8.3499	18.375
672	19	1	253.83	190.85	8.1403	15.204
672	20	1	263.05	191.6	8.1076	19.635
672	21	1	267.51	189	8.1865	17.604
672	22	1	272.56	193.18	8.3003	15.415
673	18	1	251.17	192.48	6.9031	15.425
673	13	1	255.8	216.82	8.3499	18.375
673	19	1	255.44	191.23	8.1403	15.204
673	20	1	264.42	191.77	8.1076	19.635
673	21	1	269.08	189.26	8.1865	17.604
673	22	1	273.97	193.38	8.3003	15.415
674	18	1	252.53	192.71	6.9031	15.425
674	13	1	256.91	216.82	8.3499	18.375
674	19	1	257.05	191.62	8.1403	15.204
674	20	1	265.79	191.93	8.1076	19.635
674	21	1	270.64	189.52	8.1865	17.604
674	22	1	275.37	193.58	8.3003	15.415
675	18	1	253.89	192.94	6.9031	15.425
675	13	1	258.53	217.59	8.7707	19.217
675	19	1	258.67	192	8.1403	15.204
675	20	1	267.15	192.1	8.1076	19.635
675	21	1	272.21	189.78	8.1865	17.604
675	22	1	276.78	193.78	8.3003	15.415
676	18	1	255.26	193.17	6.9031	15.425
676	13	1	259.48	217.17	8.7707	19.217
676	19	1	259.59	192.23	8.1403	15.204
676	20	1	268.52	192.27	8.1076	19.635
676	21	1	273.77	190.03	8.1865	17.604
676	22	1	277.95	193.55	8.3003	15.415
677	18	1	256.3	192.8	7.0394	15.607
677	13	1	260.43	216.75	8.7707	19.217
677	19	1	260.28	192.23	8.1403	15.204
677	20	1	269.7	191.87	8.1076	19.635
677	21	1	274.93	189.9	8.1865	17.604
677	22	1	279.13	193.31	8.3003	15.415
678	18	1	257.35	192.44	7.1757	15.788
678	13	1	261.39	216.32	8.7707	19.217
678	19	1	260.74	191.77	8.1403	15.204
678	20	1	270.87	191.47	8.1076	19.635
678	21	1	276.09	189.76	8.1865	17.604
678	22	1	280.3	193.08	8.3003	15.415
679	18	1	258.39	192.08	7.312	15.97
679	13	1	262.34	215.9	8.7707	19.217
679	19	1	261.98	191.29	8.1403	15.204
679	20	1	272.04	191.06	8.1076	19.635
679	21	1	277.25	189.62	8.1865	17.604
679	22	1	281.48	192.84	8.3003	15.415
680	18	1	259.44	191.71	7.4484	16.152
680	13	1	263.3	215.48	8.7707	19.217
680	19	1	263.21	190.81	8.1403	15.204
680	20	1	273.22	190.66	8.1076	19.635
680	21	1	278.42	189.48	8.1865	17.604
680	22	1	282.65	192.61	8.3003	15.415
681	18	1	260.48	191.35	7.5847	16.334
681	13	1	264.75	214.82	8.7707	19.217
681	19	1	264.45	190.32	8.1403	15.204
681	20	1	274.39	190.26	8.1076	19.635
681	21	1	279.58	189.34	8.1865	17.604
681	22	1	283.82	192.37	8.3003	15.415
682	18	1	261.53	190.98	7.721	16.515
682	13	1	266.21	214.15	8.7707	19.217
682	19	1	265.69	189.84	8.1403	15.204
682	20	1	275.56	189.86	8.1076	19.635
682	21	1	281.07	188.6	8.1865	17.604
682	22	1	285.39	191.81	8.3003	15.415
683	18	1	262.84	190.55	7.721	16.515
683	13	1	267.66	213.48	8.7707	19.217
683	19	1	266.92	189.36	8.1403	15.204
683	20	1	276.74	189.46	8.1076	19.635
683	21	1	282.56	187.85	8.1865	17.604
683	22	1	286.96	191.25	8.3003	15.415
684	18	1	265.03	189.94	7.721	16.515
684	13	1	269.12	212.82	8.7707	19.217
684	19	1	268.85	188.54	8.1403	15.204
684	20	1	277.91	189.06	8.1076	19.635
684	21	1	284.05	187.1	8.1865	17.604
684	22	1	288.53	190.69	8.3003	15.415
685	18	1	267.22	189.33	7.721	16.515
685	13	1	270.57	212.15	8.7707	19.217
685	19	1	270.79	187.73	8.1403	15.204
685	20	1	279.08	188.66	8.1076	19.635
685	21	1	285.55	186.36	8.1865	17.604
685	22	1	290.1	190.12	8.3003	15.415
686	18	1	269.41	188.72	7.721	16.515
686	13	1	272.03	211.48	8.7707	19.217
686	19	1	272.72	186.91	8.1403	15.204
686	20	1	281.26	187.42	8.1076	19.635
686	21	1	287.04	185.61	8.1865	17.604
686	22	1	291.67	189.56	8.3003	15.415
687	18	1	271.6	188.11	7.721	16.515
687	13	1	273.48	210.82	8.7707	19.217
687	19	1	274.65	186.1	8.1403	15.204
687	20	1	284.03	187.76	8.1076	19.635
687	21	1	289.8	185.28	8.1865	17.604
687	22	1	294.46	189.17	8.3003	15.415
688	18	1	273.79	187.5	7.721	16.515
688	13	1	274.94	210.15	8.7707	19.217
688	19	1	276.58	185.28	8.1403	15.204
688	20	1	287.24	187.23	8.1076	19.635
688	21	1	292.57	184.95	8.1865	17.604
688	22	1	297.26	188.79	8.3003	15.415
689	18	1	275.98	186.9	7.721	16.515
689	13	1	278.08	209.42	8.7707	19.217
689	19	1	280.02	184.84	8.1403	15.204
689	20	1	290.46	186.69	8.1076	19.635
689	21	1	295.33	184.62	8.1865	17.604
689	22	1	300.05	188.41	8.3003	15.415
690	18	1	279.52	186.12	7.721	16.515
690	13	1	281.22	208.69	8.7707	19.217
690	19	1	283.46	184.4	8.1403	15.204
690	20	1	293.67	186.16	8.1076	19.635
690	21	1	298.1	184.29	8.1865	17.604
690	22	1	302.85	188.02	8.3003	15.415
691	18	1	283.06	185.35	7.721	16.515
691	13	1	284.37	207.96	8.7707	19.217
691	19	1	286.9	183.95	8.1403	15.204
691	20	1	296.88	185.62	8.1076	19.635
691	21	1	300.86	183.95	8.1865	17.604
691	22	1	305.64	187.64	8.3003	15.415
692	18	1	286.61	184.58	7.721	16.515
692	13	1	287.51	207.23	8.7707	19.217
692	19	1	290.33	183.51	8.1403	15.204
692	20	1	300.09	185.09	8.1076	19.635
692	21	1	304.58	183.07	8.159	17.852
692	22	1	309.59	186.73	8.3003	15.415
693	18	1	290.15	183.81	7.721	16.515
693	13	1	290.65	206.5	8.7707	19.217
693	19	1	293.77	183.06	8.1403	15.204
693	20	1	303.31	184.55	8.1076	19.635
693	21	1	308.3	182.19	8.1314	18.1
693	22	1	313.54	185.82	8.3003	15.415
694	18	1	293.7	183.03	7.721	16.515
694	13	1	294.73	205.5	8.7707	18.985
694	19	1	297.6	182.14	8.1403	15.204
694	20	1	307.1	183.43	8.1076	19.635
694	21	1	312.02	181.31	8.1039	18.348
694	22	1	317.49	184.91	8.3003	15.415
695	18	1	297.24	182.26	7.721	16.515
695	13	1	298.81	204.49	8.7707	18.752
695	19	1	301.42	181.22	8.1403	15.204
695	20	1	310.9	182.31	8.1076	19.635
695	21	1	315.74	180.43	8.0763	18.596
695	22	1	321.43	184	8.3003	15.415
696	18	1	301.24	181.49	7.721	16.515
696	13	1	302.88	203.49	8.7707	18.52
696	19	1	305.24	180.3	8.1403	15.204
696	20	1	314.7	181.19	8.1076	19.635
696	21	1	319.46	179.54	8.0487	18.844
696	22	1	325.38	183.1	8.3003	15.415
697	18	1	305.23	180.73	7.721	16.515
697	13	1	306.96	202.48	8.7707	18.288
697	19	1	309.07	179.39	8.1403	15.204
697	20	1	318.5	180.07	8.1076	19.635
697	21	1	323.61	178.58	8.0487	18.844
697	22	1	328.88	182.4	8.3003	15.415
698	10	1	102.05	239.74	12.652	17.408
698	18	1	309.23	179.96	7.721	16.515
698	13	1	311.04	201.47	8.7707	18.056
698	19	1	312.89	178.47	8.1403	15.204
698	20	1	322.3	178.95	8.1076	19.635
698	21	1	327.77	177.61	8.0487	18.844
699	10	1	106.52	238.7	12.652	18.354
699	18	1	313.22	179.19	7.721	16.515
699	13	1	315.12	200.47	8.7707	17.823
699	19	1	317.52	177.58	8.1403	15.204
699	20	1	326.09	177.82	8.1076	19.635
700	10	1	110.99	237.67	12.652	19.3
700	18	1	317.99	178.16	7.721	16.515
700	13	1	319.19	199.46	8.7707	17.591
700	19	1	322.14	176.7	8.1403	15.204
700	20	1	330	177.82	8.1076	19.635
701	10	1	115.81	236.47	12.652	20.333
701	18	1	322.75	177.13	7.721	16.515
701	13	1	323.27	198.45	8.7707	17.359
701	19	1	326.76	175.82	8.1403	15.204
702	10	1	120.11	235.26	12.652	21.709
702	18	1	327.52	176.1	7.721	16.515
702	13	1	327.61	198.25	8.7707	17.359
703	10	1	126.13	233.72	12.652	21.709
704	10	1	131.61	232.64	12.652	21.709
705	10	1	137.09	231.57	12.652	21.709
706	10	1	141.71	230	12.652	21.709
707	10	1	146.33	228.43	12.652	21.709
708	10	1	150.95	226.85	12.652	21.709
709	10	1	155.58	225.28	12.652	21.709
710	10	1	160.2	223.71	12.652	21.709
711	10	1	163.87	221.35	12.35	21.759
712	10	1	167.54	218.98	12.048	21.81
713	10	1	171.21	216.62	11.746	21.86
714	10	1	174.88	214.26	11.445	21.91
715	10	1	178.55	211.89	11.143	21.96
716	10	1	181.62	210.08	11.143	21.96
717	10	1	184.69	208.27	11.143	21.96
718	10	1	187.76	206.46	11.143	21.96
719	10	1	190.82	204.65	11.143	21.96
720	10	1	193.89	202.84	11.143	21.96
721	10	1	197.21	202.49	11.143	21.96
722	10	1	200.53	202.14	11.143	21.96
723	10	1	203.85	201.78	11.143	21.96
724	10	1	207.17	201.43	11.143	21.96
725	10	1	210.49	201.08	11.143	21.96
725	11	1	-0.068646	221.9	9.0838	21.995
