1	2	1	132.22	152.82	30.016	74.743
1	1	1	46.608	198	32.349	58.888
1	3	1	151.5	151.18	26.021	77.561
1	4	1	71.118	178.8	28.376	74.165
1	5	1	273.62	182.67	29.666	74.165
1	6	1	280.71	153.01	29.666	59.977
1	7	1	266.53	147.85	27.086	61.912
1	8	1	81.437	190.41	29.666	66.426
2	2	1	141.48	147.19	31.892	74.618
2	1	1	56.109	191.2	33.467	62.521
2	3	1	161.71	143.57	26.021	77.561
2	4	1	81.275	173.16	28.376	74.165
2	5	1	281.68	177.84	30.311	74.488
2	6	1	289.74	145.27	29.666	59.977
2	7	1	276.52	143.17	27.086	61.912
2	8	1	92.723	184.77	29.505	71.102
3	2	1	150.73	141.56	33.769	74.493
3	1	1	65.61	184.4	34.585	66.154
3	3	1	171.92	135.97	26.021	77.561
3	4	1	91.433	167.52	28.376	74.165
3	5	1	289.74	173	30.956	74.81
3	6	1	302	137.53	29.666	59.977
3	7	1	286.52	138.5	27.086	61.912
3	8	1	104.01	179.13	29.344	75.777
4	2	1	159.99	135.93	35.645	74.368
4	1	1	75.111	177.6	35.702	69.787
4	3	1	181.29	134.2	26.021	77.561
4	4	1	101.59	161.87	28.376	74.165
4	5	1	297.81	168.16	31.601	75.132
4	6	1	310.38	135.59	29.666	59.977
4	7	1	296.52	133.82	27.086	61.912
4	8	1	115.29	173.48	29.182	80.453
5	2	1	169.25	130.31	37.522	74.243
5	1	1	82.377	177.88	35.144	70.136
5	3	1	190.66	132.43	26.021	77.561
5	4	1	111.75	156.23	28.376	74.165
5	5	1	305.87	163.33	32.246	75.455
5	7	1	306.51	129.14	27.086	61.912
5	8	1	126.58	167.84	29.021	85.129
5	17	1	1.9588	113.07	27.135	44.538
6	2	1	174.63	130.43	37.021	74.243
6	1	1	89.642	178.16	34.585	70.485
6	3	1	200.04	130.66	26.021	77.561
6	4	1	117.23	156.23	28.376	74.165
6	8	1	131.74	167.84	29.021	85.129
6	9	1	156.25	222.66	44.499	35.47
6	17	1	9.8992	113.86	24.62	43.082
7	2	1	180.01	130.56	36.521	74.243
7	1	1	96.908	178.44	34.026	70.834
7	3	1	205.29	130.91	26.021	77.561
7	4	1	122.71	156.23	28.376	74.165
7	8	1	136.9	167.84	29.021	85.129
7	9	1	161.41	221.21	43.532	36.921
7	17	1	17.84	114.65	22.106	41.626
7	10	1	114.33	220.72	43.854	36.115
8	2	1	185.39	130.68	36.02	74.243
8	1	1	104.17	178.72	33.467	71.184
8	3	1	210.55	131.16	26.021	77.561
8	4	1	128.19	156.23	28.376	74.165
8	8	1	142.06	167.84	29.021	85.129
8	9	1	166.57	219.76	42.564	38.372
8	17	1	25.78	115.45	19.592	40.17
8	10	1	118.2	218.3	42.887	38.695
9	2	1	190.76	130.81	35.52	74.243
9	1	1	105.43	175.78	33.607	74.258
9	3	1	215.05	131.66	26.021	77.561
9	4	1	133.67	156.23	28.376	74.165
9	8	1	147.22	167.84	29.021	85.129
9	9	1	171.72	218.3	41.597	39.823
9	17	1	33.72	116.24	17.077	38.715
9	10	1	122.07	215.89	41.919	41.274
10	2	1	190.89	127.93	35.52	74.243
10	1	1	106.69	172.85	33.746	77.331
10	3	1	215.42	128.41	26.021	77.561
10	4	1	134.71	152.75	28.118	73.907
10	8	1	147.86	164.78	29.021	85.129
10	9	1	176.88	216.85	40.63	41.274
10	17	1	33.932	112.06	18.877	38.715
10	10	1	125.94	213.47	40.952	43.854
11	2	1	191.02	125.05	35.52	74.243
11	1	1	107.95	169.92	33.886	80.405
11	3	1	215.8	125.16	26.021	77.561
11	4	1	135.74	149.27	27.86	73.649
11	8	1	148.51	161.71	29.021	85.129
11	9	1	178.17	211.53	41.274	46.595
11	17	1	34.144	107.88	20.677	38.715
11	10	1	129.81	211.05	39.985	46.434
12	2	1	191.14	122.17	35.52	74.243
12	1	1	109.2	166.98	34.026	83.479
12	3	1	216.18	121.91	26.021	77.561
12	4	1	136.77	145.78	27.602	73.391
12	8	1	149.15	158.65	29.021	85.129
12	9	1	179.46	206.21	41.919	51.916
12	17	1	34.355	103.7	22.477	38.715
12	10	1	131.74	204.76	40.63	52.56
13	2	1	191.27	119.3	35.52	74.243
13	1	1	109.76	161.73	34.473	83.926
13	3	1	216.55	118.65	26.021	77.561
13	4	1	137.8	142.3	27.344	73.133
13	8	1	149.8	155.59	29.021	85.129
13	9	1	180.75	200.89	42.564	57.236
13	17	1	34.567	99.515	24.276	38.715
13	10	1	133.67	198.47	41.274	58.687
14	2	1	191.77	114.04	35.52	74.243
14	1	1	110.32	156.47	34.92	84.373
14	3	1	217.65	113.15	26.021	77.561
14	4	1	138.83	138.82	27.086	72.875
14	8	1	150.12	150.43	29.021	85.129
14	9	1	182.04	195.57	43.209	62.557
14	17	1	34.779	95.333	26.076	38.715
14	10	1	135.61	192.19	41.919	64.814
15	2	1	192.27	108.79	35.52	74.243
15	1	1	110.88	151.22	35.367	84.821
15	3	1	218.75	107.64	26.021	77.561
15	4	1	139.64	133.01	27.086	72.875
15	8	1	150.44	145.27	29.021	85.129
15	12	1	30.488	222.01	32.891	36.76
15	9	1	184.78	189.12	43.209	68.683
15	17	1	35.735	90.076	26.395	38.715
15	10	1	137.54	185.9	42.564	70.94
16	2	1	192.77	103.53	35.52	74.243
16	1	1	111.44	145.97	35.814	85.268
16	3	1	219.85	102.14	26.021	77.561
16	4	1	140.45	127.21	27.086	72.875
16	8	1	150.76	140.11	29.021	85.129
16	12	1	30.166	217.5	34.664	41.113
16	9	1	187.52	182.67	43.209	74.81
16	17	1	36.691	84.818	26.713	38.715
16	10	1	140.12	179.58	41.919	76.616
17	2	1	193.27	98.28	35.52	74.243
17	1	1	112	140.71	36.261	85.715
17	3	1	220.95	96.635	26.021	77.561
17	4	1	141.25	121.41	27.086	72.875
17	8	1	151.09	134.95	29.021	85.129
17	12	1	29.844	212.98	36.438	45.466
17	9	1	190.27	176.22	43.209	80.937
17	17	1	37.647	79.561	27.032	38.715
17	10	1	142.7	173.26	41.274	82.291
18	2	1	193.27	94.277	35.52	74.868
18	1	1	112.71	137.07	36.571	85.248
18	3	1	222.06	91.131	26.021	77.561
18	4	1	142.06	115.6	27.086	72.875
18	8	1	151.41	130.43	29.021	85.129
18	12	1	29.521	208.47	38.211	49.82
18	9	1	193.01	169.77	43.209	87.063
18	17	1	38.603	74.303	27.351	38.715
18	10	1	145.28	166.94	40.63	87.966
19	2	1	193.27	90.274	35.52	75.494
19	1	1	113.43	133.42	36.881	84.782
19	3	1	221.68	88.129	26.021	77.937
19	4	1	141.9	113.02	27.086	72.875
19	8	1	151.73	125.92	29.021	85.129
19	11	1	110.46	227.17	47.724	30.311
19	12	1	29.199	203.95	39.985	54.173
19	9	1	193.49	166.71	43.532	87.063
19	17	1	39.559	69.046	27.669	38.715
19	10	1	147.86	160.62	39.985	93.641
20	2	1	193.27	86.271	35.52	76.119
20	1	1	114.14	129.77	37.19	84.316
20	3	1	221.3	85.126	26.021	78.312
20	4	1	141.74	110.44	27.086	72.875
20	8	1	152.05	121.41	29.021	85.129
20	11	1	111.75	222.33	47.724	35.148
20	12	1	27.135	204.86	39.082	54.173
20	9	1	193.97	163.65	43.854	87.063
20	17	1	39.094	68.78	27.669	38.715
20	10	1	150.44	154.3	39.34	99.317
21	2	1	193.27	82.268	35.52	76.745
21	1	1	114.86	126.12	37.5	83.849
21	3	1	220.93	82.124	26.021	78.687
21	4	1	141.57	107.86	27.086	72.875
21	8	1	152.38	116.89	29.021	85.129
21	11	1	113.04	217.5	47.724	39.985
21	12	1	25.071	205.76	38.179	54.173
21	9	1	194.46	160.58	44.177	87.063
21	17	1	38.629	68.515	27.669	38.715
21	10	1	149.8	154.68	39.469	99.059
22	2	1	191.14	83.143	35.52	76.745
22	1	1	112.87	127.24	37.999	84.223
22	3	1	220.55	79.122	26.021	79.063
22	4	1	141.41	105.28	27.086	72.875
22	8	1	150.44	118.5	29.021	85.129
22	11	1	113.04	216.85	47.724	40.63
22	12	1	23.007	206.66	37.276	54.173
22	9	1	194.94	157.52	44.499	87.063
22	17	1	38.164	68.249	27.669	38.715
22	10	1	149.15	155.07	39.598	98.801
23	2	1	189.01	84.019	35.52	76.745
23	1	1	110.87	128.37	38.497	84.597
23	3	1	218.05	79.497	26.021	79.063
23	4	1	139.8	106.41	27.086	72.875
23	8	1	148.51	120.12	29.021	85.129
23	11	1	112.39	216.85	47.724	40.63
23	12	1	20.944	207.57	36.373	54.173
23	9	1	193.81	158.17	44.499	87.063
23	17	1	37.7	67.984	27.669	38.715
23	10	1	148.51	155.46	39.727	98.543
24	2	1	186.89	84.895	35.52	76.745
24	1	1	108.88	129.49	38.995	84.971
24	3	1	215.55	79.872	26.021	79.063
24	4	1	138.19	107.54	27.086	72.875
24	8	1	146.57	121.73	29.021	85.129
24	11	1	110.46	217.5	47.724	39.985
24	12	1	18.88	208.47	35.47	54.173
24	9	1	192.68	158.81	44.499	87.063
24	17	1	34.513	66.612	27.448	38.759
24	10	1	147.86	155.84	39.856	98.285
25	2	1	184.76	85.77	35.52	76.745
25	1	1	106.89	130.61	39.494	85.345
25	3	1	213.05	80.247	26.021	79.063
25	4	1	136.58	108.67	27.086	72.875
25	8	1	144.64	123.34	29.021	85.129
25	11	1	110.46	214.92	47.724	42.564
25	12	1	13.936	207.39	36.975	54.173
25	9	1	191.56	159.46	44.499	87.063
25	17	1	31.327	65.24	27.227	38.803
25	10	1	147.22	156.23	39.985	98.027
26	2	1	180.01	83.519	36.271	76.745
26	1	1	102.9	128.24	39.618	85.345
26	3	1	210.55	80.623	26.021	79.063
26	4	1	134.96	109.8	27.086	72.875
26	8	1	140.93	120.6	29.021	85.129
26	11	1	110.46	212.34	47.724	45.144
26	12	1	8.9914	206.32	38.48	54.173
26	9	1	190.43	160.1	44.499	87.063
26	17	1	28.141	63.868	27.006	38.847
26	10	1	144.3	153.19	39.893	98.764
27	2	1	175.25	81.267	37.021	76.745
27	1	1	98.911	125.87	39.743	85.345
27	3	1	206.67	78.621	26.021	79.063
27	4	1	131.74	107.35	27.086	72.875
27	8	1	137.22	117.86	29.021	85.129
27	11	1	106.91	209.44	48.691	48.369
27	12	1	4.047	205.24	39.985	54.173
27	9	1	187.2	156.71	43.209	88.192
27	17	1	24.954	62.496	26.784	38.892
27	10	1	141.38	150.15	39.8	99.501
28	2	1	170.5	79.015	37.772	76.745
28	1	1	94.924	123.51	39.868	85.345
28	3	1	202.79	76.62	26.021	79.063
28	4	1	128.52	104.9	27.086	72.875
28	8	1	133.51	115.12	29.021	85.129
28	11	1	103.36	206.53	49.658	51.593
28	12	1	2.596	204.12	38.372	54.495
28	9	1	183.98	153.33	41.919	89.321
28	17	1	21.768	61.124	26.563	38.936
28	10	1	138.47	147.11	39.708	100.24
29	2	1	165.75	76.763	38.522	76.745
29	1	1	90.936	121.14	39.992	85.345
29	3	1	198.91	74.618	26.021	79.063
29	4	1	125.29	102.45	27.086	72.875
29	8	1	129.81	112.38	29.021	85.129
29	11	1	103.04	202.02	49.013	56.107
29	12	1	1.1449	202.99	36.76	54.818
29	9	1	180.75	149.94	40.63	90.449
29	15	1	307.16	174.29	32.246	49.013
29	17	1	18.582	59.752	26.342	38.98
29	10	1	137.43	144.07	39.616	100.98
30	2	1	164.37	75.012	39.023	76.62
30	1	1	91.124	119.35	39.71	85.345
30	3	1	195.03	72.616	26.021	79.063
30	4	1	122.07	99.995	27.086	72.875
30	8	1	130.58	111.6	29.021	85.129
30	11	1	102.72	197.51	48.369	60.622
30	12	1	-0.30614	201.86	35.148	55.14
30	9	1	180.11	146.56	39.34	91.578
30	15	1	307	172.52	32.246	49.013
30	17	1	17.747	57.936	27.176	38.98
30	10	1	136.39	141.03	39.524	101.71
31	2	1	162.99	73.26	39.523	76.495
31	1	1	91.312	117.57	39.428	85.345
31	3	1	196.28	71.49	26.646	79.313
31	4	1	118.84	97.544	27.086	72.875
31	8	1	131.35	110.83	29.021	85.129
31	11	1	102.4	192.99	47.724	65.136
31	12	1	-1.7572	200.73	33.536	55.463
31	9	1	182.69	143.82	39.34	91.578
31	15	1	306.83	170.74	32.246	49.013
31	17	1	16.912	56.119	28.011	38.98
31	13	1	171.72	227.17	41.274	30.311
31	10	1	135.36	137.99	39.432	102.45
32	2	1	161.62	71.509	40.023	76.369
32	1	1	91.501	115.78	39.146	85.345
32	3	1	197.54	70.365	27.272	79.563
32	4	1	120.65	95.48	27.086	72.875
32	8	1	132.13	110.06	29.021	85.129
32	11	1	102.07	188.48	47.079	69.651
32	12	1	-1.6651	198.89	32.891	55.186
32	9	1	185.27	141.08	39.34	91.578
32	15	1	306.67	168.97	32.246	49.013
32	17	1	16.078	54.303	28.845	38.98
32	13	1	173.27	225.24	42.564	32.246
32	10	1	134.32	134.95	39.34	103.19
33	2	1	160.24	69.758	40.524	76.244
33	1	1	91.689	113.99	38.864	85.345
33	3	1	198.79	69.239	27.897	79.813
33	4	1	122.45	93.417	27.086	72.875
33	8	1	132.9	109.28	29.021	85.129
33	11	1	106.07	186.03	46.821	72.746
33	12	1	-1.5729	197.05	32.246	54.91
33	9	1	187.85	138.33	39.34	91.578
33	15	1	306.51	167.19	32.246	49.013
33	17	1	15.243	52.486	29.68	38.98
33	13	1	174.82	223.3	43.854	34.18
33	10	1	139.16	132.15	38.91	103.62
34	2	1	162.62	67.506	38.898	75.869
34	1	1	94.133	111.64	38.676	85.251
34	3	1	200.04	68.113	28.523	80.063
34	4	1	124.26	91.353	27.086	72.875
34	8	1	133.67	108.51	29.021	85.129
34	11	1	110.07	183.58	46.563	75.842
34	12	1	-1.4808	195.2	31.601	54.633
34	9	1	190.43	135.59	39.34	91.578
34	15	1	308.45	165.05	32.246	49.013
34	17	1	17.419	49.52	29.35	39.31
34	13	1	176.37	221.37	45.144	36.115
34	10	1	143.99	129.36	38.48	104.05
35	2	1	164.99	65.254	37.271	75.494
35	1	1	96.578	109.29	38.488	85.157
35	3	1	200.79	64.4	29.099	79.898
35	4	1	126.06	89.289	27.086	72.875
35	8	1	134.96	104.51	29.021	85.129
35	11	1	114.07	181.12	46.305	78.937
35	12	1	-1.3887	193.36	30.956	54.357
35	9	1	193.01	130.92	39.179	94.964
35	15	1	310.38	162.9	32.246	49.013
35	17	1	19.594	46.553	29.021	39.639
35	13	1	177.92	219.43	46.434	38.05
35	10	1	148.83	126.57	38.05	104.48
36	2	1	167.37	63.002	35.645	75.118
36	1	1	99.023	106.94	38.3	85.062
36	3	1	201.54	60.687	29.675	79.733
36	4	1	127.87	87.226	27.086	72.875
36	8	1	136.25	100.51	29.021	85.129
36	11	1	118.07	178.67	46.047	82.033
36	12	1	-1.2965	191.52	30.311	54.081
36	9	1	195.59	126.24	39.017	98.349
36	15	1	312.32	160.75	32.246	49.013
36	17	1	21.769	43.587	28.691	39.969
36	13	1	179.46	217.5	47.724	39.985
36	10	1	153.67	123.77	37.62	104.91
37	2	1	169.75	60.75	34.019	74.743
37	1	1	101.47	104.59	38.112	84.968
37	3	1	202.29	56.975	30.252	79.567
37	4	1	128.03	82.872	27.086	72.875
37	8	1	137.54	96.512	29.021	85.129
37	11	1	122.07	176.22	45.789	85.129
37	12	1	-1.2044	189.67	29.666	53.804
37	9	1	198.17	121.57	38.856	95.931
37	15	1	312.96	156.23	32.246	49.013
37	17	1	23.945	40.621	28.362	40.299
37	13	1	178.07	213.09	48.046	41.704
37	10	1	153.67	118.07	37.19	105.34
38	2	1	168.25	56.944	32.768	74.046
38	1	1	99.77	99.821	37.788	85.049
38	3	1	203.04	53.262	30.828	79.402
38	4	1	128.19	78.519	27.086	72.875
38	8	1	138.83	92.514	29.021	85.129
38	11	1	122.71	169.94	44.177	88.998
38	12	1	-1.1123	187.83	29.021	53.528
38	9	1	200.75	116.89	38.695	93.512
38	15	1	313.61	151.72	32.246	49.013
38	17	1	26.12	37.654	28.032	40.628
38	13	1	176.67	208.68	48.369	43.424
38	10	1	153.67	112.38	36.76	105.77
39	2	1	170.3	51.649	30.762	74.838
39	1	1	98.073	95.052	37.465	85.13
39	3	1	200.78	49.071	32.768	78.432
39	4	1	128.35	74.166	27.086	72.875
39	8	1	140.12	88.515	29.021	85.129
39	11	1	123.36	163.65	42.564	92.868
39	9	1	198.97	111.89	37.566	94.157
39	15	1	311.35	148.33	32.246	49.013
39	16	1	72.191	213.28	48.566	43.627
39	17	1	23.615	33.765	27.966	40.233
39	13	1	175.27	204.28	48.691	45.144
39	10	1	151.6	107.48	36.76	103.7
39	18	1	-0.24598	217.4	39.511	39.511
40	2	1	167.02	46.353	30.211	75.63
40	1	1	96.376	90.283	37.142	85.211
40	3	1	196.26	45.166	34.206	78.535
40	4	1	128.52	69.813	27.086	72.875
40	8	1	136.74	83.84	29.021	85.129
40	11	1	124	157.36	40.952	96.737
40	9	1	197.2	106.9	36.438	94.802
40	15	1	309.09	144.95	32.246	49.013
40	16	1	69.338	208.35	49.554	48.566
40	17	1	21.11	29.876	27.9	39.837
40	13	1	173.87	199.87	49.013	46.864
40	10	1	149.54	102.57	36.76	101.64
40	18	1	-1.8923	212.46	40.334	46.92
41	2	1	163.74	41.058	29.66	76.421
41	1	1	94.678	85.514	36.818	85.292
41	3	1	191.74	41.261	35.645	78.638
41	4	1	125.94	65.943	27.086	72.875
41	8	1	133.35	79.164	29.021	85.129
41	11	1	124.65	151.07	39.34	100.61
41	9	1	195.43	101.9	35.309	95.447
41	15	1	306.83	141.56	32.246	49.013
41	16	1	66.484	203.41	50.541	53.505
41	17	1	18.605	25.986	27.834	39.442
41	13	1	172.48	195.46	49.336	48.583
41	10	1	147.48	97.673	36.76	99.575
41	18	1	-1.0691	207.52	36.219	51.035
42	2	1	162.49	39.643	29.535	74.584
42	1	1	92.954	82.281	36.926	84.753
42	3	1	187.21	37.356	37.084	78.74
42	4	1	123.36	62.074	27.086	72.875
42	8	1	129.97	74.488	29.021	85.129
42	11	1	124.09	147.46	40.501	99.059
42	9	1	193.65	96.899	34.18	96.092
42	15	1	304.58	138.17	32.246	49.013
42	16	1	63.631	198.47	51.529	58.444
42	17	1	16.1	22.097	27.768	39.046
42	13	1	171.08	191.06	49.658	50.303
42	10	1	145.41	92.772	36.76	97.511
42	18	1	-1.0691	204.23	35.395	53.505
43	2	1	157.37	35.004	29.195	74.681
43	1	1	91.23	79.048	37.034	84.214
43	3	1	182.69	33.451	38.522	78.843
43	4	1	120.78	58.204	27.086	72.875
43	8	1	126.58	69.813	29.021	85.129
43	11	1	123.53	143.85	41.661	97.511
43	9	1	195.26	92.224	34.342	96.737
43	15	1	303.93	133.01	33.536	49.013
43	16	1	61.737	193.53	52.517	63.383
43	17	1	13.595	18.208	27.702	38.65
43	14	1	127.23	223.3	41.919	34.825
43	13	1	171.47	186.03	49.658	50.303
43	10	1	143.35	87.87	36.76	95.447
43	18	1	-1.0691	201.76	35.395	56.797
44	2	1	155.48	32.621	31.434	74.455
44	1	1	89.505	75.815	37.142	83.675
44	3	1	183.82	28.21	38.522	78.843
44	4	1	118.2	54.335	27.086	72.875
44	8	1	127.55	64.976	29.021	85.129
44	11	1	122.97	140.24	42.822	95.963
44	9	1	196.88	87.548	34.503	97.382
44	15	1	303.29	127.86	34.825	49.013
44	16	1	64.783	188.59	53.505	68.322
44	17	1	14.409	14.586	27.377	36.982
44	14	1	128.52	217.11	42.693	40.759
44	13	1	171.85	181	49.658	50.303
44	10	1	146.9	82.905	37.018	95.447
44	18	1	-1.0691	196.49	35.56	56.962
45	2	1	158.09	29.594	29.159	74.875
45	1	1	90.396	69.36	37.142	83.675
45	3	1	184.95	22.97	38.522	78.843
45	4	1	119.27	48.961	27.086	72.875
45	8	1	128.52	60.139	29.021	85.129
45	11	1	126.71	135.01	43.983	94.415
45	9	1	198.49	82.872	34.664	98.027
45	15	1	305.22	123.34	34.825	49.013
45	16	1	68.899	186.12	53.505	70.791
45	17	1	15.223	10.964	27.051	35.313
45	14	1	129.81	210.92	43.467	46.692
45	13	1	172.24	175.97	49.658	50.303
45	10	1	150.44	77.939	37.276	95.447
45	18	1	-1.0691	191.22	35.725	57.127
46	2	1	157.45	25.08	29.804	79.389
46	1	1	91.286	62.905	37.142	83.675
46	3	1	186.08	17.729	38.522	78.843
46	4	1	120.35	43.586	27.086	72.875
46	8	1	129.48	55.302	29.021	85.129
46	11	1	130.45	129.79	45.144	92.868
46	9	1	200.1	78.197	34.825	98.672
46	15	1	304.9	116.25	34.825	49.013
46	16	1	69.928	176.65	52.887	76.141
46	17	1	16.037	7.3415	26.726	33.645
46	14	1	131.1	204.73	44.241	52.625
46	13	1	172.63	170.94	49.658	50.303
46	10	1	152.38	70.286	37.534	95.447
46	18	1	-1.0691	185.96	35.889	57.291
47	2	1	158.09	15.406	29.804	79.389
47	1	1	92.176	56.451	37.142	83.675
47	3	1	187.21	12.488	38.522	78.843
47	4	1	121.42	38.212	27.086	72.875
47	8	1	130.45	50.465	29.021	85.129
47	11	1	132.28	120.01	45.251	93.298
47	9	1	201.07	69.168	33.052	98.672
47	15	1	304.58	109.15	34.825	49.013
47	16	1	70.957	167.19	52.27	81.492
47	17	1	16.851	3.7195	26.4	31.976
47	14	1	132.38	198.54	45.015	58.558
47	13	1	173.01	165.9	49.658	50.303
47	10	1	154.31	62.633	37.792	95.447
47	18	1	-1.0691	180.69	36.054	57.456
47	20	1	54.905	211.64	54.328	45.273
48	2	1	158.74	7.0221	29.804	76.165
48	1	1	93.067	49.996	37.142	83.675
48	3	1	185.57	4.6784	38.522	78.843
48	4	1	119.97	31.279	27.086	72.875
48	8	1	129	43.533	29.021	85.129
48	11	1	134.1	110.23	45.359	93.727
48	9	1	202.04	60.139	31.278	98.672
48	15	1	306.19	102.06	34.825	49.013
48	16	1	71.986	157.72	51.653	86.842
48	17	1	17.665	0.097473	26.075	30.308
48	14	1	133.67	192.35	45.789	64.491
48	13	1	173.6	158.48	49.142	50.045
48	10	1	156.25	54.98	38.05	95.447
48	18	1	-1.0691	175.42	36.219	57.621
48	20	1	56.385	204.06	51.528	53.422
49	2	1	158.09	-0.071918	29.804	76.165
49	1	1	90.989	43.764	37.964	83.675
49	3	1	188.04	-0.66511	38.522	78.843
49	4	1	118.52	24.346	27.086	72.875
49	8	1	127.55	36.6	29.021	85.129
49	11	1	135.93	100.45	45.466	94.157
49	9	1	203	51.11	29.505	98.672
49	15	1	307.8	94.964	34.825	49.013
49	16	1	73.014	148.26	51.035	92.193
49	14	1	135.07	187.15	45.789	64.491
49	13	1	174.18	151.05	48.626	49.787
49	10	1	157.05	47.321	39.598	94.415
49	18	1	-0.24598	168.01	36.219	57.621
49	20	1	57.864	196.48	48.728	61.571
50	2	1	158.09	-0.071918	29.804	72.295
50	1	1	88.912	37.531	38.786	83.675
50	3	1	187.63	-1.4872	38.522	71.445
50	4	1	117.07	17.414	27.086	72.875
50	8	1	126.1	29.667	29.021	85.129
50	11	1	130.88	93.245	46.434	94.587
50	9	1	203.97	42.082	27.731	98.672
50	15	1	303.93	89.16	34.825	49.013
50	16	1	68.734	143.15	50.541	92.028
50	14	1	130.53	183.94	45.789	64.491
50	13	1	169.28	145.69	48.111	49.529
50	10	1	153.3	42.141	41.145	93.383
50	18	1	-1.8923	160.6	37.865	58.444
50	20	1	55.247	186.85	50.026	69.72
51	2	1	151	-3.9414	30.449	64.556
51	1	1	86.834	31.299	37.142	83.675
51	3	1	180.64	-3.1313	38.522	67.745
51	4	1	115.62	10.481	27.086	72.875
51	8	1	124.65	22.734	29.021	85.129
51	11	1	125.83	86.043	47.401	95.017
51	9	1	200.1	38.696	26.603	98.672
51	15	1	300.06	83.356	34.825	49.013
51	16	1	64.454	138.05	50.048	91.864
51	14	1	126	180.72	45.789	64.491
51	13	1	164.37	140.32	47.595	49.271
51	10	1	149.55	36.962	42.693	92.352
51	20	1	49.101	180.29	48.592	77.3
52	2	1	147.13	-3.9414	30.449	62.514
52	1	1	83.371	28.661	37.142	83.675
52	3	1	172.83	-4.7755	37.7	64.868
52	4	1	111.91	7.9012	27.086	72.875
52	8	1	121.88	20.339	29.021	85.129
52	11	1	120.78	78.842	48.369	95.447
52	9	1	196.23	35.31	25.474	98.672
52	15	1	292.32	80.131	34.825	49.013
52	16	1	60.173	132.95	49.554	91.699
52	14	1	121.46	177.5	45.789	64.491
52	13	1	159.47	134.95	47.079	49.013
52	10	1	145.81	31.783	44.241	91.32
52	20	1	42.955	173.74	47.158	84.88
53	2	1	143.26	-3.9414	30.449	60.472
53	1	1	79.908	26.022	37.142	83.675
53	3	1	170.57	-6.1114	36.262	63.943
53	4	1	108.2	5.3215	27.086	72.875
53	8	1	119.12	17.943	29.021	85.129
53	11	1	120	76.649	48.111	95.705
53	9	1	192.36	31.924	24.345	98.672
53	15	1	290.39	78.197	34.825	49.013
53	16	1	55.893	127.84	49.06	91.534
53	14	1	116.93	174.28	45.789	64.491
53	13	1	157.38	132.85	46.273	48.852
53	10	1	142.06	26.604	45.789	90.288
53	20	1	40.565	171.01	47.841	87.27
53	24	1	182.69	228.46	58.687	29.666
54	2	1	139.39	-3.9414	30.449	58.43
54	1	1	76.445	23.384	37.142	83.675
54	3	1	168.31	-7.4473	34.823	63.018
54	4	1	104.49	2.7418	27.086	72.875
54	8	1	116.35	15.548	29.021	85.129
54	11	1	119.23	74.456	47.853	95.963
54	9	1	188.49	28.538	23.217	98.672
54	15	1	288.29	75.94	34.825	49.013
54	16	1	51.613	122.74	48.566	91.37
54	14	1	112.39	171.06	45.789	64.491
54	13	1	155.28	130.76	45.466	48.691
54	10	1	142.22	24.346	44.338	89.804
54	20	1	38.175	168.28	48.524	89.66
54	24	1	181.83	226.74	57.397	31.171
55	2	1	135.52	-3.9414	30.449	56.387
55	1	1	72.983	20.745	37.142	83.675
55	3	1	166.05	-8.7831	33.384	62.093
55	4	1	100.78	0.16219	27.086	72.875
55	8	1	113.59	13.153	29.021	85.129
55	11	1	118.45	72.264	47.595	96.221
55	15	1	286.2	73.682	34.825	49.013
55	16	1	50.584	119.24	47.949	92.399
55	14	1	111	168.05	45.789	64.491
55	13	1	153.18	128.66	44.66	48.53
55	10	1	142.38	22.089	42.887	89.321
55	20	1	37.492	164.86	49.206	92.904
55	21	1	-1.0691	211.64	50.212	50.212
55	24	1	180.97	225.02	56.107	32.676
56	2	1	131.65	-3.9414	30.449	54.345
56	1	1	70.335	18.637	37.142	83.345
56	3	1	163.78	-10.119	31.946	61.169
56	4	1	99.978	0.16219	26.603	71.585
56	8	1	110.83	10.757	29.021	85.129
56	11	1	117.68	70.071	47.337	96.479
56	15	1	284.1	71.425	34.825	49.013
56	16	1	49.555	115.74	47.331	93.428
56	14	1	109.6	165.05	45.789	64.491
56	13	1	151.09	126.57	43.854	48.369
56	10	1	142.54	19.832	41.436	88.837
56	20	1	36.809	161.45	49.889	96.147
56	21	1	-1.0691	209.17	52.682	51.859
56	24	1	180.11	223.3	54.818	34.18
57	2	1	127.78	-3.9414	30.449	52.303
57	1	1	67.687	16.528	37.142	83.016
57	3	1	162.86	-10.427	32.562	59.627
57	4	1	99.172	0.16219	26.119	70.296
57	8	1	108.06	8.3618	29.021	85.129
57	11	1	116.91	67.878	47.079	96.737
57	15	1	282	69.168	34.825	49.013
57	16	1	48.526	112.24	46.714	94.457
57	14	1	108.2	162.04	45.789	64.491
57	13	1	153.15	125.79	43.854	48.111
57	10	1	142.7	17.575	39.985	88.353
57	20	1	36.126	158.03	50.572	99.391
57	21	1	-1.0691	206.7	55.151	53.505
57	24	1	182.2	223.14	54.334	34.503
58	2	1	130.04	-4.0489	30.987	51.766
58	1	1	68.143	14.863	37.142	82.686
58	3	1	161.94	-10.736	33.179	58.086
58	4	1	98.366	0.16219	25.635	69.006
58	8	1	105.3	5.9664	29.021	85.129
58	11	1	122.2	65.169	45.918	96.737
58	15	1	284.75	68.362	35.309	49.175
58	16	1	47.497	108.74	46.096	95.486
58	14	1	111.1	161.18	45.789	64.491
58	13	1	155.21	125.02	43.854	47.853
58	10	1	145.67	15.898	39.082	88.224
58	20	1	35.443	154.62	51.255	102.63
58	21	1	-1.0691	204.23	57.621	55.151
58	24	1	184.3	222.98	53.85	34.825
59	2	1	132.3	-4.1564	31.524	51.228
59	1	1	69.684	14.479	37.142	82.356
59	3	1	161.01	-11.044	33.795	56.544
59	4	1	97.56	0.16219	25.152	67.716
59	8	1	108.52	5.644	29.505	85.129
59	11	1	127.48	62.461	44.757	96.737
59	15	1	287.49	67.556	35.793	49.336
59	16	1	50.789	107.59	46.096	95.486
59	14	1	114	160.32	45.789	64.491
59	13	1	157.28	124.24	43.854	47.595
59	10	1	150.25	14.221	38.179	88.095
59	20	1	38.994	152.43	51.255	102.63
59	21	1	4.7351	203.37	59.125	55.151
59	24	1	186.4	222.82	53.367	35.148
60	2	1	134.56	-4.2639	32.061	50.691
60	1	1	73.807	15.139	37.142	83.016
60	3	1	160.09	-11.352	34.412	55.003
60	4	1	101.11	0.00095969	25.152	67.232
60	8	1	111.75	5.3215	29.988	85.129
60	11	1	132.77	59.752	43.596	96.737
60	15	1	290.23	66.75	36.276	49.497
60	16	1	54.082	106.44	46.096	95.486
60	14	1	116.91	159.46	45.789	64.491
60	13	1	159.34	123.47	43.854	47.337
60	10	1	154.83	12.545	37.276	87.966
60	20	1	42.545	150.25	51.255	102.63
60	21	1	10.539	202.51	60.63	55.151
60	24	1	188.49	222.66	52.883	35.47
61	2	1	136.81	-4.3713	32.599	50.153
61	1	1	77.93	15.798	37.142	83.675
61	3	1	162.76	-11.455	33.282	52.331
61	4	1	104.65	-0.16027	25.152	66.749
61	8	1	114.97	4.999	30.472	85.129
61	11	1	138.06	57.044	42.435	96.737
61	15	1	292.97	65.943	36.76	49.658
61	16	1	57.375	105.29	46.096	95.486
61	14	1	119.87	159.33	45.789	64.491
61	13	1	161.41	122.7	43.854	47.079
61	10	1	159.41	10.868	36.373	87.837
61	19	1	-1.0691	142.49	27.164	57.621
61	20	1	46.096	148.06	51.255	102.63
61	21	1	16.344	201.65	62.135	55.151
61	24	1	191.39	221.85	53.205	36.115
62	2	1	139.07	-4.4788	33.136	49.616
62	1	1	82.069	13.433	37.142	83.675
62	3	1	165.43	-11.558	32.151	49.659
62	4	1	108.2	-0.3215	25.152	66.265
62	8	1	118.2	4.6766	30.956	85.129
62	11	1	143.35	54.335	41.274	96.737
62	15	1	295.55	65.943	36.76	49.658
62	16	1	60.667	104.13	46.096	95.486
62	14	1	122.84	159.2	45.789	64.491
62	13	1	163.82	122.7	44.338	46.917
62	10	1	163.99	9.191	35.47	87.708
62	19	1	-1.0691	141.67	31.28	57.621
62	20	1	49.647	145.88	51.255	102.63
62	21	1	19.246	200.52	62.135	56.441
62	24	1	194.3	221.05	53.528	36.76
63	2	1	141.33	-4.5863	33.674	49.078
63	1	1	84.336	13.728	37.142	83.675
63	3	1	168.1	-11.66	31.021	46.988
63	4	1	111.75	-0.48273	25.152	65.781
63	8	1	119.97	4.8378	32.246	85.29
63	11	1	147.22	53.819	40.888	96.221
63	15	1	298.13	65.943	36.76	49.658
63	16	1	63.96	102.98	46.096	95.486
63	14	1	125.81	159.07	45.789	64.491
63	13	1	166.24	122.7	44.821	46.756
63	10	1	167.37	9.191	35.309	88.192
63	19	1	-1.0691	140.85	35.395	57.621
63	20	1	53.198	143.69	51.255	102.63
63	21	1	22.148	199.39	62.135	57.731
63	23	1	-0.46737	170.42	39.985	87.708
63	24	1	197.2	220.24	53.85	37.405
64	2	1	143.69	-4.4788	32.814	50.046
64	1	1	86.603	14.024	37.142	83.675
64	3	1	170.77	-11.763	29.891	44.316
64	4	1	114.17	-0.64395	25.635	66.587
64	8	1	121.74	4.999	33.536	85.451
64	11	1	151.09	53.303	40.501	95.705
64	15	1	300.71	65.943	36.76	49.658
64	16	1	64.577	102.57	46.096	95.486
64	14	1	128.77	158.94	45.789	64.491
64	13	1	168.66	122.7	45.305	46.595
64	10	1	170.76	9.191	35.148	88.676
64	19	1	-1.0691	140.85	34.572	59.267
64	20	1	55.588	143.35	52.052	101.5
64	21	1	25.05	198.26	62.135	59.021
64	23	1	0.33877	171.06	40.791	87.708
64	24	1	200.1	219.43	54.173	38.05
65	2	1	146.06	-4.3713	31.954	51.013
65	1	1	88.87	14.32	37.142	83.675
65	3	1	173.07	-11.517	29.891	49.331
65	4	1	116.58	-0.80518	26.119	67.393
65	8	1	123.52	5.1603	34.825	85.612
65	11	1	154.96	52.787	40.114	95.189
65	15	1	303.29	65.943	36.76	49.658
65	16	1	65.195	102.16	46.096	95.486
65	14	1	131.74	158.81	45.789	64.491
65	13	1	171.08	122.7	45.789	46.434
65	10	1	174.14	9.191	34.987	89.159
65	19	1	-1.0691	141.12	38.414	59.541
65	20	1	57.978	143.01	52.848	100.36
65	21	1	27.952	197.14	62.135	60.31
65	23	1	1.1449	171.71	41.597	87.708
65	24	1	202.81	220.21	54.173	37.147
66	2	1	148.42	-4.2639	31.094	51.981
66	1	1	91.89	15.686	37.214	83.172
66	3	1	175.38	-11.27	29.891	54.345
66	4	1	119	-0.96641	26.603	68.2
66	8	1	125.29	5.3215	36.115	85.774
66	11	1	158.83	52.271	39.727	94.673
66	15	1	306.67	66.911	36.76	49.658
66	16	1	68.281	101.75	46.096	95.486
66	14	1	134.96	159.97	45.789	65.007
66	13	1	174.95	124.5	45.144	46.305
66	10	1	177.53	9.191	34.825	89.643
66	19	1	-1.0691	141.4	42.255	59.816
66	20	1	60.368	142.67	53.645	99.22
66	21	1	33.111	197.94	62.135	60.31
66	23	1	1.9511	172.35	42.403	87.708
66	24	1	205.52	220.98	54.173	36.244
67	2	1	150.79	-4.1564	30.234	52.948
67	1	1	94.909	17.052	37.285	82.669
67	3	1	177.68	-11.023	29.891	59.36
67	4	1	121.42	-1.1276	27.086	69.006
67	8	1	128.64	7.3852	36.115	85.774
67	11	1	162.7	51.755	39.34	94.157
67	15	1	310.06	67.878	36.76	49.658
67	16	1	71.368	101.34	46.096	95.486
67	14	1	138.19	161.13	45.789	65.523
67	13	1	178.82	126.31	44.499	46.176
67	10	1	181.56	9.9971	34.825	90.61
67	19	1	-1.0691	141.67	46.096	60.09
67	20	1	62.758	142.33	54.442	98.082
67	21	1	38.271	198.75	62.135	60.31
67	23	1	2.7572	173	43.209	87.708
67	24	1	208.23	221.75	54.173	35.341
68	2	1	153.15	-4.0489	29.374	53.915
68	1	1	97.928	18.418	37.357	82.165
68	3	1	179.98	-10.777	29.891	64.375
68	4	1	124.81	-0.3215	26.603	70.618
68	8	1	132	9.4489	36.115	85.774
68	11	1	167.21	53.26	40.845	93.512
68	15	1	313.44	68.845	36.76	49.658
68	16	1	74.002	102.16	47.084	92.522
68	14	1	141.41	162.29	45.789	66.039
68	13	1	182.69	128.11	43.854	46.047
68	10	1	185.59	10.803	34.825	91.578
68	19	1	2.0177	143.11	45.685	59.678
68	20	1	65.148	141.99	55.238	96.944
68	21	1	43.43	199.55	62.135	60.31
68	23	1	5.3369	175.42	43.693	84.645
68	24	1	210.94	222.53	54.173	34.438
69	2	1	155.52	-3.9414	28.514	54.883
69	1	1	100.95	19.784	37.429	81.662
69	3	1	182.28	-10.53	29.891	69.389
69	4	1	128.19	0.48464	26.119	72.23
69	8	1	135.35	11.513	36.115	85.774
69	11	1	171.72	54.765	42.349	92.868
69	15	1	316.83	69.813	36.76	49.658
69	16	1	76.636	102.98	48.072	89.559
69	14	1	144.64	163.45	45.789	66.555
69	13	1	186.56	129.92	43.209	45.918
69	10	1	189.62	11.609	34.825	92.545
69	19	1	5.1045	144.55	45.273	59.267
69	20	1	67.538	141.64	56.035	95.806
69	21	1	48.589	200.36	62.135	60.31
69	23	1	7.9165	177.84	44.177	81.582
69	24	1	213.64	223.3	54.173	33.536
70	2	1	157.45	-3.9414	29.159	57.247
70	1	1	103.82	22.012	37.429	81.662
70	3	1	184.75	-8.5776	29.891	70.109
70	4	1	131.58	1.2908	25.635	73.843
70	8	1	138.7	13.576	36.115	85.774
70	11	1	176.24	56.27	43.854	92.223
70	16	1	79.27	103.81	49.06	86.595
70	14	1	147.86	164.62	45.789	67.071
70	13	1	190.43	131.72	42.564	45.789
70	10	1	193.65	12.416	34.825	93.512
70	19	1	7.3682	147.64	44.862	58.855
70	20	1	69.997	141.78	56.172	95.669
70	21	1	51.491	199.82	62.538	60.875
70	23	1	10.496	180.25	44.66	78.518
70	24	1	215.71	224.59	54.173	32.246
71	2	1	159.38	-3.9414	29.804	59.612
71	1	1	106.7	24.241	37.429	81.662
71	3	1	186.39	-6.6252	29.891	72.883
71	4	1	134.96	2.0969	25.152	75.455
71	8	1	142.06	15.64	36.115	85.774
71	11	1	179.62	57.56	43.854	92.545
71	16	1	81.905	104.63	50.048	83.632
71	14	1	149.8	165.65	45.789	67.071
71	13	1	192.23	132.76	42.564	45.789
71	10	1	197.04	13.383	34.019	93.996
71	19	1	9.6318	150.73	44.45	58.444
71	20	1	72.455	141.92	56.308	95.533
71	21	1	54.393	199.29	62.941	61.439
71	23	1	13.076	182.67	45.144	75.455
71	24	1	217.77	225.88	54.173	30.956
72	2	1	161.32	-3.9414	30.449	61.977
72	1	1	109.57	26.469	37.429	81.662
72	3	1	188.45	-4.6727	29.891	72.78
72	4	1	136.58	2.5806	25.152	75.455
72	8	1	144.96	16.446	35.47	85.451
72	11	1	183.01	58.849	43.854	92.868
72	16	1	84.539	105.45	51.035	80.669
72	14	1	151.73	166.68	45.789	67.071
72	13	1	194.04	133.79	42.564	45.789
72	10	1	200.42	14.35	33.213	94.48
72	19	1	11.827	151.27	44.176	58.444
72	20	1	74.913	142.05	56.445	95.396
72	21	1	57.296	198.75	63.344	62.003
72	23	1	14.688	182.35	46.917	75.455
72	24	1	219.84	227.17	54.173	29.666
73	2	1	163.47	-3.5115	30.449	61.977
73	1	1	112.45	28.698	37.429	81.662
73	3	1	190.5	-2.7203	29.891	72.678
73	4	1	138.19	3.0643	25.152	75.455
73	8	1	147.86	17.252	34.825	85.129
73	11	1	186.4	60.139	43.854	93.19
73	16	1	86.185	103.48	51.365	80.669
73	14	1	153.67	167.71	45.789	67.071
73	13	1	195.84	134.82	42.564	45.789
73	10	1	203.81	15.318	32.407	94.964
73	19	1	14.022	151.82	43.901	58.444
73	20	1	77.372	142.19	56.581	95.259
73	21	1	60.198	198.21	63.747	62.568
73	23	1	16.3	182.03	48.691	75.455
73	24	1	221.9	228.46	54.173	28.376
74	2	1	165.62	-3.0815	30.449	61.977
74	1	1	114.82	28.195	36.998	81.662
74	3	1	191.82	-2.7751	29.863	72.075
74	4	1	139.8	3.548	25.152	75.455
74	8	1	150.76	18.059	34.18	84.806
74	11	1	189.78	61.429	43.854	93.512
74	16	1	87.831	101.5	51.694	80.669
74	14	1	155.6	168.74	45.789	67.071
74	13	1	197.65	135.85	42.564	45.789
74	10	1	207.19	16.285	31.601	95.447
74	19	1	16.217	152.37	43.627	58.444
74	20	1	79.83	142.33	56.718	95.123
74	21	1	63.1	197.67	64.15	63.132
74	23	1	17.913	181.71	50.464	75.455
74	24	1	223.96	229.75	54.173	27.086
75	2	1	167.77	-2.6516	30.449	61.977
75	1	1	117.2	27.692	36.566	81.662
75	3	1	193.13	-2.8299	29.836	71.472
75	4	1	141.41	4.0317	25.152	75.455
75	8	1	153.67	18.865	33.536	84.484
75	11	1	192.52	59.978	42.887	93.674
75	16	1	89.477	99.525	52.023	80.669
75	14	1	157.54	169.77	45.789	67.071
75	13	1	199.46	136.88	42.564	45.789
75	10	1	210.03	16.156	32.504	94.544
75	19	1	17.246	151.75	43.627	58.444
75	20	1	82.015	139.6	56.718	94.03
75	21	1	66.002	197.14	64.553	63.696
75	23	1	19.525	181.38	52.238	75.455
75	24	1	225.9	229.62	54.173	27.473
76	2	1	169.27	-2.6516	30.449	61.977
76	1	1	119.57	27.188	36.135	81.662
76	3	1	194.45	-2.8847	29.808	70.869
76	4	1	143.67	3.8704	25.152	75.455
76	8	1	155.92	19.026	33.536	84
76	11	1	195.26	58.527	41.919	93.835
76	16	1	91.124	97.55	52.352	80.669
76	14	1	159.99	169.65	45.789	67.071
76	13	1	202.04	136.24	42.564	45.789
76	10	1	212.87	16.027	33.407	93.641
76	19	1	18.275	151.14	43.627	58.444
76	20	1	84.2	136.86	56.718	92.938
76	21	1	70.194	194.88	64.956	64.261
76	23	1	21.782	181.22	52.722	75.777
76	24	1	227.83	229.49	54.173	27.86
77	2	1	170.78	-2.6516	30.449	61.977
77	1	1	121.94	26.685	35.704	81.662
77	3	1	195.76	-2.9395	29.781	70.266
77	4	1	145.93	3.7092	25.152	75.455
77	8	1	158.18	19.187	33.536	83.516
77	11	1	198	57.076	40.952	93.996
77	16	1	92.77	95.574	52.682	80.669
77	14	1	162.44	169.52	45.789	67.071
77	13	1	204.62	135.59	42.564	45.789
77	10	1	215.71	15.898	34.309	92.739
77	19	1	19.304	150.52	43.627	58.444
77	20	1	86.386	134.13	56.718	91.845
77	21	1	74.386	192.62	65.36	64.825
77	23	1	24.039	181.06	53.205	76.1
77	24	1	229.77	229.36	54.173	28.247
78	2	1	172.28	-2.6516	30.449	61.977
78	1	1	124.53	25.679	35.704	81.662
78	3	1	197.08	-2.9943	29.754	69.663
78	4	1	148.19	3.548	25.152	75.455
78	8	1	160.44	19.348	33.536	83.033
78	11	1	200.75	55.625	39.985	94.157
78	16	1	95.075	93.269	52.188	80.669
78	14	1	164.89	169.39	45.789	67.071
78	13	1	207.19	134.95	42.564	45.789
78	10	1	218.55	15.769	35.212	91.836
78	19	1	20.333	149.9	43.627	58.444
78	20	1	88.571	131.4	56.718	90.753
78	21	1	78.094	190.36	66.166	67.566
78	23	1	26.297	180.9	53.689	76.422
78	24	1	231.7	229.24	54.173	28.634
79	2	1	176.15	-2.974	30.449	61.977
79	1	1	127.12	24.672	35.704	81.662
79	3	1	198.39	-3.0491	29.726	69.061
79	4	1	150.44	3.3868	25.152	75.455
79	8	1	162.7	19.51	33.536	82.549
79	11	1	204.36	53.432	39.727	93.512
79	16	1	97.38	90.964	51.694	80.669
79	14	1	167.34	169.26	45.789	67.071
79	13	1	209.77	134.3	42.564	45.789
79	10	1	221.38	15.64	36.115	90.933
79	19	1	23.9	148.26	43.627	58.444
79	20	1	90.756	128.67	56.718	89.66
79	21	1	81.802	188.11	66.972	70.307
79	23	1	28.554	180.74	54.173	76.745
79	24	1	233.64	229.11	54.173	29.021
80	2	1	180.02	-3.2965	30.449	61.977
80	1	1	129.7	23.666	35.704	81.662
80	3	1	199.71	-3.1039	29.699	68.458
80	4	1	154.04	2.6881	25.152	74.971
80	8	1	164.37	18.22	33.536	82.549
80	11	1	207.97	51.239	39.469	92.868
80	16	1	99.685	88.659	51.2	80.669
80	14	1	169.79	169.13	45.789	67.071
80	13	1	212.35	133.66	42.564	45.789
80	10	1	223.45	13.963	35.857	89.901
80	19	1	27.467	146.61	43.627	58.444
80	20	1	92.531	125.8	56.718	89.66
80	21	1	85.511	185.85	67.778	73.047
80	23	1	29.844	179.19	55.592	78.937
80	24	1	234.93	227.49	53.367	30.472
81	2	1	180.34	-3.9414	30.449	61.977
81	1	1	132.29	22.659	35.704	81.662
81	3	1	201.03	-3.1588	29.671	67.855
81	4	1	157.64	1.9894	25.152	74.488
81	8	1	166.05	16.93	33.536	82.549
81	11	1	211.58	49.047	39.211	92.223
81	16	1	101.99	86.355	50.706	80.669
81	14	1	170.86	167.84	45.789	67.071
81	13	1	213.26	132.5	42.564	45.789
81	10	1	225.51	12.287	35.599	88.869
81	19	1	31.034	144.96	43.627	58.444
81	20	1	94.307	122.93	56.718	89.66
81	21	1	89.219	183.59	68.584	75.788
81	23	1	31.133	177.64	57.01	81.13
81	24	1	236.22	225.88	52.56	31.923
82	2	1	180.67	-4.5863	30.449	61.977
82	1	1	133.66	21.94	35.704	81.662
82	3	1	202.34	-3.2136	29.644	67.252
82	4	1	159.31	1.2908	25.152	74.004
82	8	1	167.73	15.64	33.536	82.549
82	11	1	215.19	46.854	38.953	91.578
82	16	1	104.29	84.05	50.212	80.669
82	14	1	171.94	166.55	45.789	67.071
82	13	1	214.16	131.34	42.564	45.789
82	10	1	227.57	10.61	35.341	87.837
82	19	1	31.445	144.14	43.627	58.444
82	20	1	96.082	120.07	56.718	89.66
82	21	1	91.154	181.27	68.713	77.723
82	23	1	32.423	176.09	58.429	83.323
82	24	1	237.51	224.27	51.754	33.374
83	2	1	181.96	-4.2639	30.449	60.848
83	1	1	135.02	21.221	35.704	81.662
83	3	1	203.66	-3.2684	29.617	66.649
83	4	1	160.98	0.59213	25.152	73.52
83	8	1	169.4	14.35	33.536	82.549
83	11	1	218.8	44.661	38.695	90.933
83	16	1	104.95	82.239	49.718	80.669
83	14	1	173.01	165.26	45.789	67.071
83	13	1	215.06	130.18	42.564	45.789
83	10	1	229.64	8.933	35.083	86.805
83	19	1	31.857	143.32	43.627	58.444
83	20	1	97.858	117.2	56.718	89.66
83	21	1	93.088	178.95	68.842	79.658
83	23	1	33.713	174.55	59.848	85.516
83	24	1	238.8	222.66	50.948	34.825
84	2	1	183.25	-3.9414	30.449	59.719
84	1	1	136.39	20.502	35.704	81.662
84	3	1	204.97	-3.3232	29.589	66.046
84	4	1	162.64	-0.10653	25.152	73.036
84	8	1	171.08	13.06	33.536	82.549
84	11	1	221	43.242	39.082	90.933
84	16	1	105.61	80.428	49.224	80.669
84	14	1	174.09	163.97	45.789	67.071
84	13	1	215.97	129.02	42.564	45.789
84	10	1	231.7	7.2562	34.825	85.774
84	19	1	33.092	142.49	43.627	58.444
84	20	1	99.633	114.33	56.718	89.66
84	21	1	95.023	176.63	68.971	81.593
84	23	1	35.003	173	61.267	87.708
84	24	1	239.7	221.63	50.432	35.341
85	2	1	184.54	-3.6189	30.449	58.591
85	1	1	137.76	19.784	35.704	81.662
85	3	1	206.29	-3.378	29.562	65.443
85	4	1	164.31	-0.80518	25.152	72.553
85	8	1	172.5	12.158	33.278	82.549
85	11	1	223.19	41.824	39.469	90.933
85	16	1	106.27	78.617	48.731	80.669
85	14	1	175.16	162.68	45.789	67.071
85	13	1	216.87	127.86	42.564	45.789
85	10	1	234.12	5.4827	34.825	85.774
85	19	1	34.326	141.67	43.627	58.444
85	20	1	101.17	112.28	55.182	89.66
85	21	1	96.958	174.31	69.1	83.527
85	22	1	84.016	180.09	38.695	76.745
85	23	1	36.131	171.71	60.944	88.353
85	24	1	240.6	220.59	49.916	35.857
86	2	1	185.83	-3.2965	30.449	57.462
86	1	1	138.69	18.561	35.704	81.662
86	3	1	207.6	-3.4328	29.534	64.84
86	4	1	165.97	-1.5038	25.152	72.069
86	8	1	173.92	11.255	33.02	82.549
86	11	1	225.38	40.405	39.856	90.933
86	16	1	106.93	76.806	48.237	80.669
86	14	1	176.24	161.39	45.789	67.071
86	13	1	218.67	126.69	42.564	45.789
86	10	1	236.54	3.7092	34.825	85.774
86	19	1	35.355	140.02	43.627	58.444
86	20	1	102.71	110.23	53.645	89.66
86	21	1	98.892	171.98	69.229	85.462
86	22	1	86.209	177.64	38.695	79.195
86	23	1	37.26	170.42	60.622	88.998
86	24	1	241.5	219.56	49.4	36.373
87	2	1	187.28	-3.4577	30.449	56.011
87	1	1	139.63	17.339	35.704	81.662
87	3	1	208.92	-3.4876	29.507	64.238
87	4	1	167.64	-2.2025	25.152	71.585
87	8	1	175.34	10.352	32.762	82.549
87	11	1	227.57	38.986	40.243	90.933
87	16	1	107.59	74.995	47.743	80.669
87	14	1	177.4	160.1	45.789	67.071
87	13	1	220.48	125.53	42.564	45.789
87	10	1	238.96	1.9357	34.825	85.774
87	19	1	36.384	138.38	43.627	58.444
87	20	1	104.24	108.18	52.109	89.66
87	21	1	100.74	169.5	68.861	88.042
87	22	1	88.402	175.19	38.695	81.646
87	23	1	38.389	169.13	60.299	89.643
87	24	1	242.41	218.53	48.884	36.889
88	2	1	188.73	-3.6189	30.449	54.56
88	1	1	140.56	16.117	35.704	81.662
88	3	1	210.23	-3.5424	29.48	63.635
88	4	1	169.31	-2.9012	25.152	71.102
88	8	1	176.75	9.4489	32.504	82.549
88	11	1	229.77	37.567	40.63	90.933
88	16	1	109.35	72.879	46.92	80.434
88	14	1	178.56	158.81	45.789	67.071
88	13	1	222.29	124.37	42.564	45.789
88	10	1	241.38	0.16219	34.825	85.774
88	19	1	37.413	136.73	43.627	58.444
88	20	1	105.78	106.13	50.572	89.66
88	21	1	102.58	167.01	68.492	90.621
88	22	1	90.594	172.74	38.695	84.097
88	23	1	39.517	167.84	59.977	90.288
88	24	1	243.31	217.5	48.369	37.405
89	2	1	190.18	-3.7802	30.449	53.109
89	1	1	141.49	14.895	35.704	81.662
89	3	1	211.05	-3.7479	29.548	62.607
89	4	1	170.97	-3.5998	25.152	70.618
89	8	1	178.17	8.5461	32.246	82.549
89	11	1	232.22	36.019	40.63	90.933
89	16	1	111.11	70.762	46.096	80.198
89	14	1	179.72	157.52	45.789	67.071
89	13	1	224.09	123.21	42.564	45.789
89	10	1	243.47	-0.3215	34.825	83.355
89	19	1	38.442	135.09	43.627	58.444
89	20	1	107.55	103.68	49.889	89.66
89	21	1	104.42	164.52	68.123	93.201
89	22	1	92.787	170.29	38.695	86.547
89	23	1	41.194	166.29	59.977	90.804
89	24	1	244.6	216.47	48.626	38.05
90	2	1	191.63	-3.9414	30.449	51.658
90	1	1	143.61	13.623	35.704	81.662
90	3	1	211.88	-3.9534	29.617	61.58
90	4	1	172.64	-4.2985	25.152	70.134
90	8	1	180.11	7.2562	32.246	82.549
90	11	1	234.67	34.472	40.63	90.933
90	16	1	112.88	68.645	45.273	79.963
90	14	1	180.88	156.23	45.789	67.071
90	13	1	225.9	122.05	42.564	45.789
90	10	1	245.57	-0.80518	34.825	80.937
90	19	1	40.418	133.6	43.627	58.444
90	20	1	109.33	101.22	49.206	89.66
90	21	1	106.26	162.03	67.755	95.781
90	22	1	94.98	167.84	38.695	88.998
90	23	1	42.871	164.74	59.977	91.32
90	24	1	245.89	215.43	48.884	38.695
91	2	1	193.69	-4.3283	30.449	51.529
91	1	1	145.73	12.351	35.704	81.662
91	3	1	212.7	-4.1589	29.685	60.552
91	4	1	174.3	-4.9971	25.152	69.651
91	8	1	182.04	5.9664	32.246	82.549
91	11	1	237.12	32.924	40.63	90.933
91	16	1	114.64	66.528	44.45	79.728
91	14	1	182.04	154.94	45.789	67.071
91	13	1	227.83	121.28	42.564	45.789
91	10	1	247.66	-1.2889	34.825	78.518
91	19	1	42.393	132.12	43.627	58.444
91	20	1	111.11	98.76	48.524	89.66
91	21	1	108.11	159.55	67.386	98.36
91	22	1	97.817	165.65	39.211	90.675
91	23	1	44.548	163.2	59.977	91.836
91	24	1	247.18	214.4	49.142	39.34
92	2	1	195.76	-4.7153	30.449	51.4
92	1	1	147.86	11.079	35.704	81.662
92	3	1	213.52	-4.3645	29.754	59.524
92	4	1	175.81	-4.9971	24.722	67.931
92	8	1	183.98	4.6766	32.246	82.549
92	11	1	239.57	31.376	40.63	90.933
92	16	1	116.41	64.412	43.627	79.493
92	14	1	183.98	153.97	45.789	67.071
92	13	1	229.77	120.5	42.564	45.789
92	10	1	249.76	-1.7726	34.825	76.1
92	19	1	44.369	130.64	43.627	58.444
92	20	1	112.88	96.301	47.841	89.66
92	21	1	109.95	157.06	67.018	100.94
92	22	1	100.66	163.45	39.727	92.352
92	23	1	46.224	161.65	59.977	92.352
92	24	1	248.47	213.37	49.4	39.985
93	2	1	197.82	-5.1022	30.449	51.271
93	1	1	149.98	9.8065	35.704	81.662
93	3	1	214.34	-4.57	29.822	58.497
93	4	1	177.31	-4.9971	24.292	66.211
93	8	1	185.91	3.3868	32.246	82.549
93	11	1	242.02	29.828	40.63	90.933
93	16	1	118.17	62.295	42.804	79.258
93	14	1	185.91	153.01	45.789	67.071
93	13	1	231.7	119.73	42.564	45.789
93	10	1	252.82	-1.7726	33.536	76.1
93	19	1	46.344	129.16	43.627	58.444
93	20	1	114.66	93.843	47.158	89.66
93	21	1	111.79	154.57	66.649	103.52
93	22	1	103.49	161.26	40.243	94.028
93	23	1	47.901	160.1	59.977	92.868
93	24	1	249.76	212.34	49.658	40.63
94	2	1	199.89	-5.4892	30.449	51.142
94	1	1	152.02	8.5344	35.562	81.804
94	3	1	215.16	-4.7755	29.891	57.469
94	4	1	178.82	-4.9971	23.862	64.491
94	8	1	188.17	2.2582	32.246	82.549
94	11	1	245.24	27.571	39.662	90.933
94	16	1	119.93	60.178	41.981	79.023
94	14	1	187.85	152.04	45.789	67.071
94	13	1	233.64	118.96	42.564	45.789
94	10	1	255.89	-1.7726	32.246	76.1
94	19	1	48.32	127.68	43.627	58.444
94	20	1	116.84	91.385	47.158	89.66
94	21	1	114.05	152.8	66.327	105.29
94	22	1	106.33	159.07	40.759	95.705
94	23	1	49.997	159.13	59.977	92.868
94	24	1	252.08	211.18	49.658	40.501
95	2	1	201.95	-5.8761	30.449	51.013
95	1	1	154.07	7.2623	35.421	81.945
95	3	1	217.22	-6.1114	30.404	57.161
95	8	1	190.43	1.1296	32.246	82.549
95	11	1	248.47	25.314	38.695	90.933
95	16	1	120.92	57.709	42.145	80.998
95	14	1	189.78	151.07	45.789	67.071
95	13	1	235.57	118.18	42.564	45.789
95	10	1	258.95	-1.7726	30.956	76.1
95	19	1	50.241	126.3	43.627	58.444
95	20	1	119.03	88.926	47.158	89.66
95	21	1	116.31	151.02	66.004	107.07
95	22	1	109.17	156.88	41.274	97.382
95	23	1	52.093	158.17	59.977	92.868
95	24	1	254.4	210.02	49.658	40.372
96	1	1	156.12	5.9902	35.28	82.086
96	3	1	219.28	-7.4473	30.918	56.853
96	8	1	192.68	0.00095969	32.246	82.549
96	11	1	251.69	23.057	37.727	90.933
96	16	1	121.91	55.24	42.31	82.974
96	14	1	191.72	149.14	45.789	67.071
96	13	1	237.29	116.35	42.564	45.789
96	10	1	262.01	-1.7726	29.666	76.1
96	19	1	52.161	124.93	43.627	58.444
96	20	1	121.21	86.468	47.158	89.66
96	21	1	118.56	149.25	65.682	108.84
96	22	1	110.94	153.17	42.081	97.221
96	23	1	54.189	157.2	59.977	92.868
96	24	1	256.72	208.86	49.658	40.243
97	1	1	158.17	4.7181	35.138	82.228
97	3	1	221.33	-8.7831	31.432	56.544
97	8	1	194.94	-1.1276	32.246	82.549
97	11	1	254.92	20.799	36.76	90.933
97	16	1	122.9	52.77	42.475	84.949
97	14	1	193.65	147.2	45.789	67.071
97	13	1	239.01	114.53	42.564	45.789
97	19	1	54.082	123.56	43.627	58.444
97	20	1	123.4	84.01	47.158	89.66
97	21	1	120.82	147.48	65.36	110.61
97	22	1	112.71	149.46	42.887	97.06
97	23	1	56.285	156.23	59.977	92.868
97	24	1	259.05	207.7	49.658	40.114
98	1	1	160.1	2.3526	35.138	82.228
98	3	1	223.39	-10.119	31.946	56.236
98	8	1	197.2	-2.9012	32.246	82.549
98	11	1	257.82	18.381	36.76	89.965
98	16	1	123.89	50.301	42.639	86.925
98	14	1	195.59	145.27	45.789	67.071
98	13	1	240.73	112.7	42.564	45.789
98	19	1	56.003	122.19	43.627	58.444
98	20	1	125.58	81.551	47.158	89.66
98	21	1	123	143.93	65.037	112.23
98	22	1	114.49	145.75	43.693	96.898
98	23	1	58.091	154.04	59.719	92.868
98	24	1	261.37	206.53	49.658	39.985
98	27	1	294.9	227.17	37.405	31.601
99	1	1	162.02	-0.012946	35.138	82.228
99	8	1	199.46	-4.6747	32.246	82.549
99	11	1	260.72	15.963	36.76	88.998
99	16	1	124.87	47.831	42.804	88.9
99	14	1	197.52	143.33	45.789	67.071
99	13	1	242.45	110.87	42.564	45.789
99	19	1	57.923	120.82	43.627	58.444
99	20	1	126.68	78.533	48.118	88.837
99	21	1	125.17	140.38	64.715	113.84
99	22	1	116.26	142.04	44.499	96.737
99	23	1	59.897	151.85	59.461	92.868
99	24	1	263.04	204.99	49.658	39.985
99	27	1	296.52	225.72	37.405	32.407
100	1	1	163.94	0.060976	35.138	80.38
100	8	1	201.71	-6.4482	32.246	82.549
100	11	1	263.62	13.544	36.76	88.031
100	16	1	126.52	45.526	42.804	88.9
100	14	1	199.46	141.56	45.628	67.877
100	13	1	244.17	109.05	42.564	45.789
100	19	1	59.844	119.45	43.627	58.444
100	20	1	127.78	75.515	49.079	88.014
100	21	1	127.35	136.84	64.392	115.45
100	22	1	118.33	138.82	44.241	95.189
100	23	1	61.702	149.65	59.203	92.868
100	24	1	264.72	203.44	49.658	39.985
100	27	1	298.13	224.27	37.405	33.213
101	1	1	165.86	0.1349	35.138	78.532
101	8	1	203.97	-8.2217	32.246	82.549
101	11	1	266.53	11.126	36.76	87.063
101	16	1	128.17	43.222	42.804	88.9
101	14	1	201.39	139.79	45.466	68.683
101	13	1	245.89	107.22	42.564	45.789
101	19	1	61.326	117.47	43.627	58.444
101	20	1	128.87	72.497	50.039	87.19
101	21	1	129.53	133.29	64.07	117.06
101	22	1	120.39	135.59	43.983	93.641
101	23	1	63.508	147.46	58.945	92.868
101	24	1	266.4	201.89	49.658	39.985
101	25	1	229.12	220.72	37.405	38.05
101	27	1	299.74	222.82	37.405	34.019
102	1	1	167.78	0.20882	35.138	76.683
102	8	1	205.58	-10.156	32.246	82.549
102	11	1	268.3	8.7073	36.76	87.063
102	16	1	129.81	40.917	42.804	88.9
102	14	1	203.33	138.01	45.305	69.489
102	13	1	246.86	106.04	42.564	45.789
102	19	1	62.807	115.49	43.627	58.444
102	20	1	129.97	69.478	50.999	86.367
102	21	1	131.7	129.74	63.747	115.77
102	22	1	122.45	132.37	43.725	92.094
102	23	1	65.314	145.27	58.687	92.868
102	24	1	268.07	200.34	49.658	39.985
102	25	1	229.93	218.95	36.921	39.34
102	27	1	301.35	221.37	37.405	34.825
103	1	1	169.71	0.28274	35.138	74.835
103	8	1	207.19	-12.091	32.246	82.549
103	11	1	270.07	6.2889	36.76	87.063
103	16	1	131.46	38.612	42.804	88.9
103	14	1	205.26	136.24	45.144	70.296
103	13	1	247.82	104.85	42.564	45.789
103	19	1	64.289	113.52	43.627	58.444
103	20	1	131.07	66.46	51.96	85.544
103	21	1	133.88	126.2	63.425	114.48
103	22	1	124.52	129.14	43.467	90.546
103	23	1	66.217	143.98	58.687	92.868
103	24	1	269.75	198.8	49.658	39.985
103	25	1	230.73	217.18	36.438	40.63
103	27	1	301.67	220.56	37.405	35.47
104	1	1	170.89	0.1349	35.138	73.653
104	8	1	208.81	-14.026	32.246	82.549
104	11	1	271.85	3.8704	36.76	87.063
104	16	1	133.1	36.307	42.804	88.9
104	14	1	206.39	135.11	45.144	70.296
104	13	1	248.79	103.67	42.564	45.789
104	19	1	65.771	111.54	43.627	58.444
104	20	1	132.17	63.442	52.92	84.721
104	21	1	136.06	122.65	63.102	113.19
104	22	1	126.58	125.92	43.209	88.998
104	23	1	67.12	142.69	58.687	92.868
104	24	1	270.53	197.89	49.658	39.985
104	25	1	231.54	215.4	35.954	41.919
104	27	1	302	219.76	37.405	36.115
105	1	1	172.07	-0.012946	35.138	72.47
105	8	1	210.42	-15.961	32.246	82.549
105	11	1	273.62	1.452	36.76	87.063
105	16	1	134.13	33.838	43.421	88.077
105	14	1	207.52	133.98	45.144	70.296
105	13	1	249.76	102.49	42.564	45.789
105	19	1	67.252	109.57	43.627	58.444
105	20	1	133.4	61.11	52.508	84.584
105	21	1	138.23	119.1	62.78	111.9
105	22	1	128.03	123.88	42.564	89.213
105	23	1	68.022	141.4	58.687	92.868
105	24	1	271.3	196.99	49.658	39.985
105	25	1	232.35	213.63	35.47	43.209
105	27	1	302.32	218.95	37.405	36.76
106	1	1	173.25	-0.16079	35.138	71.287
106	8	1	212.19	-16.606	31.762	82.549
106	11	1	275.17	1.323	35.986	86.805
106	16	1	135.16	31.368	44.039	87.254
106	14	1	208.65	132.85	45.144	70.296
106	13	1	250.73	101.31	42.564	45.789
106	19	1	67.252	108.61	43.627	58.444
106	20	1	134.64	58.777	52.097	84.447
106	21	1	138.23	119.1	64.07	111.9
106	22	1	129.48	121.84	41.919	89.428
106	23	1	68.925	140.11	58.687	92.868
106	24	1	272.07	196.09	49.658	39.985
106	25	1	232.35	213.49	35.47	43.209
106	27	1	302.64	218.14	37.405	37.405
107	1	1	174.44	-0.30863	35.138	70.104
107	8	1	213.97	-17.25	31.278	82.549
107	11	1	276.72	1.194	35.212	86.547
107	16	1	136.19	28.899	44.656	86.431
107	14	1	209.77	131.72	45.144	70.296
107	13	1	251.69	100.12	42.564	45.789
107	19	1	67.252	107.65	43.627	58.444
107	20	1	135.87	56.445	51.685	84.309
107	21	1	138.72	117.57	63.586	112.55
107	22	1	130.93	119.79	41.274	89.643
107	23	1	69.828	138.82	58.687	92.868
107	24	1	272.85	195.18	49.658	39.985
107	25	1	232.35	213.34	35.47	43.209
107	27	1	302.46	218.14	37.036	37.405
108	1	1	174.44	-0.30863	35.138	69.395
108	8	1	215.74	-17.895	30.795	82.549
108	11	1	278.26	1.0651	34.438	86.289
108	16	1	137.22	26.429	45.273	85.608
108	14	1	208.91	131.87	45.144	70.296
108	13	1	251.56	99.866	42.564	45.789
108	19	1	67.252	106.69	43.627	58.444
108	20	1	137.11	54.113	51.274	84.172
108	21	1	139.2	116.04	63.102	113.19
108	22	1	132.38	117.75	40.63	89.858
108	23	1	69.183	138.04	58.687	92.868
108	24	1	273.62	194.28	49.658	39.985
108	25	1	232.35	213.2	35.47	43.209
108	27	1	302.27	218.14	36.668	37.405
109	1	1	174.44	-0.30863	35.138	68.685
109	8	1	217.51	-18.54	30.311	82.549
109	11	1	279.81	0.93608	33.664	86.031
109	16	1	136.4	25.771	45.273	85.608
109	14	1	208.05	132.01	45.144	70.296
109	13	1	251.44	99.608	42.564	45.789
109	19	1	67.252	105.73	43.627	58.444
109	20	1	138.34	51.781	50.862	84.035
109	21	1	139.68	114.51	62.619	113.84
109	22	1	132.38	115.71	39.985	90.073
109	23	1	68.538	137.27	58.687	92.868
109	24	1	272.2	194.15	49.658	39.985
109	25	1	232.35	213.06	35.47	43.209
109	27	1	302.09	218.14	36.299	37.405
110	1	1	174.44	-0.30863	35.138	67.975
110	8	1	217.03	-18.702	30.311	82.549
110	11	1	281.36	0.8071	32.891	85.774
110	16	1	135.57	25.112	45.273	85.608
110	14	1	207.19	132.15	45.144	70.296
110	13	1	251.31	99.35	42.564	45.789
110	19	1	67.252	104.77	43.627	58.444
110	20	1	139.58	49.448	50.45	83.898
110	21	1	140.17	112.97	62.135	114.48
110	22	1	132.38	113.67	39.34	90.288
110	23	1	67.893	136.5	58.687	92.868
110	24	1	270.78	194.02	49.658	39.985
110	25	1	232.35	212.91	35.47	43.209
110	27	1	301.9	218.14	35.931	37.405
111	1	1	174.44	-0.30863	35.138	67.266
111	8	1	216.55	-18.863	30.311	82.549
111	11	1	280.84	0.8071	32.891	85.774
111	16	1	134.75	24.454	45.273	85.608
111	14	1	206.33	132.3	45.144	70.296
111	13	1	251.18	99.092	42.564	45.789
111	19	1	67.252	103.81	43.627	58.444
111	20	1	139.58	49.448	50.143	83.054
111	21	1	140.65	111.44	61.651	115.13
111	22	1	131.87	113.15	39.469	91.32
111	23	1	67.249	135.72	58.687	92.868
111	24	1	269.36	193.89	49.658	39.985
111	25	1	232.35	212.77	35.47	43.209
111	27	1	301.72	218.14	35.562	37.405
112	1	1	174.44	-0.30863	35.138	66.556
112	8	1	216.06	-19.024	30.311	82.549
112	11	1	280.33	0.8071	32.891	85.774
112	16	1	133.93	23.795	45.273	85.608
112	14	1	205.48	132.44	45.144	70.296
112	13	1	251.05	98.834	42.564	45.789
112	19	1	66.155	104.63	43.627	58.444
112	20	1	139.58	49.448	49.836	82.209
112	21	1	141.13	109.91	61.168	115.77
112	22	1	131.35	112.64	39.598	92.352
112	23	1	66.604	134.95	58.687	92.868
112	24	1	267.95	193.77	49.658	39.985
112	25	1	232.35	212.63	35.47	43.209
112	27	1	301.54	218.14	35.194	37.405
113	1	1	173.77	-0.16079	35.138	66.704
113	8	1	215.58	-19.185	30.311	82.549
113	11	1	279.81	0.8071	32.891	85.774
113	16	1	133.1	23.137	45.273	85.608
113	14	1	204.62	132.58	45.144	70.296
113	13	1	250.4	99.479	42.564	45.789
113	19	1	65.057	105.45	43.627	58.444
113	20	1	139.58	49.448	49.529	81.365
113	21	1	141.62	108.38	60.684	116.42
113	22	1	130.84	112.12	39.727	93.383
113	23	1	66.12	135.43	58.042	93.351
113	24	1	266.53	193.64	49.658	39.985
113	25	1	232.35	212.48	35.47	43.209
113	27	1	301.35	218.14	34.825	37.405
114	1	1	173.11	-0.012946	35.138	66.852
114	8	1	214.29	-19.185	30.311	82.549
114	11	1	279.3	0.8071	32.891	85.774
114	16	1	131.46	22.176	45.273	85.608
114	14	1	203.76	132.73	45.144	70.296
114	13	1	249.76	100.12	42.564	45.789
114	19	1	63.96	106.27	43.627	58.444
114	20	1	139.58	49.448	49.222	80.521
114	21	1	142.1	106.85	60.2	117.06
114	22	1	130.32	111.6	39.856	94.415
114	23	1	65.636	135.92	57.397	93.835
114	24	1	265.5	194.02	49.4	39.598
114	25	1	232.35	212.34	35.47	43.209
114	26	1	193.65	221.37	75.455	35.47
114	27	1	300.45	218.01	34.825	37.405
115	1	1	172.44	0.1349	35.138	67
115	8	1	213	-19.185	30.311	82.549
115	11	1	278.78	0.8071	32.891	85.774
115	16	1	129.81	21.216	45.273	85.608
115	14	1	202.9	132.87	45.144	70.296
115	13	1	249.11	100.77	42.564	45.789
115	19	1	62.862	107.1	43.627	58.444
115	20	1	139.58	49.448	48.915	79.676
115	21	1	141.62	105.64	59.636	116.34
115	22	1	129.81	111.09	39.985	95.447
115	23	1	65.153	136.4	56.752	94.319
115	24	1	264.46	194.41	49.142	39.211
115	25	1	229.28	210.73	35.47	43.209
115	26	1	191.33	221.11	75.455	35.47
115	27	1	299.55	217.89	34.825	37.405
116	1	1	171.78	0.28274	35.138	67.148
116	8	1	211.71	-19.185	30.311	82.549
116	11	1	277.49	-1.4501	31.762	85.774
116	16	1	128.17	20.256	45.273	85.608
116	14	1	202.04	133.01	45.144	70.296
116	13	1	248.47	101.41	42.564	45.789
116	19	1	61.765	107.92	43.627	58.444
116	20	1	139.58	49.448	48.608	78.832
116	21	1	141.13	104.43	59.072	115.61
116	22	1	129.05	109.05	39.77	95.555
116	23	1	64.669	136.88	56.107	94.802
116	24	1	263.43	194.8	48.884	38.824
116	25	1	226.22	209.11	35.47	43.209
116	26	1	189.01	220.85	75.455	35.47
116	27	1	298.64	217.76	34.825	37.405
117	1	1	169.45	0.12504	35.138	66.674
117	8	1	210.42	-19.185	30.311	82.549
117	11	1	276.2	-3.7073	30.633	85.774
117	16	1	126.52	19.295	45.273	85.608
117	14	1	199.46	131.89	45.144	70.296
117	13	1	247.82	102.06	42.564	45.789
117	19	1	60.667	108.74	43.627	58.444
117	20	1	137.38	46.397	49.843	78.084
117	21	1	140.65	103.22	58.507	114.89
117	22	1	128.3	107	39.555	95.662
117	23	1	62.089	135.92	56.107	94.802
117	24	1	262.4	195.18	48.626	38.437
117	25	1	223.16	207.5	35.47	43.209
117	26	1	186.69	220.59	75.455	35.47
117	27	1	297.74	217.63	34.825	37.405
118	1	1	167.12	-0.032659	35.138	66.201
118	8	1	206.55	-20.959	30.311	82.549
118	11	1	274.91	-5.9645	29.505	85.774
118	16	1	124.87	18.335	45.273	85.608
118	14	1	196.88	130.76	45.144	70.296
118	13	1	242.88	99.264	42.564	45.789
118	19	1	56.551	106.27	43.627	58.444
118	20	1	135.19	43.346	51.078	77.335
118	21	1	140.17	102.01	57.943	114.16
118	22	1	127.55	104.96	39.34	95.77
118	23	1	59.51	134.95	56.107	94.802
118	24	1	261.37	195.57	48.369	38.05
118	25	1	220.09	205.89	35.47	43.209
118	26	1	184.36	220.34	75.455	35.47
118	27	1	296.84	217.5	34.825	37.405
119	1	1	164.8	-0.19036	35.138	65.728
119	8	1	202.68	-22.732	30.311	82.549
119	11	1	273.62	-8.2217	28.376	85.774
119	16	1	123.23	17.375	45.273	85.608
119	14	1	194.3	129.63	45.144	70.296
119	13	1	237.94	96.469	42.564	45.789
119	19	1	52.436	103.81	43.627	58.444
119	20	1	129.7	40.295	50.666	76.587
119	21	1	136.14	97.9	58.346	113.44
119	22	1	123.36	101.2	39.125	95.877
119	23	1	56.93	133.98	56.107	94.802
119	24	1	256.6	192.22	48.369	38.05
119	25	1	217.03	204.28	35.47	43.209
119	26	1	182.04	220.08	75.455	35.47
119	27	1	292.65	213.95	34.825	37.405
120	1	1	159.27	-0.84087	35.138	64.516
120	8	1	198.81	-24.506	30.311	82.549
120	16	1	116.48	14.247	45.767	84.62
120	14	1	191.72	128.5	45.144	70.296
120	13	1	232.99	93.675	42.564	45.789
120	19	1	48.32	101.34	43.627	58.444
120	20	1	124.22	37.244	50.255	75.838
120	21	1	132.11	93.788	58.749	112.71
120	22	1	119.16	97.437	38.91	95.985
120	23	1	54.35	133.01	56.107	94.802
120	24	1	251.82	188.86	48.369	38.05
120	25	1	213.97	202.67	35.47	43.209
120	26	1	177.27	216.72	75.197	39.598
120	27	1	288.45	210.4	34.825	37.405
121	1	1	153.74	-1.4914	35.138	63.304
121	8	1	194.94	-26.279	30.311	82.549
121	16	1	109.73	11.119	46.261	83.632
121	14	1	184.95	125.76	45.144	70.296
121	13	1	228.05	90.88	42.564	45.789
121	19	1	44.204	98.867	43.627	58.444
121	20	1	118.73	34.193	49.843	75.09
121	21	1	128.07	89.677	59.152	111.98
121	22	1	114.97	93.675	38.695	96.092
121	23	1	48.03	130.78	56.494	94.673
121	24	1	247.05	185.51	48.369	38.05
121	25	1	210.9	201.05	35.47	43.209
121	26	1	172.5	213.37	74.939	43.725
121	27	1	284.26	206.86	34.825	37.405
122	1	1	147.82	-3.2655	35.138	60.642
122	8	1	187.74	-27.159	30.311	82.549
122	16	1	102.98	7.9907	46.755	82.644
122	14	1	178.17	123.02	45.144	70.296
122	13	1	223.1	88.085	42.564	45.789
122	19	1	40.088	96.397	43.627	58.444
122	20	1	113.24	31.142	49.431	74.342
122	21	1	124.04	85.566	59.555	111.26
122	22	1	109.17	90.88	39.34	95.017
122	23	1	41.71	128.54	56.881	94.544
122	24	1	242.28	182.16	48.369	38.05
122	25	1	207.84	199.44	35.47	43.209
122	26	1	167.73	210.02	74.681	47.853
122	27	1	280.07	203.31	34.825	37.405
123	1	1	141.25	-3.783	35.138	60.642
123	8	1	180.54	-28.038	30.311	82.549
123	16	1	96.227	4.8627	47.249	81.657
123	14	1	171.4	120.28	45.144	70.296
123	13	1	218.16	85.291	42.564	45.789
123	19	1	33.997	97.22	42.804	58.444
123	20	1	107.76	28.091	49.02	73.593
123	21	1	118.5	84.018	59.684	110.1
123	22	1	103.36	89.633	39.985	93.942
123	23	1	35.39	126.31	57.268	94.415
123	24	1	237.51	178.8	48.369	38.05
123	25	1	202.16	198.8	35.47	43.209
123	26	1	162.95	206.66	74.423	51.98
123	27	1	274.52	202.92	34.825	37.405
124	1	1	134.67	-4.3004	35.138	60.642
124	8	1	173.34	-28.918	30.311	82.549
124	16	1	89.477	1.7347	47.743	80.669
124	14	1	164.63	117.54	45.144	70.296
124	13	1	210.65	85.056	42.74	45.789
124	19	1	27.906	98.043	41.981	58.444
124	20	1	102.27	25.04	48.608	72.845
124	21	1	112.95	82.47	59.813	108.94
124	22	1	97.56	88.386	40.63	92.868
124	23	1	29.07	126.76	57.655	94.286
124	24	1	232.22	178.93	48.369	38.05
124	25	1	196.49	198.15	35.47	43.209
124	26	1	158.18	203.31	74.165	56.107
124	27	1	268.98	202.54	34.825	37.405
125	1	1	128.09	-4.8179	35.138	60.642
125	8	1	166.14	-29.797	30.311	82.549
125	16	1	82.892	1.8994	46.755	80.175
125	14	1	158.83	117.97	45.144	70.296
125	13	1	203.15	84.822	42.916	45.789
125	19	1	21.814	98.867	41.158	58.444
125	20	1	95.851	25.04	47.456	72.845
125	21	1	107.41	80.922	59.942	107.78
125	22	1	91.755	87.14	41.274	91.793
125	23	1	22.75	127.21	58.042	94.157
125	24	1	226.93	179.06	48.369	38.05
125	25	1	190.81	197.51	35.47	43.209
125	26	1	153.24	203.63	73.843	56.107
125	27	1	263.43	202.15	34.825	37.405
126	1	1	121.51	-5.3353	35.138	60.642
126	8	1	158.93	-30.676	30.311	82.549
126	16	1	76.307	2.064	45.767	79.681
126	14	1	153.02	118.4	45.144	70.296
126	13	1	195.65	84.587	43.092	45.789
126	19	1	15.723	99.69	40.334	58.444
126	20	1	89.431	25.04	46.303	72.845
126	21	1	101.86	79.375	60.071	106.62
126	22	1	85.951	85.893	41.919	90.718
126	23	1	15.87	129.57	59.977	93.727
126	24	1	221.64	179.19	48.369	38.05
126	25	1	185.14	196.86	35.47	43.209
126	26	1	148.29	203.95	73.52	56.107
126	27	1	257.89	201.76	34.825	37.405
126	30	1	301.35	176.22	35.47	81.904
127	1	1	113.94	-4.5189	35.411	60.098
127	8	1	151.73	-31.556	30.311	82.549
127	16	1	69.722	2.2286	44.779	79.187
127	14	1	147.22	118.83	45.144	70.296
127	13	1	188.14	84.353	43.268	45.789
127	19	1	9.6318	100.51	39.511	58.444
127	20	1	83.01	25.04	45.151	72.845
127	21	1	96.313	77.827	60.2	105.45
127	22	1	80.147	84.646	42.564	89.643
127	23	1	8.9914	131.94	61.912	93.298
127	24	1	216.35	179.32	48.369	38.05
127	25	1	179.46	196.22	35.47	43.209
127	26	1	143.35	204.28	73.198	56.107
127	27	1	252.34	201.38	34.825	37.405
127	30	1	295.39	175.1	39.017	82.71
128	1	1	106.38	-3.7026	35.683	59.554
128	8	1	143.35	-31.016	30.311	82.549
128	16	1	63.137	2.3932	43.792	78.693
128	14	1	141.41	119.26	45.144	70.296
128	13	1	180.64	84.118	43.444	45.789
128	19	1	3.8698	102.98	39.511	58.444
128	20	1	76.59	25.04	43.999	72.845
128	21	1	89.127	77.274	59.371	106.38
128	22	1	75.331	85.119	43.08	90.933
128	23	1	2.1123	134.3	63.846	92.868
128	24	1	211.06	179.45	48.369	38.05
128	25	1	172.76	196.47	35.47	43.209
128	26	1	138.4	204.6	72.875	56.107
128	27	1	246.37	200.57	34.825	37.405
128	30	1	289.42	173.97	42.564	83.516
129	1	1	98.812	-2.8862	35.955	59.01
129	8	1	134.96	-30.477	30.311	82.549
129	16	1	56.551	2.5579	42.804	78.199
129	14	1	135.61	119.69	45.144	70.296
129	13	1	173.13	83.884	43.62	45.789
129	19	1	0.16559	103.39	37.453	58.444
129	20	1	70.169	25.04	42.846	72.845
129	21	1	81.94	76.721	58.542	107.3
129	22	1	70.516	85.592	43.596	92.223
129	23	1	-0.46737	134.95	61.912	92.868
129	24	1	203.81	178.8	48.369	38.05
129	25	1	166.05	196.73	35.47	43.209
129	26	1	133.46	204.92	72.553	56.107
129	27	1	240.41	199.76	34.825	37.405
129	30	1	283.46	172.84	46.111	84.322
130	1	1	91.247	-2.0698	36.227	58.465
130	8	1	126.58	-29.938	30.311	82.549
130	16	1	47.085	3.1066	42.118	76.279
130	14	1	129.81	120.12	45.144	70.296
130	13	1	165.63	83.649	43.795	45.789
130	19	1	-3.5386	103.81	35.395	58.444
130	20	1	60.012	25.561	43.042	72.129
130	21	1	74.754	76.168	57.713	108.22
130	22	1	65.701	86.065	44.112	93.512
130	23	1	-0.46737	137.21	54.818	92.868
130	24	1	196.55	178.16	48.369	38.05
130	25	1	159.34	196.99	35.47	43.209
130	26	1	128.52	205.24	72.23	56.107
130	27	1	234.44	198.96	34.825	37.405
130	30	1	277.49	171.71	49.658	85.129
130	31	1	292.97	140.75	44.499	61.267
130	33	1	303.29	29.183	35.47	50.303
131	1	1	81.141	-1.642	36.227	58.465
131	8	1	118.2	-29.398	30.311	82.549
131	16	1	37.619	3.6554	41.432	74.358
131	14	1	120.94	120.12	45.144	70.296
131	13	1	158.12	83.415	43.971	45.789
131	20	1	49.855	26.081	43.237	71.412
131	21	1	67.568	75.616	56.884	109.14
131	22	1	57.123	86	44.628	94.802
131	23	1	-0.46737	139.46	47.724	92.868
131	24	1	189.3	177.51	48.369	38.05
131	25	1	152.64	197.25	35.47	43.209
131	26	1	120.94	205.08	71.747	56.107
131	27	1	228.48	198.15	34.825	37.405
131	30	1	270.07	170.42	50.464	86.096
131	31	1	284.75	138.5	46.917	62.718
131	33	1	294.9	28.538	37.405	50.948
132	1	1	71.034	-1.2142	36.227	58.465
132	8	1	109.81	-28.859	30.311	82.549
132	16	1	28.153	4.2042	40.746	72.437
132	14	1	112.07	120.12	45.144	70.296
132	13	1	150.62	83.18	44.147	45.789
132	20	1	39.697	26.602	43.432	70.696
132	21	1	60.382	75.063	56.054	110.06
132	22	1	48.546	85.936	45.144	96.092
132	23	1	-0.46737	144.62	40.63	87.708
132	24	1	182.04	176.87	48.369	38.05
132	25	1	145.93	197.51	35.47	43.209
132	26	1	113.36	204.92	71.263	56.107
132	27	1	220.09	196.22	34.825	37.405
132	29	1	171.72	236.85	44.499	25.797
132	30	1	262.66	169.13	51.271	87.063
132	31	1	276.52	136.24	49.336	64.169
132	32	1	280.07	103.99	50.303	34.825
132	33	1	284.58	26.281	38.05	50.787
133	1	1	60.928	-0.78642	36.227	58.465
133	8	1	101.43	-30.794	30.311	82.549
133	16	1	18.686	4.7529	40.06	70.517
133	14	1	103.2	120.12	45.144	70.296
133	13	1	143.11	82.946	44.323	45.789
133	20	1	29.54	27.123	43.628	69.98
133	21	1	53.196	74.51	55.225	110.98
133	22	1	40.872	85.484	45.144	95.834
133	23	1	-0.46737	149.78	33.536	82.549
133	24	1	173.5	175.26	48.369	38.05
133	25	1	136.9	197.12	35.47	43.209
133	26	1	105.78	204.76	70.779	56.107
133	27	1	211.71	194.28	34.825	37.405
133	29	1	164.63	234.27	44.499	25.797
133	30	1	255.24	167.84	52.077	88.031
133	31	1	268.3	133.98	51.754	65.62
133	32	1	270.88	101.25	50.303	34.825
133	33	1	274.27	24.024	38.695	50.626
134	1	1	50.821	-0.35863	36.227	58.465
134	8	1	90.465	-32.083	30.311	82.549
134	16	1	9.2203	5.3017	39.374	68.596
134	14	1	94.335	120.12	45.144	70.296
134	13	1	135.61	82.711	44.499	45.789
134	20	1	19.383	27.644	43.823	69.264
134	21	1	46.01	73.957	54.396	111.9
134	22	1	33.197	85.033	45.144	95.576
134	24	1	164.95	173.64	48.369	38.05
134	25	1	127.87	196.73	35.47	43.209
134	26	1	98.204	204.6	70.296	56.107
134	27	1	203.33	192.35	34.825	37.405
134	28	1	201.39	227.17	47.079	32.246
134	29	1	157.54	235.56	44.499	25.797
134	30	1	247.82	166.55	52.883	88.998
134	31	1	260.08	131.72	54.173	67.071
134	32	1	261.69	98.512	50.303	34.825
134	33	1	263.95	21.767	39.34	50.464
135	1	1	38.665	-0.51059	37.392	59.478
135	16	1	-0.24598	5.8505	38.688	66.675
135	14	1	84.178	120.28	45.144	70.296
135	13	1	124.77	81.937	45.144	45.918
135	20	1	7.0353	29.29	43.823	69.264
135	21	1	36.336	73.742	53.966	112.12
135	22	1	23.91	84.044	45.144	95.318
135	24	1	156.41	172.03	48.369	38.05
135	25	1	118.84	196.34	35.47	43.209
135	26	1	90.207	204.47	69.651	56.107
135	27	1	194.94	190.41	34.825	37.405
135	28	1	192.85	225.72	47.24	33.213
135	29	1	147.86	232.98	44.499	24.507
135	30	1	239.01	164.62	52.883	89.858
135	31	1	250.08	129.31	55.301	67.071
135	32	1	252.5	95.771	50.303	34.825
135	33	1	253.63	19.51	39.985	50.303
136	1	1	26.509	-0.66254	38.557	60.491
136	14	1	74.02	120.44	45.144	70.296
136	13	1	113.94	81.163	45.789	46.047
136	20	1	-2.0193	29.29	43.823	69.264
136	21	1	26.662	73.527	53.536	112.33
136	22	1	14.624	83.055	45.144	95.06
136	24	1	147.86	170.42	48.369	38.05
136	25	1	109.81	195.96	35.47	43.209
136	26	1	82.211	204.34	69.006	56.107
136	27	1	186.24	188.96	34.825	37.405
136	28	1	184.3	224.27	47.401	34.18
136	29	1	139.64	232.17	44.499	25.474
136	30	1	230.2	162.68	52.883	90.718
136	31	1	240.09	126.89	56.43	67.071
136	32	1	243.31	93.03	50.303	34.825
136	33	1	242.15	17.575	40.114	49.916
137	1	1	14.353	-0.81449	39.722	61.504
137	14	1	63.863	120.6	45.144	70.296
137	13	1	103.11	80.389	46.434	46.176
137	20	1	-2.0193	29.29	33.122	69.264
137	21	1	16.988	73.312	53.106	112.55
137	22	1	5.3369	82.066	45.144	94.802
137	24	1	138.19	170.1	48.369	38.05
137	25	1	100.78	195.57	35.47	43.209
137	26	1	74.214	204.21	68.361	56.107
137	27	1	177.53	187.51	34.825	37.405
137	28	1	175.76	222.82	47.562	35.148
137	29	1	131.42	231.36	44.499	26.441
137	30	1	221.38	160.75	52.883	91.578
137	31	1	230.09	124.47	57.559	67.071
137	32	1	232.35	90.611	50.303	34.825
137	33	1	230.67	15.64	40.243	49.529
138	1	1	2.197	-0.96644	40.887	62.517
138	14	1	53.705	120.76	45.144	70.296
138	13	1	92.271	79.616	47.079	46.305
138	21	1	4.0902	72.023	53.106	112.55
138	22	1	-1.1123	81.421	42.564	91.578
138	24	1	128.52	169.77	48.369	38.05
138	25	1	92.142	196.09	35.47	43.209
138	26	1	66.217	204.08	67.716	56.107
138	27	1	168.82	186.06	34.825	37.405
138	28	1	167.21	221.37	47.724	36.115
138	29	1	123.19	230.56	44.499	27.409
138	30	1	212.19	158.65	52.883	91.578
138	31	1	220.09	122.05	58.687	67.071
138	32	1	221.38	88.193	50.303	34.825
138	33	1	219.19	13.705	40.372	49.142
139	14	1	44.032	122.05	45.144	70.296
139	13	1	81.437	78.842	47.724	46.434
139	21	1	-0.42422	70.088	51.171	112.55
139	24	1	118.84	169.45	48.369	38.05
139	25	1	83.5	196.6	35.47	43.209
139	26	1	58.22	203.95	67.071	56.107
139	27	1	160.12	184.61	34.825	37.405
139	28	1	158.99	221.53	47.724	36.115
139	29	1	114.97	229.75	44.499	28.376
139	30	1	203	156.55	52.883	91.578
139	31	1	210.42	121.41	59.493	66.749
139	32	1	210.42	85.774	50.303	34.825
139	33	1	207.71	11.771	40.501	48.755
140	14	1	34.358	123.34	45.144	70.296
140	13	1	72.945	80.991	47.724	46.434
140	21	1	-0.42422	68.153	39.563	112.55
140	24	1	109.17	169.13	48.369	38.05
140	25	1	74.859	197.12	35.47	43.209
140	26	1	49.352	205.89	68.2	53.528
140	27	1	151.73	185.57	34.825	37.405
140	28	1	150.76	221.69	47.724	36.115
140	29	1	107.39	230.88	44.499	27.731
140	30	1	193.81	154.46	52.883	91.578
140	31	1	200.75	120.76	60.299	66.426
140	32	1	199.46	83.356	50.303	34.825
140	33	1	196.23	9.8359	40.63	48.369
141	14	1	24.684	124.63	45.144	70.296
141	13	1	64.454	83.141	47.724	46.434
141	24	1	101.91	170.58	48.369	38.05
141	25	1	66.217	197.63	35.47	43.209
141	26	1	40.485	207.82	69.328	50.948
141	27	1	143.35	186.54	34.825	37.405
141	28	1	142.54	221.85	47.724	36.115
141	29	1	99.817	232.01	44.499	27.086
141	30	1	184.62	152.36	52.883	91.578
141	31	1	191.07	120.12	61.106	66.104
141	32	1	190.59	83.84	50.303	34.825
141	33	1	185.48	10.481	41.274	47.939
141	34	1	304.58	-0.48273	32.246	81.259
142	14	1	17.268	127.21	45.144	70.296
142	13	1	55.963	85.291	47.724	46.434
142	24	1	94.657	172.03	48.369	38.05
142	25	1	57.575	198.15	35.47	43.209
142	26	1	31.617	209.76	70.457	48.369
142	27	1	134.96	187.51	34.825	37.405
142	28	1	134.32	222.01	47.724	36.115
142	29	1	92.239	233.14	44.499	26.441
142	30	1	178.17	154.04	52.883	91.578
142	31	1	181.4	119.47	61.912	65.781
142	32	1	181.72	84.323	50.303	34.825
142	33	1	174.73	11.126	41.919	47.509
142	34	1	296.52	-0.48273	31.923	81.259
143	14	1	9.8512	129.79	45.144	70.296
143	13	1	47.471	87.44	47.724	46.434
143	24	1	87.402	173.48	48.369	38.05
143	25	1	51.255	201.12	35.47	43.209
143	26	1	22.75	211.69	71.585	45.789
143	27	1	126.58	188.48	34.825	37.405
143	28	1	128.35	223.95	47.724	36.115
143	29	1	84.661	234.27	44.499	25.797
143	30	1	171.72	155.72	52.883	91.578
143	31	1	174.3	120.92	62.395	64.975
143	32	1	172.85	84.807	50.303	34.825
143	33	1	163.99	11.771	42.564	47.079
143	34	1	288.45	-0.48273	31.601	81.259
144	14	1	5.3369	134.3	45.144	70.296
144	13	1	38.98	89.59	47.724	46.434
144	24	1	80.147	174.93	48.369	38.05
144	25	1	44.935	204.08	35.47	43.209
144	26	1	17.59	214.6	71.585	42.564
144	27	1	120.62	190.09	34.825	37.405
144	28	1	122.39	225.88	47.724	36.115
144	30	1	165.28	157.39	52.883	91.578
144	31	1	167.21	122.37	62.879	64.169
144	32	1	163.99	85.291	50.303	34.825
144	33	1	156.41	13.222	42.564	47.079
144	34	1	280.39	-0.48273	31.278	81.259
145	14	1	2.1123	135.92	42.887	70.618
145	13	1	30.488	91.74	47.724	46.434
145	24	1	74.665	177.35	48.369	38.05
145	25	1	38.614	207.05	35.47	43.209
145	26	1	12.431	217.5	71.585	39.34
145	27	1	114.65	191.7	34.825	37.405
145	28	1	116.42	227.82	47.724	36.115
145	30	1	158.83	159.07	52.883	91.578
145	31	1	160.12	123.82	63.363	63.363
145	32	1	157.21	86.097	50.303	34.825
145	33	1	148.83	14.673	42.564	47.079
145	34	1	272.33	-0.48273	30.956	81.259
146	14	1	-1.1123	137.53	40.63	70.94
146	13	1	25.071	93.417	46.692	46.176
146	24	1	69.183	179.77	48.369	38.05
146	25	1	32.294	210.02	35.47	43.209
146	27	1	108.68	193.31	34.825	37.405
146	28	1	110.46	229.75	47.724	36.115
146	30	1	152.38	160.75	52.883	91.578
146	31	1	153.02	125.28	63.846	62.557
146	32	1	150.44	86.903	50.303	34.825
146	33	1	141.25	16.124	42.564	47.079
146	34	1	265.02	-0.91267	30.956	81.259
147	14	1	-0.78983	138.82	34.503	70.618
147	13	1	19.654	95.093	45.66	45.918
147	24	1	63.702	182.19	48.369	38.05
147	25	1	25.974	212.98	35.47	43.209
147	27	1	102.72	194.93	34.825	37.405
147	28	1	105.46	230.07	47.724	36.115
147	30	1	146.73	160.58	53.85	91.094
147	31	1	147.54	125.38	64.384	62.342
147	32	1	143.67	87.709	50.303	34.825
147	33	1	133.67	17.575	42.564	47.079
147	34	1	257.71	-1.3426	30.956	81.259
148	14	1	-0.46737	140.11	28.376	70.296
148	13	1	14.237	96.77	44.628	45.66
148	24	1	58.22	184.61	48.369	38.05
148	25	1	22.234	213.63	35.47	43.209
148	27	1	98.366	195.41	34.825	37.405
148	28	1	100.46	230.4	47.724	36.115
148	30	1	141.09	160.42	54.818	90.61
148	31	1	142.06	125.49	64.921	62.127
148	32	1	136.9	88.515	50.303	34.825
148	33	1	127.23	18.059	43.048	46.111
148	34	1	250.4	-1.7726	30.956	81.259
149	13	1	8.8194	98.447	43.596	45.402
149	24	1	54.092	185.12	48.369	38.05
149	25	1	18.493	214.27	35.47	43.209
149	27	1	94.012	195.89	34.825	37.405
149	28	1	95.464	230.72	47.724	36.115
149	30	1	135.45	160.26	55.785	90.127
149	31	1	136.58	125.6	65.459	61.912
149	32	1	131.42	88.354	50.303	34.825
149	33	1	120.78	18.542	43.532	45.144
149	34	1	243.95	-1.9875	30.956	81.259
150	13	1	3.4021	100.12	42.564	45.144
150	24	1	49.965	185.64	48.369	38.05
150	25	1	14.753	214.92	35.47	43.209
150	27	1	89.659	196.38	34.825	37.405
150	28	1	90.465	231.04	47.724	36.115
150	30	1	129.81	160.1	56.752	89.643
150	31	1	131.1	125.71	65.996	61.697
150	32	1	125.94	88.193	50.303	34.825
150	33	1	114.33	19.026	44.015	44.177
150	34	1	237.51	-2.2025	30.956	81.259
151	13	1	-1.1123	100.77	42.564	45.144
151	24	1	45.837	186.16	48.369	38.05
151	25	1	11.012	215.56	35.47	43.209
151	27	1	85.306	196.86	34.825	37.405
151	28	1	87.08	231.36	48.852	36.115
151	30	1	125.29	160.1	56.752	89.643
151	31	1	125.61	125.81	66.534	61.482
151	32	1	120.45	88.032	50.303	34.825
151	33	1	107.88	19.51	44.499	43.209
151	34	1	231.06	-2.4175	30.956	81.259
152	13	1	-1.1123	100.77	37.727	45.466
152	24	1	41.71	186.67	48.369	38.05
152	25	1	7.2716	216.21	35.47	43.209
152	27	1	81.598	197.02	34.825	37.405
152	28	1	83.694	231.69	49.981	36.115
152	30	1	120.78	160.1	56.752	89.643
152	31	1	120.13	125.92	67.071	61.267
152	32	1	114.97	87.87	50.303	34.825
152	33	1	102.72	19.348	44.821	43.532
152	34	1	226.06	-2.9012	30.956	81.259
153	13	1	-1.1123	100.77	32.891	45.789
153	24	1	37.583	187.19	48.369	38.05
153	27	1	77.89	197.18	34.825	37.405
153	28	1	80.308	232.01	51.109	36.115
153	30	1	116.26	160.1	56.752	89.643
153	31	1	115.75	126.18	67.071	61.267
153	32	1	110.46	87.387	50.948	35.148
153	33	1	97.56	19.187	45.144	43.854
153	34	1	221.06	-3.3848	30.956	81.259
154	24	1	33.068	188.09	48.369	38.05
154	27	1	74.181	197.34	34.825	37.405
154	28	1	76.922	232.33	52.238	36.115
154	30	1	111.75	160.1	56.752	89.643
154	31	1	111.36	126.44	67.071	61.267
154	32	1	105.94	86.903	51.593	35.47
154	33	1	92.4	19.026	45.466	44.177
154	34	1	216.06	-3.8685	30.956	81.259
155	24	1	28.554	188.99	48.369	38.05
155	27	1	70.473	197.51	34.825	37.405
155	28	1	72.085	233.3	51.593	36.115
155	30	1	107.56	160.42	56.752	89.643
155	31	1	106.98	126.69	67.071	61.267
155	32	1	101.43	86.419	52.238	35.793
155	33	1	87.241	18.865	45.789	44.499
155	34	1	211.06	-4.3522	30.956	81.259
156	24	1	24.039	189.9	48.369	38.05
156	27	1	65.314	198.63	35.793	37.566
156	28	1	67.249	234.27	50.948	36.115
156	30	1	103.36	160.75	56.752	89.643
156	31	1	102.59	126.95	67.071	61.267
156	32	1	96.915	85.936	52.883	36.115
156	33	1	81.92	19.832	45.789	44.499
156	34	1	205.42	-4.3522	30.956	81.259
157	24	1	19.525	190.8	48.369	38.05
157	27	1	60.155	199.76	36.76	37.727
157	28	1	62.412	235.23	50.303	36.115
157	30	1	99.172	161.07	56.752	89.643
157	31	1	98.204	127.21	67.071	61.267
157	32	1	90.949	86.903	53.044	36.276
157	33	1	76.6	20.799	45.789	44.499
157	34	1	199.78	-4.3522	30.956	81.259
158	24	1	15.011	191.7	48.369	38.05
158	27	1	54.995	200.89	37.727	37.889
158	28	1	57.575	236.2	49.658	36.115
158	30	1	94.98	161.39	56.752	89.643
158	31	1	92.078	128.18	67.232	60.944
158	32	1	84.984	87.87	53.205	36.438
158	33	1	71.279	21.767	45.789	44.499
158	34	1	194.14	-4.3522	30.956	81.259
158	35	1	300.06	51.755	35.47	79.969
159	24	1	10.066	193.21	48.369	38.05
159	27	1	49.836	202.02	38.695	38.05
159	30	1	88.66	162.55	56.752	89.385
159	31	1	85.951	129.14	67.393	60.622
159	32	1	79.018	88.838	53.367	36.599
159	33	1	65.959	22.734	45.789	44.499
159	34	1	188.49	-4.3522	30.956	81.259
159	35	1	293.45	50.949	35.47	79.969
160	24	1	5.1219	194.71	48.369	38.05
160	27	1	43.87	203.31	38.695	38.05
160	30	1	82.34	163.71	56.752	89.127
160	31	1	79.824	130.11	67.555	60.299
160	32	1	73.053	89.805	53.528	36.76
160	33	1	57.897	24.346	45.789	44.499
160	34	1	180.91	-4.191	30.956	81.259
160	35	1	286.84	50.143	35.47	79.969
161	24	1	0.17754	196.22	48.369	38.05
161	27	1	37.905	204.6	38.695	38.05
161	30	1	76.019	164.87	56.752	88.869
161	31	1	73.698	131.08	67.716	59.977
161	32	1	65.314	91.579	52.399	37.083
161	33	1	49.836	25.959	45.789	44.499
161	34	1	173.34	-4.0298	30.956	81.259
161	35	1	280.23	49.337	35.47	79.969
162	24	1	-1.1123	198.15	41.274	37.405
162	27	1	31.94	205.89	38.695	38.05
162	30	1	69.699	166.03	56.752	88.611
162	31	1	65.529	133.34	68.146	59.44
162	32	1	57.575	93.352	51.271	37.405
162	33	1	41.774	27.571	45.789	44.499
162	34	1	165.76	-3.8685	30.956	81.259
162	35	1	273.62	48.531	35.47	79.969
163	24	1	-2.4021	200.09	34.18	36.76
163	27	1	25.974	207.18	38.695	38.05
163	30	1	63.379	167.19	56.752	88.353
163	31	1	57.36	135.59	68.576	58.902
163	32	1	49.836	95.126	50.142	37.727
163	33	1	33.713	29.183	45.789	44.499
163	34	1	158.18	-3.7073	30.956	81.259
163	35	1	264.59	48.692	35.47	79.969
164	27	1	17.751	210.24	38.695	38.05
164	30	1	55.156	170.26	57.881	88.353
164	31	1	49.191	137.85	69.006	58.365
164	32	1	42.097	96.899	49.013	38.05
164	33	1	22.75	31.763	45.789	44.499
164	34	1	147.22	-2.2562	31.923	81.582
164	35	1	255.56	48.853	35.47	79.969
165	27	1	9.5288	213.31	38.695	38.05
165	30	1	46.934	173.32	59.01	88.353
165	31	1	41.022	140.11	69.436	57.827
165	32	1	33.229	99.318	49.497	38.372
165	33	1	11.786	34.343	45.789	44.499
165	34	1	136.25	-0.80518	32.891	81.904
165	35	1	246.53	49.014	35.47	79.969
166	27	1	1.3061	216.37	38.695	38.05
166	30	1	38.711	176.38	60.138	88.353
166	31	1	32.853	142.37	69.866	57.29
166	32	1	24.362	101.74	49.981	38.695
166	33	1	5.3369	38.212	45.789	44.499
166	34	1	125.29	0.64587	33.858	82.226
166	35	1	237.51	49.176	35.47	79.969
167	27	1	-6.9165	219.43	38.695	38.05
167	30	1	30.488	179.45	61.267	88.353
167	31	1	24.684	144.62	70.296	56.752
167	32	1	15.494	104.15	50.464	39.017
167	33	1	-2.4021	38.857	44.499	45.144
167	34	1	114.33	2.0969	34.825	82.549
167	35	1	227.83	49.821	35.47	79.969
168	30	1	24.297	182.03	60.493	88.353
168	31	1	17.751	147.69	69.973	56.43
168	32	1	6.6267	106.57	50.948	39.34
168	33	1	-3.6919	45.951	36.115	41.274
168	34	1	104.49	4.3541	34.342	82.065
168	35	1	218.16	50.465	35.47	79.969
169	30	1	18.106	184.61	59.719	88.353
169	31	1	10.819	150.75	69.651	56.107
169	34	1	94.657	6.6113	33.858	81.582
169	35	1	208.48	51.11	35.47	79.969
170	30	1	11.915	187.19	58.945	88.353
170	31	1	3.8858	153.81	69.328	55.785
170	34	1	84.822	8.8685	33.374	81.098
170	35	1	198.81	51.755	35.47	79.969
171	30	1	5.7238	189.77	58.171	88.353
171	31	1	-3.047	156.88	69.006	55.463
171	34	1	74.988	11.126	32.891	80.614
171	35	1	189.78	52.078	35.47	77.873
172	30	1	-0.46737	192.35	57.397	88.353
172	34	1	65.636	10.158	34.987	80.131
172	35	1	180.75	52.4	35.47	75.777
173	34	1	56.285	9.191	37.083	79.647
173	35	1	171.72	52.723	35.47	73.681
174	34	1	46.934	8.2236	39.179	79.163
174	35	1	162.7	53.045	35.47	71.585
175	34	1	37.583	7.2562	41.274	78.679
175	35	1	155.28	51.755	35.47	71.585
176	34	1	29.844	8.7073	41.758	78.196
176	35	1	147.86	50.465	35.47	71.585
177	34	1	22.105	10.158	42.242	77.712
177	35	1	140.45	49.176	35.47	71.585
178	34	1	14.366	11.609	42.726	77.228
178	35	1	133.03	47.886	35.47	71.585
179	34	1	6.6267	13.06	43.209	76.745
179	35	1	125.77	48.369	37.244	72.069
180	34	1	2.7572	16.607	40.952	75.455
180	35	1	118.52	48.853	39.017	72.553
180	36	1	287.81	211.05	52.238	49.658
181	34	1	-1.1123	20.155	38.695	74.165
181	35	1	111.26	49.337	40.791	73.036
181	36	1	284.58	210.08	55.463	50.626
182	35	1	104.01	49.821	42.564	73.52
182	36	1	281.36	209.11	58.687	51.593
182	37	1	73.698	229.75	52.883	30.311
183	35	1	99.333	50.949	42.564	73.52
183	36	1	278.14	208.15	61.912	52.56
183	37	1	69.345	229.59	52.883	30.311
184	35	1	94.657	52.078	42.564	73.52
184	36	1	274.91	207.18	65.136	53.528
184	37	1	64.991	229.43	52.883	30.311
185	35	1	89.982	53.206	42.564	73.52
185	36	1	272.33	207.34	65.136	53.528
185	37	1	60.638	229.27	52.883	30.311
186	35	1	85.306	54.335	42.564	73.52
186	36	1	269.75	207.5	65.136	53.528
186	37	1	56.285	229.11	52.883	30.311
186	38	1	122.71	229.75	52.238	30.956
187	35	1	82.598	54.335	42.564	73.52
187	36	1	267.17	207.66	65.136	53.528
187	37	1	53.318	227.82	52.883	31.214
187	38	1	117.23	227.66	53.689	32.729
188	35	1	79.889	54.335	42.564	73.52
188	36	1	264.59	207.82	65.136	53.528
188	37	1	50.352	226.53	52.883	32.117
188	38	1	111.75	225.56	55.14	34.503
189	35	1	77.18	54.335	42.564	73.52
189	36	1	263.3	208.79	65.136	52.722
189	37	1	47.385	225.24	52.883	33.02
189	38	1	106.27	223.46	56.591	36.276
190	35	1	74.472	54.335	42.564	73.52
190	36	1	262.01	209.76	65.136	51.916
190	37	1	44.419	223.95	52.883	33.922
190	38	1	100.78	221.37	58.042	38.05
191	35	1	71.763	54.335	42.564	73.52
191	36	1	260.72	210.73	65.136	51.109
191	37	1	41.452	222.66	52.883	34.825
191	38	1	99.31	221.57	58.042	37.755
192	35	1	71.892	59.494	40.845	71.37
192	36	1	259.43	211.69	65.136	50.303
192	37	1	40.485	224.11	52.883	35.631
192	38	1	97.836	221.77	58.042	37.46
193	35	1	72.021	64.654	39.125	69.221
193	36	1	259.43	212.82	64.814	49.175
193	37	1	39.517	225.56	52.883	36.438
193	38	1	96.362	221.98	58.042	37.165
194	35	1	72.15	69.813	37.405	67.071
194	36	1	259.43	213.95	64.491	48.046
194	37	1	40.485	222.5	52.883	37.244
194	38	1	94.888	222.18	58.042	36.871
195	35	1	70.667	62.074	39.985	70.296
195	36	1	259.43	206.7	65.459	55.301
195	37	1	41.452	219.43	52.883	38.05
195	38	1	93.414	212.71	58.042	46.25
196	35	1	69.183	54.335	42.564	73.52
196	36	1	259.43	199.44	66.426	62.557
196	37	1	40.162	207.18	53.85	51.593
196	38	1	91.94	202.85	58.042	56.015
197	35	1	67.893	48.531	42.564	73.52
197	36	1	257.5	191.06	65.781	70.94
197	37	1	38.872	200.09	54.818	59.977
197	38	1	90.465	192.99	58.042	65.781
