1	1	1	106.76	61.825	72.437	183.56
2	1	1	107.2	62.154	71.889	182.08
3	1	1	107.64	62.483	71.34	180.6
4	1	1	108.08	62.813	70.791	179.12
5	1	1	108.52	63.142	70.242	177.64
6	1	1	108.96	63.471	69.693	176.15
7	1	1	109.4	63.8	69.145	174.67
8	1	1	109.84	64.13	68.596	173.19
9	1	1	110.28	64.459	68.047	171.71
10	1	1	110.71	64.788	67.498	170.23
11	1	1	111.15	65.117	66.95	168.75
12	1	1	111.59	65.447	66.401	167.26
13	1	1	112.03	65.776	65.852	165.78
14	1	1	112.47	66.105	65.303	164.3
15	1	1	112.91	66.434	64.755	162.82
16	1	1	113.35	66.764	64.206	161.34
17	1	1	113.44	66.764	63.556	160.38
18	1	1	113.52	66.764	62.906	159.43
19	1	1	113.61	66.764	62.256	158.48
20	1	1	113.7	66.764	61.606	157.53
21	1	1	113.78	66.764	60.957	156.57
22	1	1	113.87	66.764	60.307	155.62
23	1	1	113.96	66.764	59.657	154.67
24	1	1	114.04	66.764	59.007	153.71
25	1	1	114.13	66.764	58.357	152.76
26	1	1	114.22	66.764	57.707	151.81
27	1	1	114.3	66.764	57.057	150.85
28	1	1	114.39	66.764	56.408	149.9
29	1	1	114.48	66.764	55.758	148.95
30	1	1	114.56	66.764	55.108	147.99
31	1	1	114.65	66.764	54.458	147.04
32	1	1	114.74	66.764	53.808	146.09
33	1	1	114.82	66.764	53.158	145.13
34	1	1	114.91	66.764	52.508	144.18
35	1	1	115	66.764	51.859	143.23
36	1	1	114.87	67.216	51.653	142.12
37	1	1	114.75	67.669	51.447	141.01
38	1	1	114.62	68.122	51.241	139.89
39	1	1	114.5	68.575	51.035	138.78
40	1	1	114.38	69.027	50.83	137.67
41	1	1	114.25	69.48	50.624	136.56
42	1	1	114.13	69.933	50.418	135.45
43	1	1	114.01	70.386	50.212	134.34
44	1	1	113.88	70.838	50.006	133.23
45	1	1	113.76	71.291	49.801	132.12
46	1	1	113.64	71.744	49.595	131
47	1	1	113.51	72.196	49.389	129.89
48	1	1	113.39	72.649	49.183	128.78
49	1	1	113.27	73.102	48.977	127.67
50	1	1	113.14	73.555	48.772	126.56
51	1	1	113.02	74.007	48.566	125.45
52	1	1	112.9	74.46	48.36	124.34
53	1	1	112.77	74.913	48.154	123.23
54	1	1	112.65	75.366	47.949	122.11
55	1	1	112.53	75.818	47.743	121
56	1	1	112.53	75.877	47.449	120.18
57	1	1	112.53	75.936	47.155	119.36
58	1	1	112.53	75.995	46.861	118.53
59	1	1	112.53	76.054	46.567	117.71
60	1	1	112.53	76.112	46.273	116.89
61	1	1	112.53	76.171	45.979	116.06
62	1	1	112.53	76.23	45.685	115.24
63	1	1	112.53	76.289	45.391	114.42
64	1	1	112.53	76.347	45.097	113.59
65	1	1	112.53	76.406	44.803	112.77
66	1	1	112.53	76.465	44.509	111.95
67	1	1	112.53	76.524	44.215	111.13
68	1	1	112.53	76.583	43.921	110.3
69	1	1	112.53	76.641	43.627	109.48
70	1	1	112.81	76.806	43.174	108.82
71	1	1	113.1	76.971	42.722	108.16
72	1	1	113.39	77.135	42.269	107.5
73	1	1	113.68	77.3	41.816	106.85
74	1	1	113.97	77.465	41.363	106.19
75	1	1	114.25	77.629	40.911	105.53
76	1	1	114.54	77.794	40.458	104.87
77	1	1	114.83	77.959	40.005	104.21
78	1	1	115.12	78.123	39.552	103.55
79	1	1	115.41	78.288	39.1	102.89
80	1	1	115.69	78.452	38.647	102.24
81	1	1	115.98	78.617	38.194	101.58
82	1	1	116.27	78.782	37.741	100.92
83	1	1	116.56	78.946	37.289	100.26
84	1	1	116.85	79.111	36.836	99.601
85	1	1	117.14	79.276	36.383	98.943
86	1	1	117.42	79.44	35.931	98.284
87	1	1	117.71	79.605	35.478	97.626
88	1	1	118	79.769	35.025	96.967
89	1	1	118.29	79.934	34.572	96.309
90	1	1	118.26	79.993	34.425	95.956
91	1	1	118.23	80.052	34.278	95.603
92	1	1	118.2	80.11	34.131	95.25
93	1	1	118.17	80.169	33.984	94.898
94	1	1	118.14	80.228	33.837	94.545
95	1	1	118.11	80.287	33.69	94.192
96	1	1	118.08	80.346	33.543	93.839
97	1	1	118.05	80.404	33.396	93.486
98	1	1	118.02	80.463	33.249	93.134
99	1	1	117.99	80.522	33.102	92.781
100	1	1	117.96	80.581	32.955	92.428
101	1	1	117.94	80.64	32.808	92.075
102	1	1	117.91	80.698	32.661	91.723
103	1	1	117.88	80.757	32.514	91.37
104	1	1	117.85	80.816	32.367	91.017
105	1	1	117.82	80.875	32.22	90.664
106	1	1	117.79	80.934	32.073	90.311
107	1	1	117.76	80.992	31.927	89.959
108	1	1	117.73	81.051	31.78	89.606
109	1	1	117.7	81.11	31.633	89.253
110	1	1	117.67	81.169	31.486	88.9
111	1	1	117.64	81.228	31.339	88.548
112	1	1	117.61	81.286	31.192	88.195
113	1	1	117.58	81.345	31.045	87.842
114	1	1	117.55	81.404	30.898	87.489
115	1	1	117.52	81.463	30.751	87.136
116	1	1	117.49	81.522	30.604	86.784
117	1	1	117.46	81.58	30.457	86.431
118	1	1	117.44	81.694	30.315	85.948
119	1	1	117.41	81.807	30.173	85.466
120	1	1	117.38	81.921	30.031	84.983
121	1	1	117.35	82.035	29.889	84.501
122	1	1	117.32	82.148	29.747	84.018
123	1	1	117.29	82.262	29.605	83.536
124	1	1	117.27	82.375	29.463	83.053
125	1	1	117.24	82.489	29.321	82.571
126	1	1	117.21	82.602	29.179	82.088
127	1	1	117.18	82.716	29.037	81.605
128	1	1	117.15	82.829	28.895	81.123
129	1	1	117.12	82.943	28.754	80.64
130	1	1	117.1	83.056	28.612	80.158
131	1	1	117.07	83.17	28.47	79.675
132	1	1	117.04	83.283	28.328	79.193
133	1	1	117.01	83.397	28.186	78.71
134	1	1	116.98	83.511	28.044	78.228
135	1	1	116.95	83.624	27.902	77.745
136	1	1	116.93	83.738	27.76	77.263
137	1	1	116.9	83.851	27.618	76.78
138	1	1	116.87	83.965	27.476	76.298
139	1	1	116.84	84.078	27.334	75.815
140	1	1	116.81	84.192	27.192	75.333
141	1	1	116.78	84.305	27.05	74.85
142	1	1	116.76	84.419	26.909	74.367
143	1	1	116.73	84.532	26.767	73.885
144	1	1	116.7	84.646	26.625	73.402
145	1	1	116.67	84.759	26.483	72.92
146	1	1	116.64	84.873	26.341	72.437
147	1	1	116.64	84.902	26.194	72.232
148	1	1	116.64	84.932	26.047	72.026
149	1	1	116.64	84.961	25.9	71.82
150	1	1	116.64	84.991	25.753	71.614
151	1	1	116.64	85.02	25.606	71.408
152	1	1	116.64	85.049	25.459	71.203
153	1	1	116.64	85.079	25.312	70.997
154	1	1	116.64	85.108	25.165	70.791
155	1	1	116.64	85.138	25.018	70.585
156	1	1	116.64	85.167	24.871	70.379
157	1	1	116.64	85.196	24.724	70.174
158	1	1	116.64	85.226	24.577	69.968
159	1	1	116.64	85.255	24.43	69.762
160	1	1	116.64	85.285	24.283	69.556
161	1	1	116.64	85.314	24.136	69.35
162	1	1	116.64	85.343	23.989	69.145
163	1	1	116.64	85.373	23.842	68.939
164	1	1	116.64	85.402	23.695	68.733
165	1	1	116.64	85.432	23.548	68.527
166	1	1	116.64	85.461	23.401	68.322
167	1	1	116.64	85.49	23.254	68.116
168	1	1	116.64	85.52	23.107	67.91
169	1	1	116.64	85.549	22.96	67.704
170	1	1	116.64	85.579	22.813	67.498
171	1	1	116.64	85.608	22.666	67.293
172	1	1	116.64	85.637	22.519	67.087
173	1	1	116.64	85.667	22.372	66.881
174	1	1	116.64	85.696	22.225	66.675
175	1	1	116.64	85.696	22.156	66.401
176	1	1	116.64	85.696	22.088	66.126
177	1	1	116.64	85.696	22.019	65.852
178	1	1	116.64	85.696	21.951	65.578
179	1	1	116.64	85.696	21.882	65.303
180	1	1	116.64	85.696	21.814	65.029
181	1	1	116.64	85.696	21.745	64.755
182	1	1	116.64	85.696	21.676	64.48
183	1	1	116.64	85.696	21.608	64.206
184	1	1	116.64	85.696	21.539	63.931
185	1	1	116.64	85.696	21.471	63.657
186	1	1	116.64	85.696	21.402	63.383
187	1	1	116.52	85.696	21.402	63.237
188	1	1	116.4	85.696	21.402	63.092
189	1	1	116.28	85.696	21.402	62.947
190	1	1	116.16	85.696	21.402	62.802
191	1	1	116.04	85.696	21.402	62.656
192	1	1	115.92	85.696	21.402	62.511
193	1	1	115.79	85.696	21.402	62.366
194	1	1	115.67	85.696	21.402	62.221
195	1	1	115.55	85.696	21.402	62.075
196	1	1	115.43	85.696	21.402	61.93
197	1	1	115.31	85.696	21.402	61.785
198	1	1	115.19	85.696	21.402	61.639
199	1	1	115.07	85.696	21.402	61.494
200	1	1	114.95	85.696	21.402	61.349
201	1	1	114.83	85.696	21.402	61.204
202	1	1	114.7	85.696	21.402	61.058
203	1	1	114.58	85.696	21.402	60.913
204	1	1	114.51	85.76	21.312	60.707
205	1	1	114.43	85.825	21.222	60.502
206	1	1	114.35	85.889	21.132	60.296
207	1	1	114.27	85.953	21.042	60.09
208	1	1	114.2	86.018	20.952	59.884
209	1	1	114.12	86.082	20.862	59.678
210	1	1	114.04	86.146	20.772	59.473
211	1	1	113.97	86.211	20.682	59.267
212	1	1	113.89	86.275	20.592	59.061
213	1	1	113.81	86.339	20.502	58.855
214	1	1	113.73	86.404	20.412	58.65
215	1	1	113.66	86.468	20.322	58.444
216	1	1	113.58	86.532	20.232	58.238
217	1	1	113.5	86.596	20.141	58.032
218	1	1	113.43	86.661	20.051	57.826
219	1	1	113.35	86.725	19.961	57.621
220	1	1	113.27	86.789	19.871	57.415
221	1	1	113.19	86.854	19.781	57.209
222	1	1	113.12	86.918	19.691	57.003
223	1	1	113.04	86.982	19.601	56.797
224	1	1	112.96	87.047	19.511	56.592
225	1	1	112.89	87.111	19.421	56.386
226	1	1	112.81	87.175	19.331	56.18
227	1	1	112.73	87.24	19.241	55.974
228	1	1	112.65	87.304	19.151	55.768
229	1	1	112.58	87.368	19.061	55.563
230	1	1	112.5	87.432	18.971	55.357
231	1	1	112.42	87.497	18.881	55.151
232	1	1	112.35	87.561	18.791	54.945
233	1	1	112.27	87.625	18.701	54.74
234	1	1	112.19	87.69	18.611	54.534
235	1	1	112.11	87.754	18.521	54.328
236	1	1	112	87.781	18.48	54.205
237	1	1	111.89	87.809	18.439	54.081
238	1	1	111.78	87.836	18.397	53.958
239	1	1	111.68	87.864	18.356	53.834
240	1	1	111.57	87.891	18.315	53.711
241	1	1	111.46	87.919	18.274	53.587
242	1	1	111.35	87.946	18.233	53.464
243	1	1	111.24	87.974	18.192	53.34
244	1	1	111.13	88.001	18.15	53.217
245	1	1	111.02	88.028	18.109	53.093
246	1	1	110.91	88.056	18.068	52.97
247	1	1	110.8	88.083	18.027	52.846
248	1	1	110.69	88.111	17.986	52.723
249	1	1	110.58	88.138	17.945	52.599
250	1	1	110.47	88.166	17.904	52.476
251	1	1	110.36	88.193	17.862	52.352
252	1	1	110.25	88.22	17.821	52.229
253	1	1	110.14	88.248	17.78	52.105
254	1	1	110.03	88.275	17.739	51.982
255	1	1	109.92	88.303	17.698	51.859
256	1	1	109.81	88.33	17.657	51.735
257	1	1	109.7	88.358	17.615	51.612
258	1	1	109.59	88.385	17.574	51.488
259	1	1	109.48	88.413	17.533	51.365
260	1	1	109.37	88.44	17.492	51.241
261	1	1	109.26	88.467	17.451	51.118
262	1	1	109.15	88.495	17.41	50.994
263	1	1	109.04	88.522	17.368	50.871
264	1	1	108.93	88.55	17.327	50.747
265	1	1	108.82	88.577	17.286	50.624
266	1	1	108.8	88.65	17.226	50.454
267	1	1	108.77	88.722	17.165	50.285
268	1	1	108.75	88.795	17.105	50.115
269	1	1	108.72	88.868	17.044	49.946
270	1	1	108.7	88.94	16.984	49.776
271	1	1	108.68	89.013	16.923	49.607
272	1	1	108.65	89.086	16.862	49.437
273	1	1	108.63	89.158	16.802	49.268
274	1	1	108.6	89.231	16.741	49.099
275	1	1	108.58	89.303	16.681	48.929
276	1	1	108.56	89.376	16.62	48.76
277	1	1	108.53	89.449	16.56	48.59
278	1	1	108.51	89.521	16.499	48.421
279	1	1	108.48	89.594	16.439	48.251
280	1	1	108.46	89.667	16.378	48.082
281	1	1	108.43	89.739	16.318	47.912
282	1	1	108.41	89.812	16.257	47.743
283	1	1	108.39	89.885	16.197	47.573
284	1	1	108.36	89.957	16.136	47.404
285	1	1	108.34	90.03	16.076	47.234
286	1	1	108.31	90.102	16.015	47.065
287	1	1	108.29	90.175	15.955	46.895
288	1	1	108.26	90.248	15.894	46.726
289	1	1	108.24	90.32	15.834	46.556
290	1	1	108.22	90.393	15.773	46.387
291	1	1	108.19	90.466	15.713	46.218
292	1	1	108.17	90.538	15.652	46.048
293	1	1	108.14	90.611	15.591	45.879
294	1	1	108.12	90.683	15.531	45.709
295	1	1	108.1	90.756	15.47	45.54
296	1	1	108.07	90.829	15.41	45.37
297	1	1	108.05	90.901	15.349	45.201
298	1	1	108.02	90.974	15.289	45.031
299	1	1	108	91.047	15.228	44.862
300	1	1	108	91.097	15.203	44.737
301	1	1	108	91.146	15.178	44.612
302	1	1	108	91.196	15.153	44.488
303	1	1	108	91.246	15.129	44.363
304	1	1	108	91.296	15.104	44.238
305	1	1	108	91.346	15.079	44.113
306	1	1	108	91.396	15.054	43.989
307	1	1	108	91.446	15.029	43.864
308	1	1	108	91.496	15.004	43.739
309	1	1	108	91.546	14.979	43.615
310	1	1	108	91.595	14.954	43.49
311	1	1	108	91.645	14.929	43.365
312	1	1	108	91.695	14.904	43.24
313	1	1	108	91.745	14.879	43.116
314	1	1	108	91.795	14.854	42.991
315	1	1	108	91.845	14.829	42.866
316	1	1	108	91.895	14.804	42.741
317	1	1	108	91.945	14.779	42.617
318	1	1	108	91.994	14.754	42.492
319	1	1	108	92.044	14.729	42.367
320	1	1	108	92.094	14.704	42.243
321	1	1	108	92.144	14.68	42.118
322	1	1	108	92.194	14.655	41.993
323	1	1	108	92.244	14.63	41.868
324	1	1	108	92.294	14.605	41.744
325	1	1	108	92.344	14.58	41.619
326	1	1	108	92.394	14.555	41.494
327	1	1	108	92.443	14.53	41.37
328	1	1	108	92.493	14.505	41.245
329	1	1	108	92.543	14.48	41.12
330	1	1	108	92.593	14.455	40.995
331	1	1	108	92.643	14.43	40.871
332	1	1	108	92.693	14.405	40.746
333	1	1	108.08	92.693	14.405	40.693
334	1	1	108.16	92.693	14.405	40.64
335	1	1	108.24	92.693	14.405	40.587
336	1	1	108.32	92.693	14.405	40.534
337	1	1	108.4	92.693	14.405	40.48
338	1	1	108.48	92.693	14.405	40.427
339	1	1	108.56	92.693	14.405	40.374
340	1	1	108.64	92.693	14.405	40.321
341	1	1	108.72	92.693	14.405	40.268
342	1	1	108.79	92.693	14.405	40.215
343	1	1	108.87	92.693	14.405	40.162
344	1	1	108.95	92.693	14.405	40.109
345	1	1	109.03	92.693	14.405	40.056
346	1	1	109.11	92.693	14.405	40.002
347	1	1	109.19	92.693	14.405	39.949
348	1	1	109.27	92.693	14.405	39.896
349	1	1	109.35	92.693	14.405	39.843
350	1	1	109.43	92.693	14.405	39.79
351	1	1	109.51	92.693	14.405	39.737
352	1	1	109.59	92.693	14.405	39.684
353	1	1	109.67	92.693	14.405	39.631
354	1	1	109.75	92.693	14.405	39.578
355	1	1	109.83	92.693	14.405	39.525
356	1	1	109.91	92.693	14.405	39.471
357	1	1	109.99	92.693	14.405	39.418
358	1	1	110.07	92.693	14.405	39.365
359	1	1	110.15	92.693	14.405	39.312
360	1	1	110.23	92.693	14.405	39.259
361	1	1	110.31	92.693	14.405	39.206
362	1	1	110.39	92.693	14.405	39.153
363	1	1	110.47	92.693	14.405	39.1
364	1	1	110.58	92.83	14.519	38.962
365	1	1	110.7	92.967	14.634	38.825
366	1	1	110.81	93.105	14.748	38.688
367	1	1	110.93	93.242	14.862	38.551
368	1	1	111.04	93.379	14.977	38.414
369	1	1	111.15	93.516	15.091	38.277
370	1	1	111.27	93.653	15.205	38.139
371	1	1	111.38	93.79	15.32	38.002
372	1	1	111.5	93.928	15.434	37.865
373	1	1	111.61	94.065	15.548	37.728
374	1	1	111.73	94.202	15.663	37.591
375	1	1	111.84	94.339	15.777	37.453
376	1	1	111.95	94.476	15.891	37.316
377	1	1	112.07	94.614	16.006	37.179
378	1	1	112.18	94.751	16.12	37.042
379	1	1	112.3	94.888	16.234	36.905
380	1	1	112.41	95.025	16.349	36.767
381	1	1	112.53	95.162	16.463	36.63
382	1	1	113.55	95.145	16.274	36.63
383	1	1	114.58	95.128	16.086	36.63
384	1	1	115.61	95.111	15.897	36.63
385	1	1	116.64	95.094	15.708	36.63
386	1	1	117.67	95.077	15.52	36.63
387	1	1	118.7	95.059	15.331	36.63
388	1	1	119.73	95.042	15.143	36.63
389	1	1	120.76	95.025	14.954	36.63
390	1	1	121.79	95.008	14.765	36.63
391	1	1	122.82	94.991	14.577	36.63
392	1	1	123.84	94.974	14.388	36.63
393	1	1	124.87	94.957	14.199	36.63
394	1	1	125.9	94.939	14.011	36.63
395	1	1	126.93	94.922	13.822	36.63
396	1	1	127.96	94.905	13.633	36.63
397	1	1	128.99	94.888	13.445	36.63
398	1	1	130.02	94.871	13.256	36.63
399	1	1	131.05	94.854	13.068	36.63
400	1	1	132.08	94.837	12.879	36.63
401	1	1	133.1	94.819	12.69	36.63
402	1	1	134.13	94.802	12.502	36.63
403	1	1	135.16	94.785	12.313	36.63
404	1	1	136.19	94.768	12.124	36.63
405	1	1	137.22	94.751	11.936	36.63
406	1	1	137.36	94.888	12.713	36.493
407	1	1	137.49	95.025	13.491	36.356
408	1	1	137.63	95.162	14.268	36.219
409	1	1	137.77	95.3	15.045	36.081
410	1	1	137.91	95.437	15.823	35.944
411	1	1	138.04	95.574	16.6	35.807
412	1	1	138.18	95.711	17.378	35.67
413	1	1	138.32	95.848	18.155	35.533
414	1	1	138.45	95.986	18.932	35.395
415	1	1	140.19	95.94	18.292	35.395
416	1	1	141.93	95.894	17.652	35.395
417	1	1	143.67	95.848	17.012	35.395
418	1	1	145.41	95.803	16.372	35.395
419	1	1	147.14	95.757	15.731	35.395
420	1	1	148.88	95.711	15.091	35.395
421	1	1	150.62	95.665	14.451	35.395
422	1	1	152.36	95.62	13.811	35.395
423	1	1	154.09	95.574	13.17	35.395
424	1	1	154.76	95.574	13.582	35.395
425	1	1	155.43	95.574	13.994	35.395
426	1	1	156.1	95.574	14.405	35.395
427	1	1	156.77	95.574	14.817	35.395
428	1	1	157.44	95.574	15.228	35.395
429	1	1	158.11	95.574	15.64	35.395
430	1	1	158.78	95.574	16.051	35.395
431	1	1	159.45	95.574	16.463	35.395
432	1	1	161.5	95.574	15.434	35.395
433	1	1	163.56	95.574	14.405	35.395
434	1	1	165.62	95.574	13.376	35.395
435	1	1	167.68	95.574	12.347	35.395
436	1	1	169.73	95.574	11.318	35.395
437	1	1	171.79	95.574	10.289	35.395
438	1	1	172.69	95.686	10.514	35.395
439	1	1	173.59	95.798	10.738	35.395
440	1	1	174.49	95.911	10.963	35.395
441	1	1	175.38	96.023	11.187	35.395
442	1	1	176.28	96.135	11.412	35.395
443	1	1	177.18	96.247	11.636	35.395
444	1	1	178.08	96.36	11.861	35.395
445	1	1	178.98	96.472	12.085	35.395
446	1	1	179.87	96.584	12.31	35.395
447	1	1	180.77	96.696	12.534	35.395
448	1	1	181.67	96.809	12.759	35.395
449	1	1	183.02	96.867	12.759	35.337
450	1	1	184.38	96.926	12.759	35.278
451	1	1	185.73	96.985	12.759	35.219
452	1	1	187.08	97.044	12.759	35.16
453	1	1	188.43	97.103	12.759	35.102
454	1	1	189.78	97.161	12.759	35.043
455	1	1	191.14	97.22	12.759	34.984
456	1	1	191.86	97.22	13.016	34.984
457	1	1	192.58	97.22	13.273	34.984
458	1	1	193.3	97.22	13.531	34.984
459	1	1	194.02	97.22	13.788	34.984
460	1	1	194.74	97.22	14.045	34.984
461	1	1	195.46	97.22	14.302	34.984
462	1	1	196.18	97.22	14.559	34.984
463	1	1	196.9	97.22	14.817	34.984
464	1	1	197.81	97.403	15.183	34.847
465	1	1	198.73	97.586	15.548	34.71
466	1	1	199.64	97.769	15.914	34.572
467	1	1	200.56	97.952	16.28	34.435
468	1	1	201.47	98.135	16.646	34.298
469	1	1	202.39	98.318	17.012	34.161
470	1	1	203.3	98.501	17.378	34.024
471	1	1	204.22	98.684	17.743	33.886
472	1	1	205.13	98.867	18.109	33.749
473	1	1	206.27	99.004	17.789	33.658
474	1	1	207.42	99.141	17.469	33.566
475	1	1	208.56	99.278	17.149	33.475
476	1	1	209.7	99.415	16.829	33.383
477	1	1	210.85	99.553	16.509	33.292
478	1	1	211.99	99.69	16.189	33.2
479	1	1	213.13	99.827	15.869	33.109
480	1	1	214.28	99.964	15.548	33.018
481	1	1	215.42	100.1	15.228	32.926
482	1	1	216.6	100.1	15.331	32.926
483	1	1	217.79	100.1	15.434	32.926
484	1	1	218.97	100.1	15.537	32.926
485	1	1	220.15	100.1	15.64	32.926
486	1	1	221.34	100.1	15.743	32.926
487	1	1	222.52	100.1	15.846	32.926
488	1	1	223.7	100.1	15.949	32.926
489	1	1	224.89	100.1	16.051	32.926
490	1	1	226.07	100.15	16.051	32.926
491	1	1	227.25	100.2	16.051	32.926
492	1	1	228.44	100.26	16.051	32.926
493	1	1	229.62	100.31	16.051	32.926
494	1	1	230.8	100.36	16.051	32.926
495	1	1	231.99	100.41	16.051	32.926
496	1	1	233.17	100.46	16.051	32.926
497	1	1	234.35	100.51	16.051	32.926
498	1	1	235.09	100.68	16.189	32.926
499	1	1	235.83	100.84	16.326	32.926
500	1	1	236.57	101.01	16.463	32.926
501	1	1	237.32	101.17	16.6	32.926
502	1	1	238.06	101.34	16.737	32.926
503	1	1	238.8	101.5	16.875	32.926
504	1	1	239.54	101.67	17.012	32.926
505	1	1	240.28	101.83	17.149	32.926
506	1	1	241.02	101.99	17.286	32.926
507	1	1	241.76	102.16	17.423	32.926
508	1	1	242.5	102.32	17.561	32.926
509	1	1	243.24	102.49	17.698	32.926
509	2	1	2.2235	97.22	9.8778	24.283
510	1	1	243.98	102.65	17.835	32.926
510	2	1	3.0466	97.22	9.9293	24.283
511	1	1	244.72	102.82	17.972	32.926
511	2	1	3.8698	97.22	9.9807	24.283
512	1	1	245.46	102.98	18.109	32.926
512	2	1	4.6929	97.22	10.032	24.283
513	1	1	247.06	102.93	17.389	32.926
513	2	1	5.5161	97.22	10.084	24.283
514	1	1	248.65	102.88	16.669	32.926
514	2	1	6.3392	97.22	10.135	24.283
515	1	1	250.25	102.83	15.949	32.926
515	2	1	7.1624	97.22	10.186	24.283
516	1	1	251.84	102.78	15.228	32.926
516	2	1	7.9855	97.22	10.238	24.283
517	1	1	253.44	102.73	14.508	32.926
517	2	1	8.8087	97.22	10.289	24.283
518	1	1	255.03	102.67	13.788	32.926
518	2	1	9.6867	97.193	10.454	24.283
519	1	1	256.63	102.62	13.068	32.926
519	2	1	10.565	97.165	10.619	24.283
520	1	1	258.22	102.57	12.347	32.926
520	2	1	11.443	97.138	10.783	24.283
521	1	1	259.31	102.61	12.347	32.926
521	2	1	12.321	97.111	10.948	24.283
522	1	1	260.39	102.65	12.347	32.926
522	2	1	13.199	97.083	11.113	24.283
523	1	1	261.48	102.68	12.347	32.926
523	2	1	14.077	97.056	11.277	24.283
524	1	1	262.56	102.72	12.347	32.926
524	2	1	14.955	97.028	11.442	24.283
525	1	1	263.65	102.76	12.347	32.926
525	2	1	15.833	97.001	11.606	24.283
526	1	1	264.73	102.8	12.347	32.926
526	2	1	16.711	96.973	11.771	24.283
527	1	1	265.82	102.83	12.347	32.926
527	2	1	17.589	96.946	11.936	24.283
528	1	1	266.9	102.87	12.347	32.926
528	2	1	18.467	96.918	12.1	24.283
529	1	1	267.99	102.91	12.347	32.926
529	2	1	19.345	96.891	12.265	24.283
530	1	1	269.07	102.94	12.347	32.926
530	2	1	20.223	96.864	12.43	24.283
531	1	1	270.16	102.98	12.347	32.926
531	2	1	21.101	96.836	12.594	24.283
532	1	1	270.53	103.06	12.834	32.926
532	2	1	21.979	96.809	12.759	24.283
533	1	1	270.91	103.13	13.32	32.926
533	2	1	22.985	96.992	12.759	24.283
534	1	1	271.28	103.21	13.806	32.926
534	2	1	23.991	97.175	12.759	24.283
535	1	1	271.66	103.28	14.293	32.926
535	2	1	24.997	97.357	12.759	24.283
536	1	1	272.03	103.36	14.779	32.926
536	2	1	26.003	97.54	12.759	24.283
537	1	1	272.4	103.43	15.266	32.926
537	2	1	27.009	97.723	12.759	24.283
538	1	1	272.78	103.51	15.752	32.926
538	2	1	28.016	97.906	12.759	24.283
539	1	1	273.15	103.58	16.239	32.926
539	2	1	29.022	98.089	12.759	24.283
540	1	1	273.53	103.66	16.725	32.926
540	2	1	30.028	98.272	12.759	24.283
541	1	1	273.9	103.73	17.211	32.926
541	2	1	31.034	98.455	12.759	24.283
542	1	1	274.27	103.81	17.698	32.926
542	2	1	32.047	98.392	12.759	24.283
543	1	1	275.76	103.81	17.08	32.926
543	2	1	33.06	98.328	12.759	24.283
544	1	1	277.24	103.81	16.463	32.926
544	2	1	34.073	98.265	12.759	24.283
545	1	1	278.72	103.81	15.846	32.926
545	2	1	35.086	98.202	12.759	24.283
546	1	1	280.2	103.81	15.228	32.926
546	2	1	36.099	98.138	12.759	24.283
547	1	1	281.68	103.81	14.611	32.926
547	2	1	37.112	98.075	12.759	24.283
548	1	1	283.16	103.81	13.994	32.926
548	2	1	38.126	98.012	12.759	24.283
549	1	1	284.65	103.81	13.376	32.926
549	2	1	39.139	97.948	12.759	24.283
550	1	1	286.13	103.81	12.759	32.926
550	2	1	40.152	97.885	12.759	24.283
551	1	1	287.61	103.81	12.141	32.926
551	2	1	41.165	97.822	12.759	24.283
552	1	1	289.09	103.81	11.524	32.926
552	2	1	42.178	97.758	12.759	24.283
553	1	1	289.97	103.86	11.627	32.926
553	2	1	43.191	97.695	12.759	24.283
554	1	1	290.84	103.91	11.73	32.926
554	2	1	44.204	97.632	12.759	24.283
555	1	1	291.72	103.96	11.833	32.926
555	2	1	45.686	97.632	11.277	24.283
556	1	1	292.59	104.01	11.936	32.926
556	2	1	47.168	97.632	9.7955	24.283
557	1	1	293.46	104.06	12.039	32.926
557	2	1	48.649	97.632	8.3138	24.283
558	1	1	294.34	104.11	12.141	32.926
558	2	1	50.131	97.632	6.8322	24.283
559	1	1	295.21	104.17	12.244	32.926
559	2	1	51.613	97.632	5.3505	24.283
560	1	1	296.09	104.22	12.347	32.926
560	2	1	52.436	97.714	5.8855	24.283
561	1	1	296.96	104.27	12.45	32.926
561	2	1	53.259	97.796	6.4206	24.283
562	1	1	297.84	104.32	12.553	32.926
562	2	1	54.082	97.879	6.9556	24.283
563	1	1	298.71	104.37	12.656	32.926
563	2	1	54.905	97.961	7.4907	24.283
564	1	1	299.59	104.42	12.759	32.926
564	2	1	55.728	98.043	8.0257	24.283
565	1	1	300.46	104.47	12.862	32.926
565	2	1	56.551	98.126	8.5608	24.283
566	1	1	301.34	104.53	12.965	32.926
566	2	1	57.375	98.208	9.0958	24.283
567	1	1	302.21	104.58	13.068	32.926
567	2	1	58.198	98.29	9.6309	24.283
568	1	1	303.09	104.63	13.17	32.926
568	2	1	59.021	98.373	10.166	24.283
569	1	1	304.08	104.63	12.906	32.926
569	2	1	59.844	98.455	10.701	24.283
570	1	1	305.08	104.63	12.641	32.926
570	2	1	60.713	98.455	11.204	24.283
571	1	1	306.08	104.63	12.377	32.926
571	2	1	61.582	98.455	11.707	24.283
572	1	1	307.08	104.63	12.112	32.926
572	2	1	62.451	98.455	12.21	24.283
573	1	1	308.08	104.63	11.847	32.926
573	2	1	63.32	98.455	12.713	24.283
574	1	1	309.08	104.63	11.583	32.926
574	2	1	64.188	98.455	13.216	24.283
575	1	1	310.08	104.63	11.318	32.926
575	2	1	65.057	98.455	13.719	24.283
576	1	1	311.08	104.63	11.054	32.926
576	2	1	65.926	98.455	14.222	24.283
577	1	1	312.08	104.63	10.789	32.926
577	2	1	66.795	98.455	14.725	24.283
578	1	1	313.08	104.63	10.525	32.926
578	2	1	67.664	98.455	15.228	24.283
579	1	1	314.08	104.63	10.26	32.926
579	2	1	68.816	98.455	14.693	24.283
580	1	1	315.08	104.63	9.9954	32.926
580	2	1	69.969	98.455	14.158	24.283
581	1	1	316.08	104.63	9.7308	32.926
581	2	1	71.121	98.455	13.623	24.283
582	1	1	317.08	104.63	9.4662	32.926
582	2	1	72.274	98.455	13.088	24.283
583	1	1	317.28	104.77	10.495	32.926
583	2	1	73.426	98.455	12.553	24.283
584	1	1	317.49	104.9	11.524	32.926
584	2	1	74.578	98.455	12.018	24.283
585	1	1	317.7	105.04	12.553	32.926
585	2	1	75.731	98.455	11.483	24.283
586	1	1	317.9	105.18	13.582	32.926
586	2	1	76.883	98.455	10.948	24.283
587	1	1	318.11	105.31	14.611	32.926
587	2	1	78.036	98.455	10.413	24.283
588	1	1	318.31	105.45	15.64	32.926
588	2	1	79.188	98.455	9.8778	24.283
589	1	1	319.82	105.38	14.542	32.926
589	2	1	80.201	98.55	9.9728	24.283
590	1	1	321.33	105.31	13.445	32.926
590	2	1	81.214	98.645	10.068	24.283
591	1	1	322.84	105.25	12.347	32.926
591	2	1	82.227	98.74	10.163	24.283
592	1	1	324.35	105.18	11.25	32.926
592	2	1	83.241	98.835	10.258	24.283
593	1	1	325.86	105.11	10.152	32.926
593	2	1	84.254	98.93	10.353	24.283
594	1	1	327.37	105.04	9.0547	32.926
594	2	1	85.267	99.025	10.448	24.283
595	2	1	86.28	99.12	10.543	24.283
596	2	1	87.293	99.215	10.638	24.283
597	2	1	88.306	99.31	10.733	24.283
598	2	1	89.319	99.405	10.828	24.283
599	2	1	90.332	99.5	10.923	24.283
600	2	1	91.345	99.595	11.018	24.283
601	2	1	92.359	99.69	11.113	24.283
602	2	1	93.456	99.758	11.01	24.283
603	2	1	94.554	99.827	10.907	24.283
604	2	1	95.651	99.895	10.804	24.283
605	2	1	96.749	99.964	10.701	24.283
606	2	1	97.846	100.03	10.598	24.283
607	2	1	98.944	100.1	10.495	24.283
608	2	1	100.04	100.17	10.392	24.283
609	2	1	101.14	100.24	10.289	24.283
609	3	1	323.25	107.92	12.759	26.341
610	2	1	102.24	100.31	10.186	24.283
610	3	1	322.7	107.99	12.484	26.341
611	2	1	103.33	100.38	10.084	24.283
611	3	1	322.15	108.06	12.21	26.341
612	2	1	104.43	100.44	9.9807	24.283
612	3	1	321.61	108.13	11.936	26.341
613	2	1	105.53	100.51	9.8778	24.283
613	3	1	321.06	108.2	11.661	26.341
614	2	1	106.11	100.51	10.619	24.283
614	3	1	320.51	108.26	11.387	26.341
615	2	1	106.68	100.51	11.359	24.283
615	3	1	319.96	108.33	11.113	26.341
616	2	1	107.26	100.51	12.1	24.283
616	3	1	319.29	108.23	11.113	26.341
617	2	1	107.83	100.51	12.841	24.283
617	3	1	318.62	108.13	11.113	26.341
618	2	1	108.41	100.51	13.582	24.283
618	3	1	317.95	108.02	11.113	26.341
619	2	1	113.41	100.75	13.053	24.283
619	3	1	317.28	107.92	11.113	26.341
620	2	1	118.41	100.98	12.524	24.283
620	3	1	316.62	107.82	11.113	26.341
621	2	1	123.4	101.22	11.994	24.283
621	3	1	315.95	107.72	11.113	26.341
622	2	1	128.4	101.45	11.465	24.283
622	3	1	315.28	107.61	11.113	26.341
623	2	1	133.4	101.69	10.936	24.283
623	3	1	314.61	107.51	11.113	26.341
624	2	1	138.4	101.92	10.407	24.283
624	3	1	311.57	107.37	11.318	26.501
625	2	1	143.39	102.16	9.8778	24.283
625	3	1	308.53	107.24	11.524	26.661
626	2	1	144.09	102.41	10.372	24.118
626	3	1	305.49	107.1	11.73	26.821
627	2	1	144.79	102.65	10.866	23.954
627	3	1	302.44	106.96	11.936	26.981
628	2	1	145.49	102.9	11.359	23.789
628	3	1	299.4	106.82	12.141	27.141
629	2	1	146.19	103.15	11.853	23.624
629	3	1	296.36	106.69	12.347	27.301
630	2	1	146.89	103.39	12.347	23.46
630	3	1	293.32	106.55	12.553	27.461
631	2	1	147.59	103.64	12.841	23.295
631	3	1	290.28	106.41	12.759	27.621
632	2	1	148.29	103.89	13.335	23.131
632	3	1	287.24	106.27	12.965	27.781
633	2	1	148.99	104.13	13.829	22.966
633	3	1	286.67	106.23	12.667	27.873
634	2	1	149.69	104.38	14.323	22.801
634	3	1	286.1	106.18	12.37	27.964
635	2	1	150.39	104.63	14.817	22.637
635	3	1	285.52	106.14	12.073	28.056
636	2	1	152.24	104.11	13.685	22.945
636	3	1	284.95	106.09	11.776	28.147
637	2	1	154.09	103.6	12.553	23.254
637	3	1	284.38	106.05	11.478	28.239
638	2	1	155.95	103.09	11.421	23.563
638	3	1	283.81	106	11.181	28.33
639	2	1	157.8	102.57	10.289	23.871
639	3	1	283.24	105.95	10.884	28.422
640	2	1	158.62	102.62	10.444	23.871
640	3	1	282.67	105.91	10.587	28.513
641	2	1	159.45	102.67	10.598	23.871
641	3	1	282.09	105.86	10.289	28.605
642	2	1	160.27	102.73	10.752	23.871
642	3	1	281.3	105.81	10.289	28.605
643	2	1	161.09	102.78	10.907	23.871
643	3	1	280.51	105.76	10.289	28.605
644	2	1	161.91	102.83	11.061	23.871
644	3	1	279.72	105.7	10.289	28.605
645	2	1	162.74	102.88	11.215	23.871
645	3	1	278.93	105.65	10.289	28.605
646	2	1	163.56	102.93	11.37	23.871
646	3	1	278.14	105.59	10.289	28.605
647	2	1	164.38	102.98	11.524	23.871
647	3	1	277.35	105.54	10.289	28.605
648	2	1	165.68	103.04	11.289	23.871
648	3	1	276.56	105.48	10.289	28.605
649	2	1	166.97	103.1	11.054	23.871
649	3	1	275.77	105.43	10.289	28.605
650	2	1	168.26	103.16	10.819	23.871
650	3	1	274.98	105.38	10.289	28.605
651	2	1	169.56	103.22	10.583	23.871
651	3	1	274.19	105.32	10.289	28.605
652	2	1	170.85	103.28	10.348	23.871
652	3	1	273.4	105.27	10.289	28.605
653	2	1	172.15	103.34	10.113	23.871
653	3	1	272.61	105.21	10.289	28.605
654	2	1	173.44	103.39	9.8778	23.871
654	3	1	271.82	105.16	10.289	28.605
655	2	1	174.44	103.49	9.6949	23.871
655	3	1	271.03	105.11	10.289	28.605
656	2	1	175.45	103.58	9.512	23.871
656	3	1	270.23	105.05	10.289	28.605
657	2	1	176.46	103.67	9.329	23.871
657	3	1	269.44	105	10.289	28.605
658	2	1	177.46	103.76	9.1461	23.871
658	3	1	268.65	104.94	10.289	28.605
659	2	1	178.47	103.85	8.9632	23.871
659	3	1	267.86	104.89	10.289	28.605
660	2	1	179.48	103.94	8.7803	23.871
660	3	1	267.07	104.83	10.289	28.605
661	2	1	180.48	104.03	8.5974	23.871
661	3	1	266.23	104.85	10.577	28.605
662	2	1	181.49	104.13	8.4144	23.871
662	3	1	265.38	104.88	10.866	28.605
663	2	1	182.49	104.22	8.2315	23.871
663	3	1	264.54	104.9	11.154	28.605
664	2	1	183.38	104.22	8.4215	23.871
664	3	1	263.7	104.92	11.442	28.605
665	2	1	184.27	104.22	8.6114	23.871
665	3	1	262.85	104.94	11.73	28.605
666	2	1	185.15	104.22	8.8014	23.871
666	3	1	262.01	104.96	12.018	28.605
667	2	1	186.04	104.22	8.9913	23.871
667	3	1	261.17	104.98	12.306	28.605
668	2	1	186.93	104.22	9.1813	23.871
668	3	1	260.32	105	12.594	28.605
669	2	1	187.81	104.22	9.3713	23.871
669	3	1	259.48	105.02	12.882	28.605
670	2	1	188.7	104.22	9.5612	23.871
670	3	1	258.64	105.04	13.17	28.605
671	2	1	189.59	104.22	9.7512	23.871
671	3	1	257.93	104.9	12.896	28.605
672	2	1	190.47	104.22	9.9411	23.871
672	3	1	257.22	104.77	12.622	28.605
673	2	1	191.36	104.22	10.131	23.871
673	3	1	256.51	104.63	12.347	28.605
674	2	1	192.24	104.22	10.321	23.871
674	3	1	255.8	104.49	12.073	28.605
675	2	1	193.13	104.22	10.511	23.871
675	3	1	255.09	104.35	11.798	28.605
676	2	1	194.02	104.22	10.701	23.871
676	3	1	254.38	104.22	11.524	28.605
677	2	1	194.84	104.29	10.888	23.871
677	3	1	253.67	104.08	11.25	28.605
678	2	1	195.66	104.37	11.075	23.871
678	3	1	252.96	103.94	10.975	28.605
679	2	1	196.49	104.44	11.262	23.871
679	3	1	252.26	103.81	10.701	28.605
680	2	1	197.31	104.52	11.449	23.871
680	3	1	251.39	103.78	10.824	28.666
681	2	1	198.13	104.59	11.636	23.871
681	3	1	250.53	103.76	10.948	28.728
682	2	1	198.96	104.67	11.823	23.871
682	3	1	249.66	103.74	11.071	28.79
683	2	1	199.78	104.74	12.011	23.871
683	3	1	248.8	103.72	11.195	28.851
684	2	1	200.6	104.82	12.198	23.871
684	3	1	247.93	103.7	11.318	28.913
685	2	1	201.43	104.89	12.385	23.871
685	3	1	247.07	103.68	11.442	28.975
686	2	1	202.25	104.97	12.572	23.871
686	3	1	246.21	103.66	11.565	29.037
687	2	1	203.07	105.04	12.759	23.871
687	3	1	245.34	103.64	11.689	29.098
688	2	1	204.26	105.04	12.656	23.871
688	3	1	244.48	103.62	11.812	29.16
689	2	1	205.44	105.04	12.553	23.871
689	3	1	243.61	103.6	11.936	29.222
690	2	1	206.62	105.04	12.45	23.871
690	3	1	242.73	103.48	11.936	29.222
691	2	1	207.81	105.04	12.347	23.871
691	3	1	241.85	103.36	11.936	29.222
692	2	1	208.99	105.04	12.244	23.871
692	3	1	240.97	103.25	11.936	29.222
693	2	1	210.17	105.04	12.141	23.871
693	3	1	240.08	103.13	11.936	29.222
694	2	1	211.36	105.04	12.039	23.871
694	3	1	239.2	103.01	11.936	29.222
695	2	1	212.54	105.04	11.936	23.871
695	3	1	238.32	102.89	11.936	29.222
696	2	1	213.69	105.2	11.524	23.871
696	3	1	237.44	102.78	11.936	29.222
697	2	1	214.84	105.37	11.113	23.871
697	3	1	236.56	102.78	12.288	29.222
698	2	1	216	105.53	10.701	23.871
698	3	1	235.68	102.78	12.641	29.222
699	2	1	217.15	105.7	10.289	23.871
699	3	1	234.79	102.78	12.994	29.222
700	2	1	218.3	105.86	9.8778	23.871
700	3	1	233.91	102.78	13.347	29.222
701	2	1	219.22	105.86	9.9693	23.871
701	3	1	233.03	102.78	13.7	29.222
702	2	1	220.13	105.86	10.061	23.871
702	3	1	232.15	102.78	14.052	29.222
703	2	1	221.04	105.86	10.152	23.871
703	3	1	231.27	102.78	14.405	29.222
704	2	1	221.96	105.86	10.244	23.871
704	3	1	230.2	102.78	14.405	29.222
705	2	1	222.87	105.86	10.335	23.871
705	3	1	229.13	102.78	14.405	29.222
706	2	1	223.79	105.86	10.427	23.871
706	3	1	228.05	102.78	14.405	29.222
707	2	1	224.7	105.86	10.518	23.871
707	3	1	226.98	102.78	14.405	29.222
708	2	1	225.62	105.86	10.61	23.871
708	3	1	225.91	102.78	14.405	29.222
709	2	1	226.53	105.86	10.701	23.871
709	3	1	224.84	102.78	14.405	29.222
710	2	1	227.49	106	10.701	23.871
710	3	1	223.77	102.78	14.405	29.222
711	2	1	228.45	106.14	10.701	23.871
711	3	1	222.7	102.78	14.405	29.222
712	2	1	229.41	106.27	10.701	23.871
712	3	1	221.63	102.78	14.405	29.222
713	2	1	230.37	106.41	10.701	23.871
713	3	1	220.56	102.78	14.405	29.222
714	2	1	231.33	106.55	10.701	23.871
714	3	1	219.83	102.66	14.346	29.222
715	2	1	232.29	106.69	10.701	23.871
715	3	1	219.09	102.54	14.288	29.222
716	2	1	233.46	106.69	10.907	23.871
716	3	1	218.36	102.42	14.229	29.222
717	2	1	234.63	106.69	11.113	23.871
717	3	1	217.62	102.31	14.17	29.222
718	2	1	235.79	106.69	11.318	23.871
718	3	1	216.89	102.19	14.111	29.222
719	2	1	236.96	106.69	11.524	23.871
719	3	1	216.15	102.07	14.052	29.222
720	2	1	238.12	106.69	11.73	23.871
720	3	1	215.42	101.95	13.994	29.222
721	2	1	239.29	106.69	11.936	23.871
721	3	1	214.68	101.84	13.935	29.222
722	2	1	239.96	106.72	11.936	24.021
722	3	1	213.95	101.72	13.876	29.222
723	2	1	240.64	106.76	11.936	24.171
723	3	1	213.21	101.6	13.817	29.222
724	2	1	241.31	106.8	11.936	24.32
724	3	1	212.48	101.48	13.758	29.222
725	2	1	241.98	106.84	11.936	24.47
725	3	1	211.74	101.37	13.7	29.222
726	2	1	242.66	106.87	11.936	24.62
726	3	1	211.01	101.25	13.641	29.222
727	2	1	243.33	106.91	11.936	24.769
727	3	1	210.27	101.13	13.582	29.222
728	2	1	244.01	106.95	11.936	24.919
728	3	1	209.36	101.1	13.582	29.222
729	2	1	244.68	106.99	11.936	25.069
729	3	1	208.44	101.07	13.582	29.222
730	2	1	245.35	107.02	11.936	25.218
730	3	1	207.52	101.04	13.582	29.222
731	2	1	246.03	107.06	11.936	25.368
731	3	1	206.6	101	13.582	29.222
732	2	1	246.7	107.1	11.936	25.518
732	3	1	205.68	100.97	13.582	29.222
733	2	1	247.8	107.1	11.753	25.518
733	3	1	204.77	100.94	13.582	29.222
734	2	1	248.89	107.1	11.57	25.518
734	3	1	203.85	100.91	13.582	29.222
735	2	1	249.99	107.1	11.387	25.518
735	3	1	202.93	100.88	13.582	29.222
736	2	1	251.09	107.1	11.204	25.518
736	3	1	202.01	100.85	13.582	29.222
737	2	1	252.19	107.1	11.021	25.518
737	3	1	201.09	100.81	13.582	29.222
738	2	1	253.28	107.1	10.838	25.518
738	3	1	200.18	100.78	13.582	29.222
739	2	1	254.38	107.1	10.655	25.518
739	3	1	199.26	100.75	13.582	29.222
740	2	1	255.48	107.1	10.472	25.518
740	3	1	198.34	100.72	13.582	29.222
741	2	1	256.58	107.1	10.289	25.518
741	3	1	197.39	100.69	13.804	29.349
742	2	1	257.4	107.22	10.378	25.518
742	3	1	196.44	100.66	14.025	29.475
743	2	1	258.22	107.33	10.466	25.518
743	3	1	195.49	100.62	14.247	29.602
744	2	1	259.05	107.45	10.554	25.518
744	3	1	194.54	100.59	14.468	29.728
745	2	1	259.87	107.57	10.642	25.518
745	3	1	193.59	100.56	14.69	29.855
746	2	1	260.69	107.69	10.73	25.518
746	3	1	192.64	100.53	14.912	29.982
747	2	1	261.52	107.8	10.819	25.518
747	3	1	191.69	100.5	15.133	30.108
748	2	1	262.34	107.92	10.907	25.518
748	3	1	190.74	100.47	15.355	30.235
749	2	1	263.16	108.04	10.995	25.518
749	3	1	189.79	100.43	15.577	30.362
750	2	1	263.99	108.16	11.083	25.518
750	3	1	188.84	100.4	15.798	30.488
751	2	1	264.81	108.27	11.171	25.518
751	3	1	187.89	100.37	16.02	30.615
752	2	1	265.63	108.39	11.26	25.518
752	3	1	186.94	100.34	16.241	30.742
753	2	1	266.45	108.51	11.348	25.518
753	3	1	185.99	100.31	16.463	30.868
754	2	1	267.28	108.63	11.436	25.518
754	3	1	184.98	100.23	16.463	30.868
755	2	1	268.1	108.74	11.524	25.518
755	3	1	183.97	100.16	16.463	30.868
756	2	1	268.92	108.74	11.524	25.518
756	3	1	182.96	100.08	16.463	30.868
757	2	1	269.75	108.74	11.524	25.518
757	3	1	181.95	100.01	16.463	30.868
758	2	1	270.57	108.74	11.524	25.518
758	3	1	180.94	99.933	16.463	30.868
759	2	1	271.39	108.74	11.524	25.518
759	3	1	179.93	99.858	16.463	30.868
760	2	1	272.22	108.74	11.524	25.518
760	3	1	178.92	99.783	16.463	30.868
761	2	1	273.04	108.74	11.524	25.518
761	3	1	177.91	99.708	16.463	30.868
762	2	1	273.86	108.74	11.524	25.518
762	3	1	176.9	99.634	16.463	30.868
763	2	1	274.69	108.74	11.524	25.518
763	3	1	175.89	99.559	16.463	30.868
764	2	1	275.51	108.74	11.524	25.518
764	3	1	174.88	99.484	16.463	30.868
765	2	1	276.33	108.74	11.524	25.518
765	3	1	174.33	99.484	16.257	30.868
766	2	1	277.16	108.74	11.524	25.518
766	3	1	173.78	99.484	16.051	30.868
767	2	1	277.98	108.74	11.524	25.518
767	3	1	173.23	99.484	15.846	30.868
768	2	1	278.8	108.74	11.524	25.518
768	3	1	172.68	99.484	15.64	30.868
769	2	1	279.8	108.81	11.524	25.518
769	3	1	172.14	99.484	15.434	30.868
770	2	1	280.79	108.88	11.524	25.518
770	3	1	171.59	99.484	15.228	30.868
771	2	1	281.79	108.95	11.524	25.518
771	3	1	170.35	99.455	15.228	30.868
772	2	1	282.78	109.02	11.524	25.518
772	3	1	169.12	99.425	15.228	30.868
773	2	1	283.78	109.09	11.524	25.518
773	3	1	167.88	99.396	15.228	30.868
774	2	1	284.77	109.16	11.524	25.518
774	3	1	166.65	99.366	15.228	30.868
775	2	1	285.76	109.22	11.524	25.518
775	3	1	165.41	99.337	15.228	30.868
776	2	1	286.76	109.29	11.524	25.518
776	3	1	164.18	99.308	15.228	30.868
777	2	1	287.75	109.36	11.524	25.518
777	3	1	162.94	99.278	15.228	30.868
778	2	1	288.75	109.43	11.524	25.518
778	3	1	161.86	99.232	15.446	30.868
779	2	1	289.74	109.5	11.524	25.518
779	3	1	160.77	99.187	15.663	30.868
780	2	1	290.74	109.57	11.524	25.518
780	3	1	159.69	99.141	15.88	30.868
781	2	1	291.68	109.63	11.318	25.518
781	3	1	158.6	99.095	16.097	30.868
782	2	1	292.62	109.69	11.113	25.518
782	3	1	157.51	99.049	16.314	30.868
783	2	1	293.56	109.74	10.907	25.518
783	3	1	156.43	99.004	16.532	30.868
784	2	1	294.5	109.8	10.701	25.518
784	3	1	155.34	98.958	16.749	30.868
785	2	1	295.44	109.86	10.495	25.518
785	3	1	154.25	98.912	16.966	30.868
786	2	1	296.38	109.92	10.289	25.518
786	3	1	153.17	98.867	17.183	30.868
787	2	1	297.32	109.98	10.084	25.518
787	3	1	152.08	98.821	17.401	30.868
788	2	1	298.26	110.04	9.8778	25.518
788	3	1	151	98.775	17.618	30.868
789	2	1	299.2	110.1	9.672	25.518
789	3	1	149.91	98.729	17.835	30.868
790	2	1	300.15	110.16	9.4662	25.518
790	3	1	148.82	98.684	18.052	30.868
791	2	1	301.09	110.21	9.2605	25.518
791	3	1	147.74	98.638	18.269	30.868
792	2	1	302.03	110.27	9.0547	25.518
792	3	1	146.65	98.592	18.487	30.868
793	2	1	302.97	110.33	8.8489	25.518
793	3	1	145.57	98.546	18.704	30.868
794	2	1	303.91	110.39	8.6431	25.518
794	3	1	144.48	98.501	18.921	30.868
795	2	1	304.77	110.5	8.6431	25.518
795	3	1	143.39	98.455	19.138	30.868
796	2	1	305.63	110.62	8.6431	25.518
796	3	1	142.79	98.407	18.806	30.868
797	2	1	306.49	110.73	8.6431	25.518
797	3	1	142.19	98.36	18.473	30.868
798	2	1	307.35	110.84	8.6431	25.518
798	3	1	141.59	98.313	18.141	30.868
799	2	1	308.21	110.95	8.6431	25.518
799	3	1	140.99	98.265	17.809	30.868
800	2	1	309.07	111.06	8.6431	25.518
800	3	1	140.39	98.218	17.476	30.868
801	2	1	309.93	111.18	8.6431	25.518
801	3	1	139.78	98.17	17.144	30.868
802	2	1	310.79	111.29	8.6431	25.518
802	3	1	139.18	98.123	16.811	30.868
803	2	1	311.65	111.4	8.6431	25.518
803	3	1	138.58	98.075	16.479	30.868
804	2	1	312.51	111.51	8.6431	25.518
804	3	1	137.98	98.028	16.146	30.868
805	2	1	313.37	111.63	8.6431	25.518
805	3	1	137.38	97.98	15.814	30.868
806	2	1	314.3	111.57	8.6431	25.518
806	3	1	136.78	97.933	15.482	30.868
807	2	1	315.23	111.52	8.6431	25.518
807	3	1	136.18	97.885	15.149	30.868
808	2	1	316.15	111.47	8.6431	25.518
808	3	1	135.57	97.838	14.817	30.868
809	2	1	317.08	111.42	8.6431	25.518
809	3	1	134.75	97.666	14.851	31.108
810	2	1	318	111.37	8.6431	25.518
810	3	1	133.93	97.495	14.885	31.348
811	2	1	318.93	111.32	8.6431	25.518
811	3	1	133.1	97.323	14.92	31.588
812	2	1	319.86	111.27	8.6431	25.518
812	3	1	132.28	97.152	14.954	31.829
813	2	1	320.78	111.21	8.6431	25.518
813	3	1	131.46	96.98	14.988	32.069
814	2	1	320.92	111.21	9.1233	25.518
814	3	1	130.64	96.809	15.023	32.309
815	2	1	321.06	111.21	9.6034	25.518
815	3	1	129.81	96.637	15.057	32.549
816	2	1	321.19	111.21	10.084	25.518
816	3	1	128.99	96.466	15.091	32.789
817	2	1	321.33	111.21	10.564	25.518
817	3	1	128.17	96.294	15.125	33.029
818	2	1	321.47	111.21	11.044	25.518
818	3	1	127.34	96.123	15.16	33.269
819	2	1	321.61	111.21	11.524	25.518
819	3	1	126.52	95.951	15.194	33.509
820	2	1	323.15	111.11	10.804	25.518
820	3	1	125.7	95.78	15.228	33.749
821	2	1	324.69	111.01	10.084	25.518
821	3	1	124.84	95.78	15.169	33.749
822	2	1	326.24	110.91	9.3633	25.518
822	3	1	123.99	95.78	15.111	33.749
823	2	1	327.78	110.8	8.6431	25.518
823	3	1	123.14	95.78	15.052	33.749
824	3	1	122.29	95.78	14.993	33.749
825	3	1	121.43	95.78	14.934	33.749
826	3	1	120.58	95.78	14.876	33.749
827	3	1	119.73	95.78	14.817	33.749
828	3	1	118.88	95.78	14.758	33.749
829	3	1	118.02	95.78	14.699	33.749
830	3	1	117.17	95.78	14.64	33.749
831	3	1	116.32	95.78	14.582	33.749
832	3	1	115.47	95.78	14.523	33.749
833	3	1	114.61	95.78	14.464	33.749
834	3	1	113.76	95.78	14.405	33.749
835	3	1	112.7	95.839	14.611	33.632
836	3	1	111.64	95.897	14.817	33.514
837	3	1	110.59	95.956	15.023	33.396
838	3	1	109.53	96.015	15.228	33.279
839	3	1	108.47	96.074	15.434	33.161
840	3	1	107.41	96.133	15.64	33.044
841	3	1	106.35	96.191	15.846	32.926
842	3	1	105.29	96.25	16.051	32.808
843	3	1	104.24	96.309	16.257	32.691
844	3	1	103.18	96.368	16.463	32.573
845	3	1	102.12	96.427	16.669	32.456
846	3	1	101.06	96.485	16.875	32.338
846	4	1	326.75	105.45	8.8489	33.338
847	3	1	100	96.544	17.08	32.22
847	4	1	325.84	105.5	9.2262	33.2
848	3	1	98.944	96.603	17.286	32.103
848	4	1	324.93	105.55	9.6034	33.063
849	3	1	98.172	96.346	16.926	32.103
849	4	1	324.02	105.61	9.9807	32.926
850	3	1	97.4	96.088	16.566	32.103
850	4	1	323.12	105.66	10.358	32.789
851	3	1	96.629	95.831	16.206	32.103
851	4	1	322.21	105.71	10.735	32.652
852	3	1	95.857	95.574	15.846	32.103
852	4	1	321.3	105.76	11.113	32.514
853	3	1	95.085	95.317	15.486	32.103
853	4	1	320.39	105.81	11.49	32.377
854	3	1	94.314	95.059	15.125	32.103
854	4	1	319.48	105.86	11.867	32.24
855	3	1	93.542	94.802	14.765	32.103
855	4	1	318.57	105.91	12.244	32.103
856	3	1	92.77	94.545	14.405	32.103
856	4	1	317.66	105.97	12.622	31.966
857	3	1	91.906	94.545	14.405	32.103
857	4	1	316.75	106.02	12.999	31.829
858	3	1	91.041	94.545	14.405	32.103
858	4	1	315.84	106.07	13.376	31.691
859	3	1	90.177	94.545	14.405	32.103
859	4	1	314.92	106.07	13.294	31.506
860	3	1	89.313	94.545	14.405	32.103
860	4	1	313.99	106.07	13.212	31.321
861	3	1	88.449	94.545	14.405	32.103
861	4	1	313.07	106.07	13.129	31.136
862	3	1	87.584	94.545	14.405	32.103
862	4	1	312.14	106.07	13.047	30.95
863	3	1	86.72	94.545	14.405	32.103
863	4	1	311.21	106.07	12.965	30.765
864	3	1	85.856	94.545	14.405	32.103
864	4	1	310.29	106.07	12.882	30.58
865	3	1	84.991	94.545	14.405	32.103
865	4	1	309.36	106.07	12.8	30.395
866	3	1	84.127	94.545	14.405	32.103
866	4	1	308.44	106.07	12.718	30.21
867	3	1	83.186	94.545	14.611	32.103
867	4	1	307.51	106.07	12.635	30.024
868	3	1	82.246	94.545	14.817	32.103
868	4	1	306.58	106.07	12.553	29.839
869	3	1	81.305	94.545	15.023	32.103
869	4	1	305.99	106.01	12.286	29.839
870	3	1	80.364	94.545	15.228	32.103
870	4	1	305.39	105.95	12.018	29.839
871	3	1	79.423	94.545	15.434	32.103
871	4	1	304.79	105.88	11.75	29.839
872	3	1	78.483	94.545	15.64	32.103
872	4	1	304.2	105.82	11.483	29.839
873	3	1	77.542	94.545	15.846	32.103
873	4	1	303.6	105.76	11.215	29.839
874	3	1	76.601	94.545	16.051	32.103
874	4	1	303	105.7	10.948	29.839
875	3	1	75.66	94.545	16.257	32.103
875	4	1	302.41	105.64	10.68	29.839
876	3	1	74.72	94.545	16.463	32.103
876	4	1	301.81	105.58	10.413	29.839
877	3	1	73.779	94.545	16.669	32.103
877	4	1	301.21	105.51	10.145	29.839
878	3	1	72.838	94.545	16.875	32.103
878	4	1	300.62	105.45	9.8778	29.839
879	3	1	71.897	94.545	17.08	32.103
879	4	1	299.53	105.45	10.271	29.839
880	3	1	70.957	94.545	17.286	32.103
880	4	1	298.45	105.45	10.664	29.839
881	3	1	70.088	94.408	16.875	32.103
881	4	1	297.36	105.45	11.056	29.839
882	3	1	69.219	94.271	16.463	32.103
882	4	1	296.28	105.45	11.449	29.839
883	3	1	68.35	94.133	16.051	32.103
883	4	1	295.19	105.45	11.842	29.839
884	3	1	67.481	93.996	15.64	32.103
884	4	1	294.11	105.45	12.235	29.839
885	3	1	66.612	93.859	15.228	32.103
885	4	1	293.02	105.45	12.628	29.839
886	3	1	65.743	93.722	14.817	32.103
886	4	1	291.94	105.45	13.021	29.839
887	3	1	64.874	93.585	14.405	32.103
887	4	1	290.85	105.45	13.414	29.839
888	3	1	64.006	93.447	13.994	32.103
888	4	1	289.77	105.45	13.806	29.839
889	3	1	63.137	93.31	13.582	32.103
889	4	1	288.68	105.45	14.199	29.839
890	3	1	62.334	93.31	13.582	32.103
890	4	1	287.95	105.36	13.825	29.839
891	3	1	61.532	93.31	13.582	32.103
891	4	1	287.22	105.26	13.451	29.839
892	3	1	60.729	93.31	13.582	32.103
892	4	1	286.49	105.17	13.077	29.839
893	3	1	59.926	93.31	13.582	32.103
893	4	1	285.76	105.08	12.703	29.839
894	3	1	59.124	93.31	13.582	32.103
894	4	1	285.03	104.98	12.329	29.839
895	3	1	58.321	93.31	13.582	32.103
895	4	1	284.3	104.89	11.954	29.839
896	3	1	57.519	93.31	13.582	32.103
896	4	1	283.57	104.8	11.58	29.839
897	3	1	56.716	93.31	13.582	32.103
897	4	1	282.84	104.7	11.206	29.839
898	3	1	55.914	93.31	13.582	32.103
898	4	1	282.11	104.61	10.832	29.839
899	3	1	55.111	93.31	13.582	32.103
899	4	1	281.38	104.52	10.458	29.839
900	3	1	54.151	93.31	13.692	32.103
900	4	1	280.65	104.42	10.084	29.839
901	3	1	53.19	93.31	13.802	32.103
901	4	1	279.66	104.33	10.174	29.916
902	3	1	52.23	93.31	13.911	32.103
902	4	1	278.67	104.24	10.264	29.994
903	3	1	51.27	93.31	14.021	32.103
903	4	1	277.68	104.15	10.354	30.071
904	3	1	50.309	93.31	14.131	32.103
904	4	1	276.69	104.06	10.444	30.148
905	3	1	49.349	93.31	14.241	32.103
905	4	1	275.7	103.97	10.534	30.225
906	3	1	48.389	93.31	14.35	32.103
906	4	1	274.71	103.88	10.624	30.302
907	3	1	47.428	93.31	14.46	32.103
907	4	1	273.72	103.79	10.714	30.379
908	3	1	46.468	93.31	14.57	32.103
908	4	1	272.73	103.7	10.804	30.457
909	3	1	45.508	93.31	14.68	32.103
909	4	1	271.74	103.61	10.894	30.534
910	3	1	44.547	93.31	14.789	32.103
910	4	1	270.75	103.52	10.984	30.611
911	3	1	43.587	93.31	14.899	32.103
911	4	1	269.76	103.43	11.074	30.688
912	3	1	42.626	93.31	15.009	32.103
912	4	1	268.77	103.34	11.164	30.765
913	3	1	41.666	93.31	15.119	32.103
913	4	1	267.78	103.25	11.254	30.842
914	3	1	40.706	93.31	15.228	32.103
914	4	1	266.79	103.16	11.344	30.92
915	3	1	39.677	93.259	15.4	32.034
915	4	1	265.8	103.07	11.434	30.997
916	3	1	38.648	93.207	15.571	31.966
916	4	1	264.81	102.98	11.524	31.074
917	3	1	37.619	93.156	15.743	31.897
917	4	1	263.83	102.93	11.884	31.074
918	3	1	36.59	93.105	15.914	31.829
918	4	1	262.85	102.88	12.244	31.074
919	3	1	35.561	93.053	16.086	31.76
919	4	1	261.88	102.83	12.605	31.074
920	3	1	34.532	93.002	16.257	31.691
920	4	1	260.9	102.78	12.965	31.074
921	3	1	33.503	92.95	16.429	31.623
921	4	1	259.92	102.73	13.325	31.074
922	3	1	32.474	92.899	16.6	31.554
922	4	1	258.94	102.67	13.685	31.074
923	3	1	31.445	92.847	16.772	31.486
923	4	1	257.97	102.62	14.045	31.074
924	3	1	30.416	92.796	16.943	31.417
924	4	1	256.99	102.57	14.405	31.074
925	3	1	29.387	92.744	17.115	31.348
925	4	1	256.13	102.5	14.218	31.074
926	3	1	28.359	92.693	17.286	31.28
926	4	1	255.27	102.42	14.031	31.074
927	3	1	27.69	92.641	17.029	31.28
927	4	1	254.41	102.35	13.844	31.074
928	3	1	27.021	92.59	16.772	31.28
928	4	1	253.55	102.27	13.657	31.074
929	3	1	26.352	92.539	16.514	31.28
929	4	1	252.69	102.2	13.47	31.074
930	3	1	25.683	92.487	16.257	31.28
930	4	1	251.83	102.12	13.283	31.074
931	3	1	25.014	92.436	16	31.28
931	4	1	250.96	102.05	13.096	31.074
932	3	1	24.346	92.384	15.743	31.28
932	4	1	250.1	101.97	12.909	31.074
933	3	1	23.677	92.333	15.486	31.28
933	4	1	249.24	101.9	12.721	31.074
934	3	1	23.008	92.281	15.228	31.28
934	4	1	248.38	101.82	12.534	31.074
935	3	1	22.339	92.23	14.971	31.28
935	4	1	247.52	101.75	12.347	31.074
936	3	1	21.67	92.178	14.714	31.28
936	4	1	246.61	101.75	12.347	31.074
937	3	1	21.002	92.127	14.457	31.28
937	4	1	245.7	101.75	12.347	31.074
938	3	1	20.333	92.076	14.199	31.28
938	4	1	244.79	101.75	12.347	31.074
939	3	1	19.51	92.076	14.199	31.28
939	4	1	243.88	101.75	12.347	31.074
940	3	1	18.686	92.076	14.199	31.28
940	4	1	242.97	101.75	12.347	31.074
941	3	1	17.863	92.076	14.199	31.28
941	4	1	242.05	101.75	12.347	31.074
942	3	1	17.04	92.076	14.199	31.28
942	4	1	241.14	101.75	12.347	31.074
943	3	1	16.217	92.076	14.199	31.28
943	4	1	240.23	101.75	12.347	31.074
944	3	1	15.394	92.076	14.199	31.28
944	4	1	239.32	101.75	12.347	31.074
945	3	1	14.845	92.041	13.856	30.937
945	4	1	238.41	101.75	12.347	31.074
946	3	1	14.296	92.007	13.513	30.594
946	4	1	237.5	101.75	12.347	31.074
947	3	1	13.748	91.973	13.17	30.251
947	4	1	236.59	101.75	12.347	31.074
948	3	1	13.199	91.938	12.827	29.908
948	4	1	235.68	101.75	12.347	31.074
949	3	1	12.65	91.904	12.484	29.565
949	4	1	234.76	101.75	12.347	31.074
950	3	1	12.101	91.87	12.141	29.222
950	4	1	233.12	101.75	13.479	31.074
951	3	1	11.147	91.776	12.141	29.222
951	4	1	231.47	101.75	14.611	31.074
952	3	1	10.193	91.683	12.141	29.222
952	4	1	229.82	101.75	15.743	31.074
953	3	1	9.239	91.589	12.141	29.222
953	4	1	228.18	101.75	16.875	31.074
954	3	1	8.2849	91.496	12.141	29.222
954	4	1	227.6	101.64	16.276	31.074
955	3	1	7.3308	91.402	12.141	29.222
955	4	1	227.02	101.52	15.677	31.074
956	3	1	6.3766	91.309	12.141	29.222
956	4	1	226.44	101.41	15.079	31.074
957	3	1	5.4225	91.215	12.141	29.222
957	4	1	225.86	101.3	14.48	31.074
958	3	1	4.4684	91.121	12.141	29.222
958	4	1	225.28	101.19	13.881	31.074
959	3	1	3.5143	91.028	12.141	29.222
959	4	1	224.7	101.07	13.283	31.074
960	3	1	2.5602	90.934	12.141	29.222
960	4	1	224.12	100.96	12.684	31.074
961	3	1	1.6061	90.841	12.141	29.222
961	4	1	223.54	100.85	12.085	31.074
962	3	1	1.4003	90.841	11.421	29.222
962	4	1	222.96	100.74	11.487	31.074
963	3	1	1.1945	90.841	10.701	29.222
963	4	1	222.38	100.63	10.888	31.074
964	3	1	0.98875	90.841	9.9807	29.222
964	4	1	221.8	100.51	10.289	31.074
965	3	1	0.78296	90.841	9.2605	29.222
965	4	1	220.65	100.45	10.722	31.074
966	4	1	219.49	100.39	11.154	31.074
967	4	1	218.34	100.33	11.586	31.074
968	4	1	217.19	100.27	12.018	31.074
969	4	1	216.04	100.2	12.45	31.074
970	4	1	214.88	100.14	12.882	31.074
971	4	1	213.73	100.08	13.314	31.074
972	4	1	212.58	100.02	13.747	31.074
973	4	1	211.43	99.957	14.179	31.074
974	4	1	210.27	99.895	14.611	31.074
975	4	1	209.06	99.937	14.611	31.074
976	4	1	207.85	99.978	14.611	31.074
977	4	1	206.63	100.02	14.611	31.074
978	4	1	205.42	100.06	14.611	31.074
979	4	1	204.2	100.1	14.611	31.074
980	4	1	202.99	100.14	14.611	31.074
981	4	1	201.78	100.18	14.611	31.074
982	4	1	200.56	100.22	14.611	31.074
983	4	1	199.35	100.27	14.611	31.074
984	4	1	198.13	100.31	14.611	31.074
985	4	1	197.55	100.14	14.165	31.125
986	4	1	196.97	99.964	13.719	31.177
987	4	1	196.38	99.793	13.273	31.228
988	4	1	195.8	99.621	12.827	31.28
989	4	1	195.22	99.45	12.382	31.331
990	4	1	194.64	99.278	11.936	31.383
991	4	1	194.05	99.107	11.49	31.434
992	4	1	193.47	98.935	11.044	31.486
993	4	1	192.89	98.764	10.598	31.537
994	4	1	192.3	98.592	10.152	31.588
995	4	1	191.72	98.421	9.7063	31.64
996	4	1	191.14	98.249	9.2605	31.691
997	4	1	189.73	98.308	10.054	31.691
998	4	1	188.31	98.367	10.848	31.691
999	4	1	186.9	98.426	11.642	31.691
1000	4	1	185.49	98.484	12.435	31.691
1001	4	1	184.08	98.543	13.229	31.691
1002	4	1	182.67	98.602	14.023	31.691
1003	4	1	181.26	98.661	14.817	31.691
1004	4	1	180.49	98.623	14.405	31.691
1005	4	1	179.72	98.586	13.994	31.691
1006	4	1	178.96	98.549	13.582	31.691
1007	4	1	178.19	98.511	13.17	31.691
1008	4	1	177.42	98.474	12.759	31.691
1009	4	1	176.66	98.436	12.347	31.691
1010	4	1	175.89	98.399	11.936	31.691
1011	4	1	175.12	98.361	11.524	31.691
1012	4	1	174.36	98.324	11.113	31.691
1013	4	1	173.59	98.287	10.701	31.691
1014	4	1	172.82	98.249	10.289	31.691
1015	4	1	171.42	98.181	10.712	31.691
1016	4	1	170.01	98.112	11.135	31.691
1017	4	1	168.6	98.043	11.558	31.691
1018	4	1	167.2	97.975	11.981	31.691
1019	4	1	165.79	97.906	12.404	31.691
1020	4	1	164.38	97.838	12.827	31.691
1021	4	1	162.98	97.769	13.25	31.691
1022	4	1	161.57	97.7	13.673	31.691
1023	4	1	160.17	97.632	14.096	31.691
1024	4	1	158.76	97.563	14.519	31.691
1025	4	1	157.35	97.495	14.942	31.691
1026	4	1	155.95	97.426	15.365	31.691
1027	4	1	154.54	97.357	15.788	31.691
1028	4	1	153.13	97.289	16.212	31.691
1029	4	1	151.73	97.22	16.635	31.691
1030	4	1	150.32	97.152	17.058	31.691
1031	4	1	148.92	97.083	17.481	31.691
1032	4	1	147.51	97.014	17.904	31.691
1033	4	1	147.02	96.967	17.318	31.691
1034	4	1	146.53	96.919	16.732	31.691
1035	4	1	146.04	96.872	16.146	31.691
1036	4	1	145.55	96.825	15.561	31.691
1037	4	1	145.06	96.777	14.975	31.691
1038	4	1	144.57	96.73	14.389	31.691
1039	4	1	144.07	96.682	13.804	31.691
1040	4	1	143.58	96.635	13.218	31.691
1041	4	1	143.09	96.587	12.632	31.691
1042	4	1	142.6	96.54	12.047	31.691
1043	4	1	142.11	96.492	11.461	31.691
1044	4	1	141.62	96.445	10.875	31.691
1045	4	1	141.13	96.397	10.289	31.691
1046	4	1	140.17	96.32	10.405	31.82
1047	4	1	139.2	96.243	10.521	31.949
1048	4	1	138.24	96.166	10.637	32.077
1049	4	1	137.27	96.088	10.752	32.206
1050	4	1	136.31	96.011	10.868	32.334
1051	4	1	135.34	95.934	10.984	32.463
1052	4	1	134.38	95.857	11.1	32.592
1053	4	1	133.41	95.78	11.215	32.72
1054	4	1	132.45	95.703	11.331	32.849
1055	4	1	131.48	95.625	11.447	32.977
1056	4	1	130.52	95.548	11.563	33.106
1057	4	1	129.55	95.471	11.678	33.235
1058	4	1	128.59	95.394	11.794	33.363
1059	4	1	127.63	95.317	11.91	33.492
1060	4	1	126.66	95.24	12.026	33.621
1061	4	1	125.7	95.162	12.141	33.749
1062	4	1	124.92	95.097	12.206	33.858
1063	4	1	124.14	95.032	12.271	33.966
1064	4	1	123.36	94.967	12.336	34.074
1065	4	1	122.58	94.902	12.401	34.182
1066	4	1	121.8	94.837	12.466	34.291
1067	4	1	121.02	94.772	12.531	34.399
1068	4	1	120.24	94.707	12.596	34.507
1069	4	1	119.46	94.642	12.661	34.616
1070	4	1	118.68	94.578	12.726	34.724
1071	4	1	117.9	94.513	12.791	34.832
1072	4	1	117.12	94.448	12.856	34.941
1073	4	1	116.34	94.383	12.921	35.049
1074	4	1	115.56	94.318	12.986	35.157
1075	4	1	114.78	94.253	13.051	35.266
1076	4	1	114	94.188	13.116	35.374
1077	4	1	113.22	94.123	13.181	35.482
1078	4	1	112.44	94.058	13.246	35.59
1079	4	1	111.66	93.993	13.311	35.699
1080	4	1	110.88	93.928	13.376	35.807
1081	4	1	110.44	93.957	13.376	35.807
1082	4	1	110	93.986	13.376	35.807
1083	4	1	109.56	94.016	13.376	35.807
1084	4	1	109.12	94.045	13.376	35.807
1085	4	1	108.67	94.075	13.376	35.807
1086	4	1	108.23	94.104	13.376	35.807
1087	4	1	107.79	94.133	13.376	35.807
1088	4	1	107.35	94.163	13.376	35.807
1089	4	1	106.91	94.192	13.376	35.807
1090	4	1	106.47	94.222	13.376	35.807
1091	4	1	106.03	94.251	13.376	35.807
1092	4	1	105.59	94.28	13.376	35.807
1093	4	1	105.15	94.31	13.376	35.807
1094	4	1	104.71	94.339	13.376	35.807
1095	4	1	104.53	94.29	13.384	35.922
1096	4	1	104.36	94.24	13.393	36.038
1097	4	1	104.19	94.191	13.401	36.153
1098	4	1	104.01	94.142	13.409	36.268
1099	4	1	103.84	94.092	13.417	36.383
1100	4	1	103.67	94.043	13.426	36.499
1101	4	1	103.5	93.994	13.434	36.614
1102	4	1	103.32	93.944	13.442	36.729
1103	4	1	103.15	93.895	13.45	36.844
1104	4	1	102.98	93.845	13.459	36.959
1105	4	1	102.8	93.796	13.467	37.075
1106	4	1	102.63	93.747	13.475	37.19
1107	4	1	102.46	93.697	13.483	37.305
1108	4	1	102.29	93.648	13.491	37.42
1109	4	1	102.11	93.598	13.5	37.536
1110	4	1	101.94	93.549	13.508	37.651
1111	4	1	101.77	93.5	13.516	37.766
1112	4	1	101.59	93.45	13.524	37.881
1113	4	1	101.42	93.401	13.533	37.997
1114	4	1	101.25	93.351	13.541	38.112
1115	4	1	101.08	93.302	13.549	38.227
1116	4	1	100.9	93.253	13.557	38.342
1117	4	1	100.73	93.203	13.566	38.458
1118	4	1	100.56	93.154	13.574	38.573
1119	4	1	100.38	93.105	13.582	38.688
1120	4	1	100.39	93.085	13.682	38.788
1121	4	1	100.4	93.065	13.781	38.887
1122	4	1	100.4	93.045	13.881	38.987
1123	4	1	100.41	93.025	13.98	39.086
1124	4	1	100.42	93.005	14.08	39.186
1125	4	1	100.42	92.985	14.179	39.286
1126	4	1	100.43	92.965	14.279	39.385
1127	4	1	100.44	92.945	14.379	39.485
1128	4	1	100.44	92.925	14.478	39.584
1129	4	1	100.45	92.905	14.578	39.684
1130	4	1	100.46	92.885	14.677	39.783
1131	4	1	100.46	92.866	14.777	39.883
1132	4	1	100.47	92.846	14.876	39.983
1133	4	1	100.48	92.826	14.976	40.082
1134	4	1	100.48	92.806	15.076	40.182
1135	4	1	100.49	92.786	15.175	40.281
1136	4	1	100.5	92.766	15.275	40.381
1137	4	1	100.5	92.746	15.374	40.48
1138	4	1	100.51	92.726	15.474	40.58
1139	4	1	100.52	92.706	15.573	40.68
1140	4	1	100.52	92.686	15.673	40.779
1141	4	1	100.53	92.666	15.773	40.879
1142	4	1	100.54	92.646	15.872	40.978
1143	4	1	100.54	92.627	15.972	41.078
1144	4	1	100.55	92.607	16.071	41.177
1145	4	1	100.56	92.587	16.171	41.277
1146	4	1	100.56	92.567	16.271	41.377
1147	4	1	100.57	92.547	16.37	41.476
1148	4	1	100.58	92.527	16.47	41.576
1149	4	1	100.58	92.507	16.569	41.675
1150	4	1	100.59	92.487	16.669	41.775
1151	4	1	100.61	92.374	16.741	41.919
1152	4	1	100.63	92.261	16.813	42.063
1153	4	1	100.65	92.148	16.885	42.207
1154	4	1	100.67	92.034	16.957	42.351
1155	4	1	100.69	91.921	17.029	42.495
1156	4	1	100.71	91.808	17.101	42.639
1157	4	1	100.73	91.695	17.173	42.783
1158	4	1	100.75	91.582	17.245	42.927
1159	4	1	100.78	91.468	17.317	43.071
1160	4	1	100.8	91.355	17.389	43.215
1161	4	1	100.82	91.242	17.461	43.359
1162	4	1	100.84	91.129	17.533	43.504
1163	4	1	100.86	91.016	17.605	43.648
1164	4	1	100.88	90.903	17.677	43.792
1165	4	1	100.9	90.789	17.749	43.936
1166	4	1	100.92	90.676	17.821	44.08
1167	4	1	100.94	90.563	17.893	44.224
1168	4	1	100.96	90.45	17.965	44.368
1169	4	1	100.98	90.337	18.037	44.512
1170	4	1	101	90.223	18.109	44.656
1171	4	1	101.04	90.239	18.109	44.706
1172	4	1	101.08	90.254	18.109	44.756
1173	4	1	101.12	90.269	18.109	44.807
1174	4	1	101.16	90.284	18.109	44.857
1175	4	1	101.2	90.299	18.109	44.907
1176	4	1	101.24	90.314	18.109	44.957
1177	4	1	101.28	90.329	18.109	45.007
1178	4	1	101.32	90.344	18.109	45.057
1179	4	1	101.36	90.359	18.109	45.108
1180	4	1	101.4	90.374	18.109	45.158
1181	4	1	101.44	90.389	18.109	45.208
1182	4	1	101.48	90.404	18.109	45.258
1183	4	1	101.52	90.419	18.109	45.308
1184	4	1	101.56	90.434	18.109	45.359
1185	4	1	101.6	90.449	18.109	45.409
1186	4	1	101.64	90.464	18.109	45.459
1187	4	1	101.68	90.479	18.109	45.509
1188	4	1	101.72	90.495	18.109	45.559
1189	4	1	101.76	90.51	18.109	45.61
1190	4	1	101.8	90.525	18.109	45.66
1191	4	1	101.84	90.54	18.109	45.71
1192	4	1	101.88	90.555	18.109	45.76
1193	4	1	101.93	90.57	18.109	45.81
1194	4	1	101.97	90.585	18.109	45.861
1195	4	1	102.01	90.6	18.109	45.911
1196	4	1	102.05	90.615	18.109	45.961
1197	4	1	102.09	90.63	18.109	46.011
1198	4	1	102.13	90.645	18.109	46.061
1199	4	1	102.17	90.66	18.109	46.112
1200	4	1	102.21	90.675	18.109	46.162
1201	4	1	102.25	90.69	18.109	46.212
1202	4	1	102.29	90.705	18.109	46.262
1203	4	1	102.33	90.72	18.109	46.312
1204	4	1	102.37	90.735	18.109	46.362
1205	4	1	102.41	90.75	18.109	46.413
1206	4	1	102.45	90.766	18.109	46.463
1207	4	1	102.49	90.781	18.109	46.513
1208	4	1	102.53	90.796	18.109	46.563
1209	4	1	102.57	90.811	18.109	46.613
1210	4	1	102.61	90.826	18.109	46.664
1211	4	1	102.65	90.841	18.109	46.714
1212	4	1	102.7	90.704	18.109	47.098
1213	4	1	102.76	90.566	18.109	47.482
1214	4	1	102.81	90.429	18.109	47.866
1215	4	1	102.87	90.292	18.109	48.25
1216	4	1	102.92	90.155	18.109	48.635
1217	4	1	102.98	90.018	18.109	49.019
1218	4	1	103.03	89.88	18.109	49.403
1219	4	1	103.09	89.743	18.109	49.787
1220	4	1	103.14	89.606	18.109	50.171
1221	4	1	103.2	89.469	18.109	50.555
1222	4	1	103.25	89.332	18.109	50.939
1223	4	1	103.31	89.195	18.109	51.323
1224	4	1	103.36	89.057	18.109	51.708
1225	4	1	103.42	88.92	18.109	52.092
1226	4	1	103.47	88.783	18.109	52.476
1227	4	1	103.43	88.749	18.201	52.613
1228	4	1	103.38	88.714	18.292	52.75
1229	4	1	103.33	88.68	18.384	52.887
1230	4	1	103.29	88.646	18.475	53.025
1231	4	1	103.24	88.611	18.567	53.162
1232	4	1	103.2	88.577	18.658	53.299
1233	4	1	103.15	88.543	18.75	53.436
1234	4	1	103.11	88.509	18.841	53.573
1235	4	1	103.06	88.474	18.932	53.711
1236	4	1	103.01	88.44	19.024	53.848
1237	4	1	102.97	88.406	19.115	53.985
1238	4	1	102.92	88.371	19.207	54.122
1239	4	1	102.88	88.337	19.298	54.259
1240	4	1	102.83	88.303	19.39	54.397
1241	4	1	102.79	88.268	19.481	54.534
1242	4	1	102.74	88.234	19.573	54.671
1243	4	1	102.69	88.2	19.664	54.808
1244	4	1	102.65	88.166	19.756	54.945
1245	4	1	102.6	88.131	19.847	55.083
1246	4	1	102.56	88.097	19.939	55.22
1247	4	1	102.51	88.063	20.03	55.357
1248	4	1	102.46	88.028	20.121	55.494
1249	4	1	102.42	87.994	20.213	55.631
1250	4	1	102.37	87.96	20.304	55.768
1251	4	1	102.33	87.926	20.396	55.906
1251	5	1	0.57717	97.22	8.8489	22.225
1252	4	1	102.28	87.891	20.487	56.043
1252	5	1	2.2492	97.503	8.8489	22.225
1253	4	1	102.24	87.857	20.579	56.18
1253	5	1	3.9212	97.786	8.8489	22.225
1254	4	1	102.19	87.823	20.67	56.317
1254	5	1	5.5932	98.069	8.8489	22.225
1255	4	1	102.14	87.788	20.762	56.454
1255	5	1	7.2653	98.352	8.8489	22.225
1256	4	1	102.1	87.754	20.853	56.592
1256	5	1	8.9373	98.635	8.8489	22.225
1257	4	1	102.05	87.72	20.945	56.729
1257	5	1	10.609	98.918	8.8489	22.225
1258	4	1	102.01	87.685	21.036	56.866
1258	5	1	12.281	99.201	8.8489	22.225
1259	4	1	101.96	87.651	21.128	57.003
1259	5	1	13.953	99.484	8.8489	22.225
1260	4	1	101.92	87.617	21.219	57.14
1260	5	1	15.188	99.381	9.5434	22.302
1261	4	1	101.87	87.583	21.31	57.278
1261	5	1	16.423	99.278	10.238	22.379
1262	4	1	101.82	87.548	21.402	57.415
1262	5	1	17.658	99.175	10.932	22.457
1263	4	1	101.81	87.51	21.428	57.633
1263	5	1	18.892	99.072	11.627	22.534
1264	4	1	101.8	87.471	21.453	57.852
1264	5	1	20.127	98.969	12.322	22.611
1265	4	1	101.79	87.432	21.479	58.071
1265	5	1	21.362	98.867	13.016	22.688
1266	4	1	101.77	87.394	21.505	58.289
1266	5	1	22.596	98.764	13.711	22.765
1267	4	1	101.76	87.355	21.531	58.508
1267	5	1	23.831	98.661	14.405	22.842
1268	4	1	101.75	87.317	21.556	58.727
1268	5	1	25.426	98.764	14.559	22.842
1269	4	1	101.73	87.278	21.582	58.945
1269	5	1	27.021	98.867	14.714	22.842
1270	4	1	101.72	87.24	21.608	59.164
1270	5	1	28.616	98.969	14.868	22.842
1271	4	1	101.71	87.201	21.633	59.383
1271	5	1	30.211	99.072	15.023	22.842
1272	4	1	101.7	87.162	21.659	59.601
1272	5	1	31.805	99.175	15.177	22.842
1273	4	1	101.68	87.124	21.685	59.82
1273	5	1	33.4	99.278	15.331	22.842
1274	4	1	101.67	87.085	21.711	60.039
1274	5	1	34.995	99.381	15.486	22.842
1275	4	1	101.66	87.047	21.736	60.257
1275	5	1	36.59	99.484	15.64	22.842
1276	4	1	101.64	87.008	21.762	60.476
1276	5	1	38.596	99.587	15.451	22.774
1277	4	1	101.63	86.969	21.788	60.695
1277	5	1	40.603	99.69	15.263	22.705
1278	4	1	101.62	86.931	21.814	60.913
1278	5	1	42.609	99.793	15.074	22.637
1279	4	1	101.61	86.892	21.839	61.132
1279	5	1	44.616	99.895	14.885	22.568
1280	4	1	101.59	86.854	21.865	61.35
1280	5	1	46.622	99.998	14.697	22.499
1281	4	1	101.58	86.815	21.891	61.569
1281	5	1	48.629	100.1	14.508	22.431
1282	4	1	101.57	86.777	21.916	61.788
1282	5	1	50.635	100.2	14.319	22.362
1283	4	1	101.55	86.738	21.942	62.006
1283	5	1	52.641	100.31	14.131	22.294
1284	4	1	101.54	86.699	21.968	62.225
1284	5	1	54.648	100.41	13.942	22.225
1285	4	1	101.53	86.661	21.994	62.444
1285	5	1	56.654	100.51	13.753	22.156
1286	4	1	101.52	86.622	22.019	62.662
1286	5	1	58.661	100.62	13.565	22.088
1287	4	1	101.5	86.584	22.045	62.881
1287	5	1	60.667	100.72	13.376	22.019
1288	4	1	101.49	86.545	22.071	63.1
1288	5	1	63.137	100.99	13.376	22.019
1289	4	1	101.48	86.506	22.096	63.318
1289	5	1	65.606	101.27	13.376	22.019
1290	4	1	101.46	86.468	22.122	63.537
1290	5	1	68.076	101.54	13.376	22.019
1291	4	1	101.45	86.429	22.148	63.756
1291	5	1	69.413	101.54	13.531	21.865
1292	4	1	101.44	86.391	22.174	63.974
1292	5	1	70.751	101.54	13.685	21.711
1293	4	1	101.43	86.352	22.199	64.193
1293	5	1	72.088	101.54	13.839	21.556
1294	4	1	101.41	86.314	22.225	64.412
1294	5	1	73.426	101.54	13.994	21.402
1295	4	1	101.34	86.276	22.35	64.624
1295	5	1	75.69	101.78	13.523	21.402
1296	4	1	101.26	86.239	22.475	64.836
1296	5	1	77.953	102.01	13.053	21.402
1297	4	1	101.19	86.201	22.599	65.048
1297	5	1	80.217	102.25	12.582	21.402
1298	4	1	101.11	86.164	22.724	65.26
1298	5	1	82.481	102.48	12.112	21.402
1299	4	1	101.04	86.126	22.849	65.472
1299	5	1	84.744	102.72	11.642	21.402
1300	4	1	100.96	86.089	22.973	65.684
1300	5	1	87.008	102.95	11.171	21.402
1301	4	1	100.89	86.052	23.098	65.896
1301	5	1	89.272	103.19	10.701	21.402
1302	4	1	100.81	86.014	23.223	66.108
1302	5	1	91.145	103.32	10.755	21.402
1303	4	1	100.74	85.977	23.348	66.32
1303	5	1	93.019	103.45	10.809	21.402
1304	4	1	100.66	85.939	23.472	66.532
1304	5	1	94.893	103.58	10.863	21.402
1305	4	1	100.59	85.902	23.597	66.744
1305	5	1	96.767	103.71	10.918	21.402
1306	4	1	100.52	85.865	23.722	66.956
1306	5	1	98.64	103.84	10.972	21.402
1307	4	1	100.44	85.827	23.846	67.168
1307	5	1	100.51	103.97	11.026	21.402
1308	4	1	100.37	85.79	23.971	67.38
1308	5	1	102.39	104.1	11.08	21.402
1309	4	1	100.29	85.752	24.096	67.592
1309	5	1	104.26	104.23	11.134	21.402
1310	4	1	100.22	85.715	24.221	67.804
1310	5	1	106.14	104.36	11.188	21.402
1311	4	1	100.14	85.677	24.345	68.016
1311	5	1	108.01	104.49	11.243	21.402
1312	4	1	100.07	85.64	24.47	68.228
1312	5	1	109.88	104.62	11.297	21.402
1313	4	1	99.991	85.603	24.595	68.44
1313	5	1	111.76	104.75	11.351	21.402
1314	4	1	99.917	85.565	24.719	68.652
1314	5	1	113.63	104.88	11.405	21.402
1315	4	1	99.842	85.528	24.844	68.864
1315	5	1	115.5	105.01	11.459	21.402
1316	4	1	99.767	85.49	24.969	69.076
1316	5	1	117.38	105.14	11.513	21.402
1317	4	1	99.692	85.453	25.094	69.288
1317	5	1	119.25	105.27	11.567	21.402
1318	4	1	99.617	85.416	25.218	69.5
1318	5	1	121.13	105.4	11.622	21.402
1319	4	1	99.542	85.378	25.343	69.712
1319	5	1	123	105.53	11.676	21.402
1320	4	1	99.468	85.341	25.468	69.924
1320	5	1	124.87	105.66	11.73	21.402
1321	4	1	99.393	85.303	25.593	70.136
1321	5	1	126.59	105.61	11.821	21.356
1322	4	1	99.318	85.266	25.717	70.348
1322	5	1	128.3	105.57	11.913	21.31
1323	4	1	99.243	85.228	25.842	70.56
1323	5	1	130.02	105.52	12.004	21.265
1324	4	1	99.168	85.191	25.967	70.772
1324	5	1	131.73	105.47	12.096	21.219
1325	4	1	99.093	85.154	26.091	70.984
1325	5	1	133.45	105.43	12.187	21.173
1326	4	1	99.019	85.116	26.216	71.196
1326	5	1	135.16	105.38	12.279	21.128
1327	4	1	98.944	85.079	26.341	71.408
1327	5	1	136.88	105.34	12.37	21.082
1328	4	1	98.944	84.924	26.485	71.748
1328	5	1	138.59	105.29	12.462	21.036
1329	4	1	98.944	84.77	26.629	72.087
1329	5	1	140.31	105.25	12.553	20.99
1329	6	1	1.7733	98.043	10.701	22.637
1329	7	1	2.1849	97.632	11.936	23.048
1330	4	1	98.944	84.616	26.773	72.427
1330	5	1	142.2	105.37	12.553	20.99
1330	6	1	3.347	98.043	10.798	22.661
1330	7	1	3.5407	97.535	11.815	23.048
1331	4	1	98.944	84.461	26.917	72.767
1331	5	1	144.09	105.49	12.553	20.99
1331	6	1	4.9207	98.043	10.895	22.685
1331	7	1	4.8964	97.438	11.694	23.048
1332	4	1	98.944	84.307	27.061	73.106
1332	5	1	145.99	105.62	12.553	20.99
1332	6	1	6.4943	98.043	10.991	22.709
1332	7	1	6.2522	97.341	11.573	23.048
1333	4	1	98.944	84.153	27.205	73.446
1333	5	1	147.88	105.74	12.553	20.99
1333	6	1	8.068	98.043	11.088	22.733
1333	7	1	7.608	97.244	11.451	23.048
1334	4	1	98.944	83.998	27.349	73.785
1334	5	1	149.77	105.86	12.553	20.99
1334	6	1	9.6417	98.043	11.185	22.758
1334	7	1	8.9638	97.148	11.33	23.048
1335	4	1	98.944	83.844	27.493	74.125
1335	5	1	151.67	105.99	12.553	20.99
1335	6	1	11.215	98.043	11.282	22.782
1335	7	1	10.32	97.051	11.209	23.048
1336	4	1	98.944	83.69	27.637	74.464
1336	5	1	153.56	106.11	12.553	20.99
1336	6	1	12.789	98.043	11.379	22.806
1336	7	1	11.675	96.954	11.088	23.048
1337	4	1	98.944	83.535	27.781	74.804
1337	5	1	155.45	106.23	12.553	20.99
1337	6	1	14.363	98.043	11.476	22.83
1337	7	1	13.031	96.857	10.967	23.048
1338	4	1	98.944	83.381	27.925	75.143
1338	5	1	157.35	106.36	12.553	20.99
1338	6	1	15.936	98.043	11.573	22.855
1338	7	1	14.387	96.76	10.846	23.048
1339	4	1	98.944	83.227	28.069	75.483
1339	5	1	159.24	106.48	12.553	20.99
1339	6	1	17.51	98.043	11.669	22.879
1339	7	1	15.743	96.663	10.725	23.048
1340	4	1	98.944	83.072	28.214	75.823
1340	5	1	161.06	106.53	12.553	20.99
1340	6	1	19.084	98.043	11.766	22.903
1340	7	1	17.098	96.567	10.604	23.048
1341	4	1	98.944	82.918	28.358	76.162
1341	5	1	162.88	106.58	12.553	20.99
1341	6	1	20.657	98.043	11.863	22.927
1341	7	1	18.454	96.47	10.483	23.048
1342	4	1	98.944	82.764	28.502	76.502
1342	5	1	164.69	106.64	12.553	20.99
1342	6	1	22.231	98.043	11.96	22.951
1342	7	1	19.81	96.373	10.362	23.048
1343	4	1	98.944	82.609	28.646	76.841
1343	5	1	166.51	106.69	12.553	20.99
1343	6	1	23.805	98.043	12.057	22.976
1343	7	1	21.166	96.276	10.241	23.048
1344	4	1	98.944	82.455	28.79	77.181
1344	5	1	168.33	106.74	12.553	20.99
1344	6	1	25.378	98.043	12.154	23
1344	7	1	22.522	96.179	10.12	23.048
1345	4	1	98.944	82.301	28.934	77.52
1345	5	1	170.15	106.79	12.553	20.99
1345	6	1	26.952	98.043	12.25	23.024
1345	7	1	23.877	96.082	9.9989	23.048
1346	4	1	98.944	82.146	29.078	77.86
1346	5	1	171.96	106.84	12.553	20.99
1346	6	1	28.526	98.043	12.347	23.048
1346	7	1	25.233	95.986	9.8778	23.048
1347	4	1	98.944	81.992	29.222	78.199
1347	5	1	173.78	106.89	12.553	20.99
1347	6	1	30.295	98.167	12.224	23.048
1347	7	1	26.554	96.051	10.051	23.113
1348	4	1	98.944	81.838	29.366	78.539
1348	5	1	175.6	106.94	12.553	20.99
1348	6	1	32.065	98.29	12.1	23.048
1348	7	1	27.876	96.116	10.224	23.178
1349	4	1	98.944	81.683	29.51	78.878
1349	5	1	177.42	107	12.553	20.99
1349	6	1	33.835	98.414	11.977	23.048
1349	7	1	29.197	96.18	10.398	23.243
1350	4	1	98.944	81.529	29.654	79.218
1350	5	1	179.24	107.05	12.553	20.99
1350	6	1	35.605	98.537	11.853	23.048
1350	7	1	30.519	96.245	10.571	23.308
1351	4	1	98.944	81.375	29.798	79.558
1351	5	1	181.05	107.1	12.553	20.99
1351	6	1	37.375	98.661	11.73	23.048
1351	7	1	31.84	96.31	10.744	23.373
1352	4	1	98.944	81.22	29.942	79.897
1352	5	1	182.88	107.3	12.582	20.99
1352	6	1	39.144	98.784	11.606	23.048
1352	7	1	33.161	96.375	10.918	23.438
1353	4	1	98.944	81.066	30.086	80.237
1353	5	1	184.7	107.51	12.612	20.99
1353	6	1	40.914	98.908	11.483	23.048
1353	7	1	34.483	96.44	11.091	23.503
1354	4	1	98.944	80.912	30.23	80.576
1354	5	1	186.52	107.72	12.641	20.99
1354	6	1	42.684	99.031	11.359	23.048
1354	7	1	35.804	96.505	11.264	23.568
1355	4	1	98.944	80.757	30.374	80.916
1355	5	1	188.34	107.92	12.671	20.99
1355	6	1	44.454	99.155	11.236	23.048
1355	7	1	37.125	96.57	11.437	23.633
1356	4	1	98.944	80.603	30.518	81.255
1356	5	1	190.17	108.13	12.7	20.99
1356	6	1	46.223	99.278	11.113	23.048
1356	7	1	38.447	96.635	11.611	23.698
1357	4	1	98.944	80.449	30.662	81.595
1357	5	1	191.99	108.33	12.729	20.99
1357	6	1	47.829	99.278	11.318	23.089
1357	7	1	39.768	96.7	11.784	23.763
1358	4	1	98.944	80.294	30.806	81.934
1358	5	1	193.81	108.54	12.759	20.99
1358	6	1	49.434	99.278	11.524	23.131
1358	7	1	41.09	96.765	11.957	23.828
1359	4	1	98.944	80.14	30.95	82.274
1359	5	1	195.33	108.41	12.965	21.068
1359	6	1	51.039	99.278	11.73	23.172
1359	7	1	42.411	96.83	12.131	23.893
1360	4	1	98.944	79.986	31.095	82.614
1360	5	1	196.85	108.28	13.17	21.145
1360	6	1	52.644	99.278	11.936	23.213
1360	7	1	43.732	96.895	12.304	23.958
1361	4	1	98.944	79.831	31.239	82.953
1361	5	1	198.36	108.15	13.376	21.222
1361	6	1	54.249	99.278	12.141	23.254
1361	7	1	45.054	96.96	12.477	24.023
1362	4	1	98.944	79.677	31.383	83.293
1362	5	1	199.88	108.02	13.582	21.299
1362	6	1	55.854	99.278	12.347	23.295
1362	7	1	46.375	97.025	12.651	24.088
1363	4	1	98.944	79.523	31.527	83.632
1363	5	1	201.4	107.9	13.788	21.376
1363	6	1	57.459	99.278	12.553	23.336
1363	7	1	47.696	97.09	12.824	24.153
1364	4	1	98.944	79.368	31.671	83.972
1364	5	1	202.92	107.77	13.994	21.453
1364	6	1	59.065	99.278	12.759	23.377
1364	7	1	49.018	97.155	12.997	24.218
1365	4	1	98.944	79.214	31.815	84.311
1365	5	1	204.44	107.64	14.199	21.531
1365	6	1	60.67	99.278	12.965	23.419
1365	7	1	50.339	97.22	13.17	24.283
1366	4	1	98.944	79.059	31.959	84.651
1366	5	1	205.95	107.51	14.405	21.608
1366	6	1	62.275	99.278	13.17	23.46
1366	7	1	51.542	97.41	13.36	24.188
1367	4	1	98.944	78.905	32.103	84.99
1367	5	1	208.29	107.75	13.822	21.608
1367	6	1	64.086	99.443	13.047	23.46
1367	7	1	52.745	97.6	13.55	24.093
1368	4	1	98.944	78.905	32.483	85.402
1368	5	1	210.62	107.99	13.239	21.608
1368	6	1	65.897	99.607	12.923	23.46
1368	7	1	53.948	97.79	13.74	23.998
1369	4	1	98.944	78.905	32.863	85.814
1369	5	1	212.95	108.23	12.656	21.608
1369	6	1	67.708	99.772	12.8	23.46
1369	7	1	55.151	97.98	13.93	23.903
1370	4	1	98.944	78.905	33.243	86.225
1370	5	1	215.28	108.47	12.073	21.608
1370	6	1	69.519	99.937	12.677	23.46
1370	7	1	56.355	98.17	14.12	23.808
1371	4	1	98.944	78.905	33.623	86.637
1371	5	1	217.61	108.71	11.49	21.608
1371	6	1	71.33	100.1	12.553	23.46
1371	7	1	57.558	98.36	14.31	23.713
1372	4	1	98.944	78.905	34.002	87.048
1372	5	1	219.95	108.95	10.907	21.608
1372	6	1	73.141	100.27	12.43	23.46
1372	7	1	58.761	98.55	14.5	23.618
1373	4	1	98.944	78.905	34.382	87.46
1373	5	1	221.49	108.93	11.095	21.642
1373	6	1	74.951	100.43	12.306	23.46
1373	7	1	59.964	98.74	14.69	23.523
1374	4	1	98.944	78.905	34.762	87.871
1374	5	1	223.03	108.92	11.284	21.676
1374	6	1	76.762	100.6	12.183	23.46
1374	7	1	61.167	98.93	14.88	23.428
1375	4	1	98.944	78.905	35.142	88.283
1375	5	1	224.58	108.9	11.473	21.711
1375	6	1	78.573	100.76	12.059	23.46
1375	7	1	62.37	99.12	15.07	23.333
1376	4	1	98.944	78.905	35.522	88.695
1376	5	1	226.12	108.88	11.661	21.745
1376	6	1	80.384	100.92	11.936	23.46
1376	7	1	63.573	99.31	15.26	23.238
1377	4	1	98.944	78.905	35.902	89.106
1377	5	1	227.66	108.86	11.85	21.779
1377	6	1	82.031	100.2	11.936	24.077
1377	7	1	64.776	99.5	15.45	23.143
1378	4	1	98.944	78.905	36.282	89.518
1378	5	1	229.21	108.85	12.039	21.814
1378	6	1	83.677	99.484	11.936	24.695
1378	7	1	65.979	99.69	15.64	23.048
1379	4	1	98.944	78.905	36.662	89.929
1379	5	1	230.75	108.83	12.227	21.848
1379	6	1	85.323	98.764	11.936	25.312
1379	7	1	67.42	99.778	15.375	23.048
1380	4	1	98.944	78.905	37.042	90.341
1380	5	1	232.29	108.81	12.416	21.882
1380	6	1	86.969	98.043	11.936	25.929
1380	7	1	68.86	99.866	15.111	23.048
1381	4	1	98.944	78.905	37.422	90.752
1381	5	1	233.84	108.8	12.605	21.916
1381	6	1	88.603	98.159	12.116	25.929
1381	7	1	70.301	99.954	14.846	23.048
1382	4	1	98.944	78.905	37.802	91.164
1382	5	1	235.38	108.78	12.793	21.951
1382	6	1	90.236	98.275	12.296	25.929
1382	7	1	71.741	100.04	14.582	23.048
1383	4	1	98.944	78.905	38.182	91.576
1383	5	1	236.92	108.76	12.982	21.985
1383	6	1	91.87	98.391	12.476	25.929
1383	7	1	73.182	100.13	14.317	23.048
1384	4	1	98.944	78.905	38.561	91.987
1384	5	1	238.47	108.74	13.17	22.019
1384	6	1	93.503	98.506	12.656	25.929
1384	7	1	74.622	100.22	14.052	23.048
1385	4	1	98.944	78.905	38.941	92.399
1385	5	1	240.11	108.84	13.189	22.019
1385	6	1	95.137	98.622	12.836	25.929
1385	7	1	76.063	100.31	13.788	23.048
1386	4	1	98.944	78.905	39.321	92.81
1386	5	1	241.76	108.93	13.208	22.019
1386	6	1	96.77	98.738	13.016	25.929
1386	7	1	77.503	100.4	13.523	23.048
1387	4	1	98.944	78.905	39.701	93.222
1387	5	1	243.41	109.02	13.227	22.019
1387	6	1	98.404	98.854	13.196	25.929
1387	7	1	78.944	100.48	13.259	23.048
1388	4	1	98.944	78.905	40.081	93.633
1388	5	1	245.05	109.12	13.245	22.019
1388	6	1	100.04	98.969	13.376	25.929
1388	7	1	80.384	100.57	12.994	23.048
1389	4	1	98.944	78.905	40.461	94.045
1389	5	1	246.7	109.21	13.264	22.019
1389	6	1	101.67	99.085	13.556	25.929
1389	7	1	81.825	100.66	12.729	23.048
1390	4	1	98.944	78.905	40.841	94.457
1390	5	1	248.35	109.31	13.283	22.019
1390	6	1	103.3	99.201	13.736	25.929
1390	7	1	83.265	100.75	12.465	23.048
1391	4	1	98.944	78.905	41.221	94.868
1391	5	1	249.99	109.4	13.301	22.019
1391	6	1	104.94	99.317	13.916	25.929
1391	7	1	84.706	100.84	12.2	23.048
1392	4	1	98.944	78.905	41.601	95.28
1392	5	1	251.64	109.49	13.32	22.019
1392	6	1	106.57	99.432	14.096	25.929
1392	7	1	86.146	100.92	11.936	23.048
1393	4	1	98.944	78.905	41.981	95.691
1393	5	1	253.28	109.59	13.339	22.019
1393	6	1	108.2	99.548	14.277	25.929
1393	7	1	87.998	101.01	11.936	23.048
1394	4	1	99.019	78.83	42.18	96.365
1394	5	1	254.93	109.68	13.357	22.019
1394	6	1	109.84	99.664	14.457	25.929
1394	7	1	89.85	101.09	11.936	23.048
1395	4	1	99.093	78.755	42.38	97.038
1395	5	1	256.58	109.77	13.376	22.019
1395	6	1	111.47	99.78	14.637	25.929
1395	7	1	91.703	101.17	11.936	23.048
1396	4	1	99.168	78.681	42.579	97.712
1396	5	1	259.01	109.91	12.587	22.019
1396	6	1	113.1	99.895	14.817	25.929
1396	7	1	93.555	101.25	11.936	23.048
1397	4	1	99.243	78.606	42.779	98.385
1397	5	1	261.45	110.05	11.798	22.019
1397	6	1	114.74	100.01	14.997	25.929
1397	7	1	95.407	101.34	11.936	23.048
1398	4	1	99.318	78.531	42.978	99.059
1398	5	1	263.88	110.18	11.01	22.019
1398	6	1	116.37	100.13	15.177	25.929
1398	7	1	97.259	101.42	11.936	23.048
1399	4	1	99.393	78.456	43.178	99.732
1399	5	1	266.32	110.32	10.221	22.019
1399	6	1	118	100.24	15.357	25.929
1399	7	1	99.111	101.5	11.936	23.048
1400	4	1	99.468	78.381	43.378	100.41
1400	5	1	268.75	110.46	9.4319	22.019
1400	6	1	119.64	100.36	15.537	25.929
1400	7	1	100.96	101.58	11.936	23.048
1401	4	1	99.542	78.306	43.577	101.08
1401	5	1	271.19	110.6	8.6431	22.019
1401	6	1	121.27	100.47	15.717	25.929
1401	7	1	102.82	101.67	11.936	23.048
1402	4	1	99.617	78.232	43.777	101.75
1402	5	1	272.67	110.7	8.7254	22.019
1402	6	1	122.91	100.59	15.897	25.929
1402	7	1	104.67	101.75	11.936	23.048
1403	4	1	99.692	78.157	43.976	102.43
1403	5	1	274.15	110.8	8.8077	22.019
1403	6	1	124.54	100.71	16.077	25.929
1403	7	1	106	101.81	11.936	23.048
1404	4	1	99.767	78.082	44.176	103.1
1404	5	1	275.63	110.91	8.89	22.019
1404	6	1	126.17	100.82	16.257	25.929
1404	7	1	107.34	101.87	11.936	23.048
1405	4	1	99.842	78.007	44.375	103.77
1405	5	1	277.11	111.01	8.9723	22.019
1405	6	1	127.81	100.94	16.437	25.929
1405	7	1	108.67	101.93	11.936	23.048
1406	4	1	99.917	77.932	44.575	104.45
1406	5	1	278.6	111.11	9.0547	22.019
1406	6	1	129.44	101.05	16.617	25.929
1406	7	1	110.01	102	11.936	23.048
1407	4	1	99.991	77.857	44.774	105.12
1407	5	1	280.08	111.21	9.137	22.019
1407	6	1	131.07	101.17	16.797	25.929
1407	7	1	111.34	102.06	11.936	23.048
1408	4	1	100.07	77.783	44.974	105.79
1408	5	1	281.56	111.32	9.2193	22.019
1408	6	1	132.71	101.28	16.977	25.929
1408	7	1	112.67	102.12	11.936	23.048
1409	4	1	100.14	77.708	45.174	106.47
1409	5	1	283.04	111.42	9.3016	22.019
1409	6	1	134.34	101.4	17.158	25.929
1409	7	1	114.01	102.18	11.936	23.048
1410	4	1	100.22	77.633	45.373	107.14
1410	5	1	284.52	111.52	9.3839	22.019
1410	6	1	135.97	101.52	17.338	25.929
1410	7	1	115.34	102.25	11.936	23.048
1411	4	1	100.29	77.558	45.573	107.81
1411	5	1	286	111.63	9.4662	22.019
1411	6	1	137.61	101.63	17.518	25.929
1411	7	1	116.68	102.31	11.936	23.048
1412	4	1	100.37	77.483	45.772	108.49
1412	5	1	286.73	111.78	10.598	21.865
1412	6	1	139.24	101.75	17.698	25.929
1412	7	1	118.01	102.37	11.936	23.048
1413	4	1	100.44	77.409	45.972	109.16
1413	5	1	287.45	111.93	11.73	21.711
1413	6	1	140.93	101.75	17.698	25.929
1413	7	1	119.35	102.43	11.936	23.048
1414	4	1	100.52	77.334	46.171	109.83
1414	5	1	288.17	112.09	12.862	21.556
1414	6	1	142.61	101.75	17.698	25.929
1414	7	1	120.68	102.5	11.936	23.048
1415	4	1	100.59	77.259	46.371	110.51
1415	5	1	288.89	112.24	13.994	21.402
1415	6	1	144.3	101.75	17.698	25.929
1415	7	1	122.02	102.56	11.936	23.048
1416	4	1	100.66	77.184	46.57	111.18
1416	5	1	290.94	112.29	13.325	21.402
1416	6	1	145.99	101.75	17.698	25.929
1416	7	1	123.35	102.62	11.936	23.048
1417	4	1	100.74	77.109	46.77	111.86
1417	5	1	293	112.35	12.656	21.402
1417	6	1	147.68	101.75	17.698	25.929
1417	7	1	124.68	102.68	11.936	23.048
1418	4	1	100.81	77.034	46.97	112.53
1418	5	1	295.06	112.4	11.987	21.402
1418	6	1	149.36	101.75	17.698	25.929
1418	7	1	126.02	102.75	11.936	23.048
1419	4	1	100.89	76.96	47.169	113.2
1419	5	1	297.12	112.45	11.318	21.402
1419	6	1	151.05	101.75	17.698	25.929
1419	7	1	127.35	102.81	11.936	23.048
1420	4	1	100.96	76.885	47.369	113.88
1420	5	1	299.18	112.5	10.65	21.402
1420	6	1	152.74	101.75	17.698	25.929
1420	7	1	128.69	102.87	11.936	23.048
1421	4	1	101.04	76.81	47.568	114.55
1421	5	1	301.23	112.55	9.9807	21.402
1421	6	1	154.43	101.75	17.698	25.929
1421	7	1	130.02	102.93	11.936	23.048
1422	4	1	101.11	76.735	47.768	115.22
1422	5	1	303.29	112.6	9.3119	21.402
1422	6	1	156.11	101.75	17.698	25.929
1422	7	1	131.36	102.99	11.936	23.048
1423	4	1	101.19	76.66	47.967	115.9
1423	5	1	305.35	112.65	8.6431	21.402
1423	6	1	157.93	101.91	17.615	25.929
1423	7	1	132.69	103.06	11.936	23.048
1424	4	1	101.26	76.585	48.167	116.57
1424	5	1	306.4	112.76	9.0547	21.402
1424	6	1	159.74	102.08	17.533	25.929
1424	7	1	134.03	103.12	11.936	23.048
1425	4	1	101.34	76.511	48.366	117.24
1425	5	1	307.46	112.86	9.4662	21.402
1425	6	1	161.55	102.24	17.451	25.929
1425	7	1	135.36	103.18	11.936	23.048
1426	4	1	101.41	76.436	48.566	117.92
1426	5	1	308.51	112.96	9.8778	21.402
1426	6	1	163.36	102.41	17.368	25.929
1426	7	1	136.7	103.24	11.936	23.048
1427	4	1	101.33	76.209	48.765	118.8
1427	5	1	309.57	113.07	10.289	21.402
1427	6	1	165.17	102.57	17.286	25.929
1427	7	1	138.03	103.31	11.936	23.048
1428	4	1	101.24	75.982	48.963	119.68
1428	5	1	310.62	113.17	10.701	21.402
1428	6	1	166.98	102.74	17.204	25.929
1428	7	1	139.36	103.37	11.936	23.048
1429	4	1	101.16	75.754	49.162	120.56
1429	5	1	311.68	113.27	11.113	21.402
1429	6	1	168.79	102.9	17.122	25.929
1429	7	1	140.7	103.43	11.936	23.048
1430	4	1	101.07	75.527	49.361	121.44
1430	5	1	312.73	113.37	11.524	21.402
1430	6	1	170.6	103.06	17.039	25.929
1430	7	1	142.03	103.49	11.936	23.048
1431	4	1	100.99	75.3	49.559	122.32
1431	5	1	313.79	113.48	11.936	21.402
1431	6	1	172.41	103.23	16.957	25.929
1431	7	1	143.37	103.56	11.936	23.048
1432	4	1	100.9	75.073	49.758	123.2
1432	5	1	315.09	113.48	12.141	21.402
1432	6	1	174.22	103.39	16.875	25.929
1432	7	1	144.7	103.62	11.936	23.048
1433	4	1	100.82	74.846	49.957	124.08
1433	5	1	316.39	113.48	12.347	21.402
1433	6	1	175.94	103.46	16.737	25.929
1433	7	1	146.04	103.68	11.936	23.048
1434	4	1	100.73	74.619	50.155	124.96
1434	5	1	317.7	113.48	12.553	21.402
1434	6	1	177.65	103.53	16.6	25.929
1434	7	1	147.37	103.74	11.936	23.048
1435	4	1	100.65	74.392	50.354	125.84
1435	5	1	319	113.48	12.759	21.402
1435	6	1	179.37	103.6	16.463	25.929
1435	7	1	148.71	103.81	11.936	23.048
1436	4	1	100.56	74.165	50.553	126.72
1436	5	1	320.3	113.48	12.965	21.402
1436	6	1	181.08	103.67	16.326	25.929
1436	7	1	150.08	103.71	11.753	23.048
1437	4	1	100.48	73.938	50.752	127.6
1437	5	1	321.61	113.48	13.17	21.402
1437	6	1	182.8	103.74	16.189	25.929
1437	7	1	151.45	103.62	11.57	23.048
1438	4	1	100.39	73.711	50.95	128.48
1438	5	1	322.29	113.48	12.896	21.402
1438	6	1	184.51	103.81	16.051	25.929
1438	7	1	152.82	103.53	11.387	23.048
1439	4	1	100.31	73.484	51.149	129.36
1439	5	1	322.98	113.48	12.622	21.402
1439	6	1	186.23	103.87	15.914	25.929
1439	7	1	154.19	103.44	11.204	23.048
1440	4	1	100.22	73.257	51.348	130.24
1440	5	1	323.66	113.48	12.347	21.402
1440	6	1	187.94	103.94	15.777	25.929
1440	7	1	155.57	103.35	11.021	23.048
1441	4	1	100.14	73.03	51.546	131.12
1441	6	1	189.66	104.01	15.64	25.929
1441	7	1	156.94	103.26	10.838	23.048
1442	4	1	100.05	72.802	51.745	132
1442	6	1	191.37	104.08	15.503	25.929
1442	7	1	158.31	103.17	10.655	23.048
1443	4	1	99.966	72.575	51.944	132.88
1443	6	1	193.09	104.15	15.365	25.929
1443	7	1	159.68	103.07	10.472	23.048
1444	4	1	99.88	72.348	52.142	133.75
1444	6	1	194.8	104.22	15.228	25.929
1444	7	1	161.05	102.98	10.289	23.048
1445	4	1	99.795	72.121	52.341	134.63
1445	6	1	196.4	104.35	15.457	25.929
1445	7	1	162.61	103.03	10.289	23.048
1446	4	1	99.71	71.894	52.54	135.51
1446	6	1	198	104.49	15.686	25.929
1446	7	1	164.16	103.07	10.289	23.048
1447	4	1	99.625	71.667	52.738	136.39
1447	6	1	199.6	104.63	15.914	25.929
1447	7	1	165.72	103.12	10.289	23.048
1448	4	1	99.54	71.44	52.937	137.27
1448	6	1	201.2	104.77	16.143	25.929
1448	7	1	167.27	103.17	10.289	23.048
1449	4	1	99.455	71.213	53.136	138.15
1449	6	1	202.81	104.9	16.372	25.929
1449	7	1	168.83	103.21	10.289	23.048
1450	4	1	99.369	70.986	53.335	139.03
1450	6	1	204.41	105.04	16.6	25.929
1450	7	1	170.38	103.26	10.289	23.048
1451	4	1	99.284	70.759	53.533	139.91
1451	6	1	206.01	105.18	16.829	25.929
1451	7	1	171.94	103.3	10.289	23.048
1452	4	1	99.199	70.532	53.732	140.79
1452	6	1	207.61	105.31	17.058	25.929
1452	7	1	173.49	103.35	10.289	23.048
1453	4	1	99.114	70.305	53.931	141.67
1453	6	1	209.21	105.45	17.286	25.929
1453	7	1	175.05	103.39	10.289	23.048
1454	4	1	99.029	70.078	54.129	142.55
1454	6	1	210.85	105.51	16.757	25.929
1454	7	1	176.28	103.49	10.289	23.048
1455	4	1	98.944	69.85	54.328	143.43
1455	6	1	212.5	105.57	16.228	25.929
1455	7	1	177.52	103.58	10.289	23.048
1456	4	1	98.656	69.686	54.945	144.63
1456	6	1	214.15	105.63	15.699	25.929
1456	7	1	178.75	103.68	10.289	23.048
1457	4	1	98.368	69.521	55.563	145.82
1457	6	1	215.79	105.69	15.169	25.929
1457	7	1	179.99	103.77	10.289	23.048
1458	4	1	98.079	69.357	56.18	147.01
1458	6	1	217.44	105.75	14.64	25.929
1458	7	1	181.22	103.87	10.289	23.048
1459	4	1	97.791	69.192	56.797	148.21
1459	6	1	219.09	105.8	14.111	25.929
1459	7	1	182.45	103.96	10.289	23.048
1460	4	1	97.503	69.027	57.415	149.4
1460	6	1	220.73	105.86	13.582	25.929
1460	7	1	183.69	104.06	10.289	23.048
1461	4	1	97.215	68.863	58.032	150.6
1461	6	1	222.65	105.82	13.582	25.929
1461	7	1	184.92	104.15	10.289	23.048
1462	4	1	96.927	68.698	58.65	151.79
1462	6	1	224.57	105.77	13.582	25.929
1462	7	1	186.16	104.25	10.289	23.048
1463	4	1	96.639	68.533	59.267	152.98
1463	6	1	226.49	105.73	13.582	25.929
1463	7	1	187.39	104.34	10.289	23.048
1464	4	1	96.351	68.369	59.884	154.18
1464	6	1	228.41	105.68	13.582	25.929
1464	7	1	188.63	104.44	10.289	23.048
1465	4	1	96.063	68.204	60.502	155.37
1465	6	1	230.33	105.63	13.582	25.929
1465	7	1	189.86	104.53	10.289	23.048
1466	4	1	95.775	68.04	61.119	156.56
1466	6	1	232.26	105.59	13.582	25.929
1466	7	1	191.1	104.63	10.289	23.048
1467	4	1	95.486	67.875	61.736	157.76
1467	6	1	234.18	105.54	13.582	25.929
1467	7	1	192.67	104.63	10.289	23.048
1468	4	1	95.198	67.71	62.354	158.95
1468	6	1	236.1	105.5	13.582	25.929
1468	7	1	194.24	104.63	10.289	23.048
1469	4	1	94.91	67.546	62.971	160.14
1469	6	1	238.02	105.45	13.582	25.929
1469	7	1	195.81	104.63	10.289	23.048
1470	4	1	94.622	67.381	63.588	161.34
1470	6	1	239.41	105.61	13.428	25.929
1470	7	1	197.37	104.63	10.289	23.048
1471	4	1	94.334	67.216	64.206	162.53
1471	6	1	240.8	105.76	13.273	25.929
1471	7	1	198.94	104.63	10.289	23.048
1472	4	1	94.046	67.052	64.823	163.72
1472	6	1	242.18	105.91	13.119	25.929
1472	7	1	200.51	104.63	10.289	23.048
1473	4	1	93.758	66.887	65.441	164.92
1473	6	1	243.57	106.07	12.965	25.929
1473	7	1	202.08	104.63	10.289	23.048
1474	4	1	93.47	66.723	66.058	166.11
1474	6	1	244.96	106.22	12.81	25.929
1474	7	1	203.65	104.63	10.289	23.048
1475	4	1	93.182	66.558	66.675	167.31
1475	6	1	246.35	106.38	12.656	25.929
1475	7	1	204.8	104.72	10.451	23.048
1476	4	1	92.865	66.178	67.245	168.89
1476	6	1	247.74	106.53	12.502	25.929
1476	7	1	205.94	104.81	10.613	23.048
1477	4	1	92.548	65.798	67.815	170.47
1477	6	1	249.13	106.69	12.347	25.929
1477	7	1	207.09	104.89	10.774	23.048
1478	4	1	92.232	65.418	68.385	172.05
1478	6	1	250.96	106.72	12.347	25.929
1478	7	1	208.24	104.98	10.936	23.048
1479	4	1	91.915	65.038	68.955	173.64
1479	6	1	252.8	106.76	12.347	25.929
1479	7	1	209.38	105.07	11.098	23.048
1480	4	1	91.599	64.658	69.525	175.22
1480	6	1	254.63	106.8	12.347	25.929
1480	7	1	210.53	105.16	11.26	23.048
1481	4	1	91.282	64.278	70.094	176.8
1481	6	1	256.46	106.84	12.347	25.929
1481	7	1	211.68	105.25	11.421	23.048
1482	4	1	90.965	63.898	70.664	178.39
1482	6	1	258.3	106.87	12.347	25.929
1482	7	1	212.82	105.33	11.583	23.048
1483	4	1	90.649	63.519	71.234	179.97
1483	6	1	260.13	106.91	12.347	25.929
1483	7	1	213.97	105.42	11.745	23.048
1484	4	1	90.332	63.139	71.804	181.55
1484	6	1	261.96	106.95	12.347	25.929
1484	7	1	215.12	105.51	11.906	23.048
1485	4	1	90.016	62.759	72.374	183.14
1485	6	1	263.8	106.99	12.347	25.929
1485	7	1	216.26	105.6	12.068	23.048
1486	4	1	89.699	62.379	72.944	184.72
1486	6	1	265.63	107.02	12.347	25.929
1486	7	1	217.41	105.69	12.23	23.048
1487	4	1	89.383	61.999	73.514	186.3
1487	6	1	267.46	107.06	12.347	25.929
1487	7	1	218.56	105.78	12.391	23.048
1488	4	1	89.066	61.619	74.084	187.88
1488	6	1	269.3	107.1	12.347	25.929
1488	7	1	219.7	105.86	12.553	23.048
