1	1	1	136.45	94.341	37.613	66.399
1	2	1	118.97	90.548	24.756	66.191
1	3	1	79.618	90.077	30.604	65.881
1	4	1	78.479	94.256	23.593	65.228
2	1	1	136.59	94.411	37.194	66.399
2	2	1	119.32	90.509	24.815	66.288
2	3	1	80.19	90.031	30.513	66.036
2	4	1	78.948	94.178	23.593	65.228
3	1	1	136.73	94.481	36.776	66.399
3	2	1	119.67	90.47	24.873	66.385
3	3	1	80.762	89.985	30.421	66.192
3	4	1	79.418	94.1	23.593	65.228
4	1	1	136.87	94.55	36.357	66.399
4	2	1	120.02	90.431	24.931	66.482
4	3	1	81.334	89.94	30.33	66.347
4	4	1	79.887	94.021	23.593	65.228
5	1	1	137.01	94.62	35.938	66.399
5	2	1	120.37	90.392	24.99	66.58
5	3	1	81.906	89.894	30.238	66.503
5	4	1	80.356	93.943	23.593	65.228
6	1	1	137.15	94.69	35.52	66.399
6	2	1	120.72	90.354	25.048	66.677
6	3	1	82.478	89.848	30.147	66.659
6	4	1	80.825	93.865	23.593	65.228
7	1	1	137.29	94.76	35.101	66.399
7	2	1	121.07	90.315	25.107	66.774
7	3	1	83.05	89.802	30.055	66.814
7	4	1	81.294	93.787	23.593	65.228
8	1	1	137.43	94.83	34.682	66.399
8	2	1	121.42	90.276	25.165	66.872
8	3	1	83.622	89.757	29.964	66.97
8	4	1	81.763	93.709	23.593	65.228
9	1	1	137.57	94.899	34.264	66.399
9	2	1	121.77	90.237	25.223	66.969
9	3	1	84.194	89.711	29.872	67.126
9	4	1	82.232	93.63	23.593	65.228
10	1	1	137.71	94.969	33.845	66.399
10	2	1	122.12	90.198	25.282	67.066
10	3	1	84.766	89.665	29.781	67.281
10	4	1	82.764	93.693	23.53	65.416
11	1	1	137.85	95.039	33.426	66.399
11	2	1	122.47	90.159	25.34	67.164
11	3	1	85.095	89.789	29.987	67.281
11	4	1	83.296	93.755	23.468	65.604
12	1	1	137.99	95.109	33.007	66.399
12	2	1	122.82	90.12	25.399	67.261
12	3	1	85.425	89.912	30.193	67.281
12	4	1	83.828	93.818	23.405	65.791
13	1	1	138.01	95.083	33.366	66.706
13	2	1	123.17	90.081	25.457	67.358
13	3	1	85.754	90.036	30.398	67.281
13	4	1	84.359	93.881	23.343	65.979
14	1	1	138.04	95.058	33.724	67.013
14	2	1	123.5	90.039	25.448	67.556
14	3	1	86.084	90.159	30.604	67.281
14	4	1	84.891	93.943	23.28	66.167
15	1	1	138.06	95.032	34.082	67.32
15	2	1	123.84	89.998	25.439	67.754
15	3	1	86.413	90.283	30.81	67.281
15	4	1	85.423	94.006	23.218	66.354
16	1	1	138.09	95.006	34.44	67.627
16	2	1	124.17	89.956	25.43	67.951
16	3	1	86.841	90.267	31.016	67.408
16	4	1	85.954	94.068	23.155	66.542
17	1	1	138.12	94.981	34.799	67.934
17	2	1	124.5	89.914	25.421	68.149
17	3	1	87.269	90.251	31.222	67.535
17	4	1	86.486	94.131	23.093	66.73
18	1	1	138.14	94.955	35.157	68.241
18	2	1	124.84	89.873	25.412	68.346
18	3	1	87.696	90.235	31.428	67.661
18	4	1	87.018	94.193	23.03	66.917
19	1	1	138.17	94.93	35.515	68.548
19	2	1	125.17	89.831	25.403	68.544
19	3	1	88.124	90.219	31.634	67.788
19	4	1	87.549	94.256	22.967	67.105
20	1	1	138.19	94.904	35.873	68.855
20	2	1	125.5	89.79	25.394	68.742
20	3	1	88.552	90.204	31.84	67.915
20	4	1	87.956	94.162	22.967	67.167
21	1	1	138.22	94.878	36.231	69.162
21	2	1	125.84	89.748	25.385	68.939
21	3	1	88.98	90.188	32.046	68.042
21	4	1	88.363	94.068	22.967	67.23
22	1	1	138.24	94.853	36.59	69.469
22	2	1	126.17	89.706	25.376	69.137
22	3	1	89.407	90.172	32.252	68.168
22	4	1	88.769	93.974	22.967	67.292
23	1	1	138.27	94.827	36.948	69.776
23	2	1	126.5	89.665	25.367	69.335
23	3	1	89.835	90.156	32.458	68.295
23	4	1	89.176	93.881	22.967	67.355
24	1	1	138.29	94.802	37.306	70.083
24	2	1	126.84	89.623	25.358	69.532
24	3	1	90.263	90.14	32.664	68.422
24	4	1	89.582	93.787	22.967	67.418
25	1	1	138.32	94.776	37.664	70.39
25	2	1	127.06	89.544	25.349	69.73
25	3	1	90.69	90.124	32.87	68.549
25	4	1	89.989	93.693	22.967	67.48
26	1	1	138.35	94.75	38.023	70.697
26	2	1	127.28	89.466	25.34	69.927
26	3	1	91.118	90.109	33.076	68.675
26	4	1	90.396	93.599	22.967	67.543
27	1	1	138.37	94.725	38.381	71.004
27	2	1	127.5	89.388	25.331	70.125
27	3	1	91.546	90.093	33.282	68.802
27	4	1	90.802	93.505	22.967	67.605
28	1	1	138.61	94.701	38.453	71.148
28	2	1	127.73	89.309	25.322	70.323
28	3	1	91.973	90.077	33.487	68.929
28	4	1	91.209	93.411	22.967	67.668
29	1	1	138.85	94.677	38.525	71.292
29	2	1	127.95	89.231	25.313	70.52
29	3	1	92.447	90.18	33.508	68.97
29	4	1	91.615	93.318	22.967	67.73
30	1	1	139.09	94.653	38.597	71.436
30	2	1	128.17	89.152	25.304	70.718
30	3	1	92.921	90.283	33.529	69.011
30	4	1	91.952	93.318	22.967	67.827
31	1	1	139.33	94.629	38.669	71.58
31	2	1	128.4	89.074	25.295	70.916
31	3	1	93.394	90.386	33.549	69.052
31	4	1	92.289	93.318	22.967	67.923
32	1	1	139.57	94.605	38.741	71.724
32	2	1	128.62	88.995	25.286	71.113
32	3	1	93.868	90.489	33.57	69.094
32	4	1	92.626	93.318	22.967	68.019
33	1	1	139.81	94.581	38.813	71.868
33	2	1	128.84	88.917	25.277	71.311
33	3	1	94.342	90.592	33.59	69.135
33	4	1	92.963	93.318	22.967	68.115
34	1	1	140.05	94.557	38.885	72.012
34	2	1	129.06	88.838	25.268	71.508
34	3	1	94.815	90.695	33.611	69.176
34	4	1	93.299	93.318	22.967	68.212
35	1	1	140.29	94.533	38.957	72.156
35	2	1	129.29	88.76	25.259	71.706
35	3	1	95.289	90.798	33.632	69.217
35	4	1	93.636	93.318	22.967	68.308
36	1	1	140.53	94.509	39.028	72.3
36	2	1	129.51	88.681	25.25	71.904
36	3	1	95.763	90.901	33.652	69.258
36	4	1	93.973	93.318	22.967	68.404
37	1	1	140.77	94.485	39.1	72.444
37	2	1	129.73	88.603	25.241	72.101
37	3	1	96.236	91.004	33.673	69.299
37	4	1	94.31	93.318	22.967	68.5
38	1	1	141.01	94.461	39.172	72.588
38	2	1	129.95	88.525	25.232	72.299
38	3	1	96.71	91.107	33.693	69.341
38	4	1	94.647	93.318	22.967	68.596
39	1	1	141.25	94.437	39.244	72.732
39	2	1	130.18	88.446	25.223	72.497
39	3	1	97.122	91.027	34.026	69.42
39	4	1	94.984	93.318	22.967	68.693
40	1	1	141.49	94.413	39.316	72.876
40	2	1	130.8	88.475	25.34	72.691
40	3	1	97.534	90.948	34.359	69.499
40	4	1	95.32	93.318	22.967	68.789
41	1	1	141.73	94.389	39.388	73.019
41	2	1	131.42	88.505	25.457	72.886
41	3	1	97.946	90.869	34.691	69.578
41	4	1	95.657	93.318	22.967	68.885
42	1	1	141.97	94.365	39.46	73.163
42	2	1	132.05	88.534	25.574	73.08
42	3	1	98.357	90.79	35.024	69.657
42	4	1	95.994	93.318	22.967	68.981
43	1	1	142.21	94.341	39.532	73.307
43	2	1	132.67	88.563	25.69	73.275
43	3	1	98.769	90.71	35.357	69.737
43	4	1	96.563	93.346	22.911	68.896
44	1	1	142.52	94.149	39.532	73.576
44	2	1	133.29	88.592	25.807	73.47
44	3	1	99.181	90.631	35.689	69.816
44	4	1	97.131	93.374	22.854	68.811
45	1	1	142.82	93.957	39.532	73.845
45	2	1	133.91	88.621	25.924	73.664
45	3	1	99.593	90.552	36.022	69.895
45	4	1	97.7	93.403	22.797	68.726
46	1	1	143.13	93.765	39.532	74.113
46	2	1	134.54	88.65	26.041	73.859
46	3	1	100	90.473	36.355	69.974
46	4	1	98.269	93.431	22.74	68.64
47	1	1	143.44	93.573	39.532	74.382
47	2	1	135.16	88.68	26.158	74.054
47	3	1	100.42	90.394	36.687	70.053
47	4	1	98.837	93.46	22.683	68.555
48	1	1	143.74	93.382	39.532	74.651
48	2	1	135.43	88.621	26.274	74.248
48	3	1	100.83	90.314	37.02	70.133
48	4	1	99.406	93.488	22.626	68.47
49	1	1	144.05	93.19	39.532	74.919
49	2	1	135.7	88.563	26.391	74.443
49	3	1	101.24	90.235	37.353	70.212
49	4	1	99.975	93.517	22.569	68.384
50	1	1	144.36	92.998	39.532	75.188
50	2	1	135.98	88.505	26.508	74.638
50	3	1	101.65	90.156	37.685	70.291
50	4	1	100.54	93.545	22.513	68.299
51	1	1	144.67	92.806	39.532	75.457
51	2	1	136.25	88.446	26.625	74.832
51	3	1	102.06	90.077	38.018	70.37
51	4	1	101.11	93.574	22.456	68.214
52	1	1	144.97	92.614	39.532	75.725
52	2	1	136.73	88.409	26.625	74.943
52	3	1	102.48	90.139	37.915	70.535
52	4	1	101.68	93.602	22.399	68.128
53	1	1	145.28	92.422	39.532	75.994
53	2	1	137.21	88.372	26.625	75.053
53	3	1	102.89	90.2	37.812	70.7
53	4	1	102.25	93.63	22.342	68.043
54	1	1	145.91	92.422	39.253	76.168
54	2	1	137.69	88.336	26.625	75.164
54	3	1	103.3	90.262	37.709	70.865
54	4	1	102.56	93.517	22.342	68.271
55	1	1	146.54	92.422	38.974	76.343
55	2	1	138.17	88.299	26.625	75.275
55	3	1	103.71	90.324	37.606	71.029
55	4	1	102.87	93.403	22.342	68.498
56	1	1	147.16	92.422	38.695	76.517
56	2	1	138.65	88.262	26.625	75.385
56	3	1	104.12	90.386	37.503	71.194
56	4	1	103.19	93.289	22.342	68.726
57	1	1	147.79	92.422	38.416	76.692
57	2	1	139.13	88.225	26.625	75.496
57	3	1	104.54	90.448	37.4	71.359
57	4	1	103.5	93.175	22.342	68.953
58	1	1	148.42	92.422	38.137	76.866
58	2	1	139.61	88.188	26.625	75.607
58	3	1	104.95	90.509	37.297	71.524
58	4	1	103.81	93.062	22.342	69.18
59	1	1	149.05	92.422	37.857	77.041
59	2	1	140.09	88.151	26.625	75.717
59	3	1	105.36	90.571	37.194	71.688
59	4	1	104.13	92.948	22.342	69.408
60	1	1	149.68	92.422	37.578	77.215
60	2	1	140.56	88.114	26.625	75.828
60	3	1	105.77	90.633	37.091	71.853
60	4	1	104.44	92.834	22.342	69.635
61	1	1	150.3	92.422	37.299	77.39
61	2	1	141.04	88.077	26.625	75.938
61	3	1	106.18	90.695	36.988	72.018
61	4	1	104.75	92.721	22.342	69.863
62	1	1	150.93	92.422	37.02	77.564
62	2	1	141.52	88.04	26.625	76.049
62	3	1	106.45	90.695	36.913	72.018
62	4	1	105.06	92.607	22.342	70.09
63	1	1	151.56	92.422	36.741	77.739
63	2	1	142	88.004	26.625	76.16
63	3	1	106.71	90.695	36.837	72.018
63	4	1	105.38	92.493	22.342	70.318
64	1	1	152.19	92.422	36.462	77.913
64	2	1	142.48	87.967	26.625	76.27
64	3	1	106.97	90.695	36.762	72.018
64	4	1	105.69	92.379	22.342	70.545
65	1	1	152.51	92.486	37.277	78.233
65	2	1	142.96	87.93	26.625	76.381
65	3	1	107.24	90.695	36.687	72.018
65	4	1	105.97	92.464	22.54	70.715
66	1	1	152.83	92.55	38.091	78.553
66	2	1	143.44	87.893	26.625	76.492
66	3	1	107.5	90.695	36.611	72.018
66	4	1	106.26	92.549	22.738	70.885
67	1	1	153.15	92.614	38.906	78.873
67	2	1	143.92	87.856	26.625	76.602
67	3	1	107.77	90.695	36.536	72.018
67	4	1	106.54	92.634	22.936	71.055
68	1	1	153.47	92.678	39.721	79.192
68	2	1	144.4	87.819	26.625	76.713
68	3	1	108.03	90.695	36.46	72.018
68	4	1	106.82	92.719	23.134	71.224
69	1	1	153.79	92.742	40.536	79.512
69	2	1	144.88	87.782	26.625	76.824
69	3	1	108.29	90.695	36.385	72.018
69	4	1	107.1	92.804	23.332	71.394
70	1	1	154.11	92.806	41.35	79.832
70	2	1	145.36	87.745	26.625	76.934
70	3	1	108.56	90.695	36.309	72.018
70	4	1	107.39	92.889	23.531	71.564
71	1	1	154.43	92.87	42.165	80.152
71	2	1	145.95	87.691	26.762	76.989
71	3	1	108.82	90.695	36.234	72.018
71	4	1	107.67	92.974	23.729	71.734
72	1	1	154.75	92.934	41.869	80.472
72	2	1	146.54	87.636	26.899	77.044
72	3	1	109.09	90.695	36.159	72.018
72	4	1	107.95	93.059	23.927	71.904
73	1	1	155.07	92.998	41.572	80.792
73	2	1	147.13	87.581	27.037	77.099
73	3	1	109.35	90.695	36.083	72.018
73	4	1	108.24	93.143	24.125	72.073
74	1	1	155.39	93.062	41.276	81.111
74	2	1	147.72	87.526	27.174	77.154
74	3	1	109.26	90.604	36.287	72.267
74	4	1	108.52	93.228	24.323	72.243
75	1	1	155.71	93.126	40.98	81.431
75	2	1	148.31	87.471	27.312	77.209
75	3	1	109.17	90.514	36.49	72.516
75	4	1	108.8	93.313	24.521	72.413
76	1	1	156.03	93.19	40.684	81.751
76	2	1	148.9	87.416	27.449	77.264
76	3	1	109.08	90.423	36.694	72.765
76	4	1	109.09	93.398	24.719	72.583
77	1	1	155.89	93.036	40.316	81.654
77	2	1	149.49	87.361	27.586	77.319
77	3	1	108.99	90.333	36.898	73.013
77	4	1	109.37	93.483	24.917	72.753
78	1	1	155.75	92.882	39.949	81.556
78	2	1	150.08	87.306	27.724	77.374
78	3	1	108.9	90.242	37.101	73.262
78	4	1	109.28	93.483	24.917	72.809
79	1	1	155.62	92.728	39.581	81.459
79	2	1	150.68	87.251	27.861	77.429
79	3	1	108.81	90.152	37.305	73.511
79	4	1	109.2	93.483	24.917	72.866
80	1	1	155.98	92.574	39.46	81.361
80	2	1	151.27	87.196	27.999	77.484
80	3	1	108.72	90.061	37.509	73.76
80	4	1	109.11	93.483	24.917	72.922
81	1	1	156.33	92.42	39.34	81.264
81	2	1	151.86	87.141	28.136	77.539
81	3	1	108.63	89.97	37.712	74.009
81	4	1	109.03	93.483	24.917	72.979
82	1	1	156.69	92.266	39.219	81.167
82	2	1	152.45	87.086	28.273	77.594
82	3	1	108.54	89.88	37.916	74.258
82	4	1	108.94	93.483	24.917	73.036
83	1	1	157.05	92.112	39.098	81.069
83	2	1	153.04	87.031	28.411	77.649
83	3	1	108.45	89.789	38.12	74.507
83	4	1	108.86	93.483	24.917	73.092
84	1	1	157.41	91.958	38.978	80.972
84	2	1	153.63	86.976	28.548	77.704
84	3	1	108.36	89.699	38.323	74.756
84	4	1	108.77	93.483	24.917	73.149
85	1	1	157.58	91.804	39.459	81.742
85	2	1	154.22	86.921	28.686	77.759
85	3	1	108.26	89.608	38.527	75.005
85	4	1	108.69	93.483	24.917	73.205
86	1	1	157.75	91.65	39.94	82.513
86	2	1	154.81	86.866	28.823	77.813
86	3	1	108.17	89.518	38.731	75.254
86	4	1	108.6	93.483	24.917	73.262
87	1	1	157.92	91.497	40.421	83.283
87	2	1	155.4	86.811	28.96	77.868
87	3	1	108.08	89.427	38.934	75.503
87	4	1	108.52	93.483	24.917	73.319
88	1	1	158.1	91.343	40.902	84.054
88	2	1	156.24	86.344	28.96	78.686
88	3	1	107.99	89.337	39.138	75.752
88	4	1	108.43	93.483	24.917	73.375
89	1	1	158.37	91.382	41.403	84.246
89	2	1	157.08	85.877	28.96	79.503
89	3	1	107.9	89.246	39.342	76.001
89	4	1	108.35	93.483	24.917	73.432
90	1	1	158.63	91.421	41.903	84.438
90	2	1	157.91	85.41	28.96	80.321
90	3	1	107.81	89.156	39.546	76.25
90	4	1	108.26	93.483	24.917	73.488
91	1	1	158.9	91.46	42.403	84.63
91	2	1	158.75	85.566	28.96	80.515
91	3	1	107.72	89.065	39.749	76.499
91	4	1	107.95	93.247	24.996	73.856
92	1	1	159.17	91.499	42.904	84.822
92	2	1	159.59	85.721	28.96	80.71
92	3	1	107.63	88.975	39.953	76.747
92	4	1	107.63	93.01	25.075	74.224
93	1	1	159.44	91.538	43.404	85.013
93	2	1	160.42	85.877	28.96	80.905
93	3	1	107.54	88.884	40.157	76.996
93	4	1	107.32	92.773	25.154	74.592
94	1	1	159.71	91.576	43.905	85.205
94	2	1	161.26	86.033	28.96	81.099
94	3	1	107.16	88.62	40.496	77.487
94	4	1	107	92.537	25.233	74.96
95	1	1	159.98	91.615	44.405	85.397
95	2	1	162.1	86.188	28.96	81.294
95	3	1	106.79	88.356	40.835	77.977
95	4	1	106.69	92.3	25.311	75.328
96	1	1	160.25	91.654	44.906	85.589
96	2	1	162.93	86.344	28.96	81.489
96	3	1	106.41	88.092	41.175	78.467
96	4	1	106.37	92.064	25.39	75.696
97	1	1	160.76	91.654	45.366	85.845
97	2	1	163.77	86.5	28.96	81.683
97	3	1	106.03	87.828	41.514	78.958
97	4	1	106.06	91.827	25.469	76.064
98	1	1	161.27	91.654	45.827	86.101
98	2	1	164.61	86.656	28.96	81.878
98	3	1	105.65	87.564	41.854	79.448
98	4	1	105.74	91.591	25.548	76.432
99	1	1	161.78	91.654	46.288	86.357
99	2	1	165.44	86.811	28.96	82.072
99	3	1	105.28	87.3	42.193	79.938
99	4	1	105.43	91.354	25.627	76.8
100	1	1	162.3	91.654	46.749	86.613
100	2	1	166.12	86.647	29.331	82.429
100	3	1	104.9	87.036	42.533	80.429
100	4	1	105.11	91.118	25.706	77.168
101	1	1	162.81	91.654	47.209	86.869
101	2	1	166.79	86.484	29.702	82.785
101	3	1	104.52	86.772	42.872	80.919
101	4	1	104.8	90.881	25.784	77.535
102	1	1	163.32	91.654	47.67	87.124
102	2	1	167.46	86.32	30.073	83.141
102	3	1	104.15	86.508	43.212	81.409
102	4	1	104.48	90.645	25.863	77.903
103	1	1	163.83	91.654	48.131	87.38
103	2	1	168.14	86.156	30.444	83.497
103	3	1	103.77	86.244	43.551	81.9
103	4	1	104.17	90.408	25.942	78.271
104	1	1	164.34	91.654	47.639	87.636
104	2	1	168.81	85.992	30.815	83.853
104	3	1	103.39	85.98	43.89	82.39
104	4	1	103.85	90.172	26.021	78.639
105	1	1	164.85	91.654	47.148	87.892
105	2	1	169.48	85.828	31.186	84.209
105	3	1	103.01	85.716	44.23	82.88
105	4	1	103.5	90.199	26.129	78.828
106	1	1	165.37	91.654	46.656	88.148
106	2	1	170.16	85.665	31.557	84.565
106	3	1	102.65	85.716	44.366	83.061
106	4	1	103.15	90.226	26.237	79.017
107	1	1	165.88	91.654	46.165	88.404
107	2	1	170.83	85.501	31.928	84.922
107	3	1	102.29	85.716	44.501	83.242
107	4	1	102.8	90.253	26.345	79.205
108	1	1	166.39	91.654	45.673	88.66
108	2	1	171.5	85.337	32.299	85.278
108	3	1	101.93	85.716	44.637	83.423
108	4	1	102.45	90.28	26.452	79.394
109	1	1	166.98	91.34	45.21	89.253
109	2	1	172.18	85.173	32.67	85.634
109	3	1	101.57	85.716	44.773	83.604
109	4	1	102.1	90.307	26.56	79.583
110	1	1	167.58	91.026	44.747	89.846
110	2	1	172.85	85.009	33.041	85.99
110	3	1	101.2	85.716	44.909	83.785
110	4	1	101.75	90.334	26.668	79.772
111	1	1	168.17	90.712	44.284	90.439
111	2	1	173.52	84.846	33.412	86.346
111	3	1	100.84	85.716	45.045	83.966
111	4	1	101.4	90.361	26.776	79.96
112	1	1	168.76	90.398	43.821	91.032
112	2	1	174.2	84.682	33.783	86.702
112	3	1	100.48	85.716	45.18	84.147
112	4	1	101.05	90.388	26.884	80.149
113	1	1	169.35	90.084	43.359	91.625
113	2	1	174.87	84.747	34.154	86.829
113	3	1	100.12	85.716	45.316	84.329
113	4	1	100.7	90.415	26.992	80.338
114	1	1	169.95	89.77	42.896	92.219
114	2	1	175.54	84.812	34.524	86.957
114	3	1	99.756	85.716	45.452	84.51
114	4	1	100.34	90.442	27.1	80.527
115	1	1	170.54	89.456	43.451	92.812
115	2	1	176.22	84.878	34.895	87.084
115	3	1	99.394	85.716	45.588	84.691
115	4	1	99.994	90.469	27.207	80.715
116	1	1	171.13	89.142	44.007	93.405
116	2	1	176.89	84.943	35.266	87.211
116	3	1	98.903	85.716	46.04	84.766
116	4	1	99.644	90.495	27.315	80.904
117	1	1	171.73	88.828	44.562	93.998
117	2	1	177.79	85.071	35.017	87.374
117	3	1	98.413	85.716	46.493	84.841
117	4	1	99.293	90.522	27.423	81.093
118	1	1	172.32	88.514	45.118	94.591
118	2	1	178.7	85.2	34.768	87.538
118	3	1	97.923	85.716	46.946	84.917
118	4	1	98.943	90.549	27.531	81.282
119	1	1	172.91	88.2	45.673	95.184
119	2	1	179.61	85.328	34.519	87.701
119	3	1	97.433	85.716	47.398	84.992
119	4	1	98.592	90.576	27.639	81.47
120	1	1	173.57	88.729	45.98	94.886
120	2	1	180.51	85.457	34.27	87.865
120	3	1	96.942	85.716	47.851	85.068
120	4	1	98.242	90.603	27.747	81.659
121	1	1	174.22	89.258	46.287	94.587
121	2	1	181.42	85.585	34.021	88.028
121	3	1	96.452	85.716	48.303	85.143
121	4	1	97.523	90.747	27.986	81.755
122	1	1	174.87	89.787	46.594	94.288
122	2	1	182.32	85.423	33.772	88.482
122	3	1	95.962	85.716	48.756	85.219
122	4	1	96.804	90.891	28.226	81.851
123	1	1	175.52	90.316	46.901	93.989
123	2	1	183.23	85.261	33.522	88.936
123	3	1	95.471	85.716	49.209	85.294
123	4	1	96.084	91.035	28.466	81.947
124	1	1	176.18	90.845	47.208	93.691
124	2	1	184.14	85.098	33.273	89.391
124	3	1	94.981	85.716	49.661	85.369
124	4	1	95.365	91.179	28.705	82.043
125	1	1	176.83	91.375	47.515	93.392
125	2	1	185.04	84.936	33.024	89.845
125	3	1	94.491	85.716	50.114	85.445
125	4	1	94.646	91.322	28.945	82.138
126	1	1	177.48	91.904	47.822	93.093
126	2	1	185.95	84.774	32.775	90.299
126	3	1	94	85.716	50.566	85.52
126	4	1	93.927	91.466	29.185	82.234
127	1	1	178.13	90.669	48.13	94.558
127	2	1	186.85	84.612	32.526	90.753
127	3	1	93.51	85.716	51.019	85.596
127	4	1	93.208	91.61	29.424	82.33
128	1	1	178.79	89.435	48.437	96.022
128	2	1	187.76	84.45	32.277	91.207
128	3	1	93.171	85.49	51.585	86.199
128	4	1	92.489	91.754	29.664	82.426
129	1	1	179.44	88.2	48.744	97.487
129	2	1	188.67	84.288	32.028	91.661
129	3	1	92.831	85.263	52.15	86.803
129	4	1	91.77	91.898	29.904	82.522
130	1	1	180.33	88.2	49.255	97.573
130	2	1	189.57	84.125	31.779	92.115
130	3	1	92.492	85.037	52.716	87.406
130	4	1	91.177	91.574	30.335	82.792
131	1	1	181.23	88.2	49.767	97.658
131	2	1	190.48	84.067	31.529	92.466
131	3	1	92.152	84.811	53.282	88.01
131	4	1	90.584	91.25	30.767	83.061
132	1	1	182.13	88.2	50.279	97.743
132	2	1	192.07	84.009	30.595	92.816
132	3	1	91.813	84.585	53.848	88.613
132	4	1	89.991	90.927	31.198	83.331
133	1	1	183.02	88.2	50.791	97.828
133	2	1	192.85	84.009	29.817	93.166
133	3	1	91.473	84.358	54.413	89.217
133	4	1	89.397	90.603	31.629	83.601
134	1	1	183.92	88.2	51.302	97.914
134	2	1	193.63	84.009	29.038	93.517
134	3	1	91.134	84.132	54.979	89.82
134	4	1	88.804	90.28	32.061	83.87
135	1	1	184.81	88.2	51.814	97.999
135	2	1	194.41	84.009	28.26	93.867
135	3	1	90.794	83.906	55.545	90.424
135	4	1	88.211	89.956	32.492	84.14
136	1	1	185.71	88.2	52.326	98.084
136	2	1	194.76	84.009	31.15	94.217
136	3	1	90.455	83.679	56.111	91.027
136	4	1	87.618	89.633	32.924	84.409
137	1	1	186.6	88.2	52.838	98.17
137	2	1	195.11	84.009	30.961	94.568
137	3	1	90.116	83.453	56.676	91.63
137	4	1	87.025	89.309	33.355	84.679
138	1	1	187.5	88.2	53.349	98.255
138	2	1	195.46	84.009	30.773	94.918
138	3	1	89.776	83.227	57.242	92.234
138	4	1	87.302	89.309	33.201	84.987
139	1	1	188.16	89.658	53.035	97.321
139	2	1	195.81	84.009	30.585	95.268
139	3	1	89.437	83	57.808	92.837
139	4	1	87.579	89.309	33.047	85.295
140	1	1	188.82	89.528	52.721	97.973
140	2	1	196.16	84.009	30.397	95.619
140	3	1	89.897	83.212	57.333	92.898
140	4	1	87.857	89.309	32.893	85.604
141	1	1	189.49	89.399	52.407	98.626
141	2	1	196.51	84.009	33.564	95.969
141	3	1	90.357	83.423	56.857	92.958
141	4	1	88.134	89.309	32.739	85.912
142	1	1	190.15	89.269	52.093	99.279
142	2	1	196.74	84.009	33.331	96.319
142	3	1	90.817	83.634	56.382	93.018
142	4	1	88.411	89.309	32.585	86.22
143	1	1	190.81	89.14	51.779	99.932
143	2	1	197.19	83.822	33.441	96.506
143	3	1	91.277	83.845	55.907	93.079
143	4	1	88.689	89.309	32.431	86.528
144	1	1	191.48	89.01	51.465	100.58
144	2	1	197.63	83.635	33.55	96.693
144	3	1	91.737	84.057	55.432	93.139
144	4	1	88.966	89.309	32.277	86.836
145	1	1	192.14	88.881	51.151	101.24
145	2	1	198.08	82.291	33.428	98.037
145	3	1	92.197	84.268	54.957	93.199
145	4	1	89.243	89.309	32.123	87.144
146	1	1	192.8	88.752	50.837	101.89
146	2	1	198.52	80.947	33.307	99.381
146	3	1	92.658	84.479	54.481	93.26
146	4	1	89.521	89.309	31.968	87.453
147	1	1	193.46	88.493	50.523	102.67
147	2	1	198.97	79.757	33.185	100.57
147	3	1	93.118	84.69	54.006	93.32
147	4	1	89.798	89.309	31.814	87.761
148	1	1	194.13	88.234	50.209	103.46
148	2	1	199.42	79.77	35.47	100.56
148	3	1	93.578	84.901	53.531	93.381
148	4	1	90.075	89.309	31.66	88.069
149	1	1	194.79	87.975	49.895	104.24
149	2	1	199.86	80.363	35.672	99.965
149	3	1	94.038	85.113	53.056	93.441
149	4	1	90.353	89.309	31.506	88.377
150	1	1	195.69	87.872	49.511	104.64
150	2	1	200.31	80.492	37.418	99.836
150	3	1	94.498	85.324	52.58	93.501
150	4	1	90.63	89.309	31.352	88.685
151	1	1	196.58	87.769	49.127	105.04
151	2	1	200.75	81.316	38.7	99.012
151	3	1	94.958	85.535	52.105	93.562
151	4	1	90.907	89.309	31.198	88.993
152	1	1	197.48	87.666	48.744	105.44
152	2	1	201.2	82.603	39.519	97.725
152	3	1	95.23	84.992	52.196	93.622
152	4	1	91.77	89.261	30.863	89.185
153	1	1	198.37	87.563	48.36	105.84
153	2	1	204.42	83.083	38.148	97.245
153	3	1	95.501	84.449	52.286	93.682
153	4	1	92.633	89.213	30.527	89.377
154	1	1	199.27	87.46	47.976	106.24
154	2	1	205.28	82.928	38.063	97.4
154	3	1	95.773	83.906	52.377	93.743
154	4	1	93.496	89.165	30.191	89.569
155	1	1	200.16	87.357	47.592	106.65
155	2	1	207.06	82.543	37.052	100.56
155	3	1	99.207	83.654	50.178	94.245
155	4	1	94.359	89.117	29.856	89.76
156	1	1	201.06	87.254	47.208	107.05
156	2	1	206.99	83.083	35.116	98.171
156	3	1	102.64	83.403	47.98	94.748
156	4	1	95.222	89.069	29.52	89.952
157	1	1	201.96	87.152	46.825	107.45
157	2	1	207.12	81.867	36.037	99.56
157	3	1	106.08	83.151	45.782	95.251
157	4	1	96.084	89.021	29.185	90.144
158	1	1	202.85	87.049	46.441	107.85
158	2	1	207.24	82.503	37.422	100.33
158	3	1	109.51	82.9	43.583	95.754
158	4	1	96.947	88.973	28.849	90.336
159	1	1	203.71	86.953	47.304	108.33
159	2	1	207.36	81.75	39.038	101.57
159	3	1	112.94	82.648	41.385	96.257
159	4	1	97.81	88.926	28.514	90.527
160	1	1	204.58	86.857	48.168	108.81
160	2	1	207.48	80.997	41.58	102.8
160	3	1	116.38	82.397	39.187	96.76
160	4	1	98.673	88.878	28.178	90.719
161	1	1	205.44	86.761	49.031	109.29
161	2	1	208.19	80.967	41.518	103.2
161	3	1	119.81	82.146	36.988	97.263
161	4	1	99.144	88.721	29.237	91.15
162	1	1	206.31	86.665	49.895	109.77
162	2	1	208.9	80.936	41.456	103.6
162	3	1	121.6	81.894	37.894	97.766
162	4	1	99.614	88.564	30.296	91.582
163	1	1	207.17	86.569	50.759	110.25
163	2	1	209.61	80.905	41.395	104
163	3	1	122.02	81.643	40.157	98.269
163	4	1	100.08	88.407	31.355	92.013
164	1	1	208.03	86.473	51.622	110.73
164	2	1	210.32	80.874	41.333	104.41
164	3	1	123.83	81.643	39.251	100.08
164	4	1	100.56	88.25	32.414	92.445
165	1	1	208.9	86.377	52.486	111.21
165	2	1	211.03	80.843	41.271	104.81
165	3	1	124.8	81.416	39.187	100.47
165	4	1	101.03	88.093	33.473	92.876
166	1	1	209.76	86.281	53.349	111.69
166	2	1	211.74	80.812	41.21	105.21
166	3	1	125.77	81.19	39.122	100.85
166	4	1	101.5	87.936	34.532	93.308
167	1	1	210.42	86.281	54.326	112.35
167	2	1	212.45	80.781	41.148	105.61
167	3	1	126.74	80.964	39.057	101.24
167	4	1	101.97	87.779	35.591	93.739
168	1	1	211.09	86.281	55.303	113.01
168	2	1	213.16	80.751	41.086	106.01
168	3	1	127.71	80.737	38.993	101.63
168	4	1	102.44	87.623	36.65	94.17
169	1	1	211.75	86.281	56.28	113.68
169	2	1	213.87	80.72	41.024	106.41
169	3	1	128.68	80.511	38.928	102.02
169	4	1	102.91	87.466	37.709	94.602
170	1	1	212.41	86.281	57.257	114.34
170	2	1	214.58	80.689	40.963	106.81
170	3	1	129.65	80.285	38.863	102.41
170	4	1	103.38	87.309	38.768	95.033
171	1	1	213.07	86.281	58.234	115
171	2	1	215.29	80.658	40.901	107.21
171	3	1	130.62	80.059	38.799	102.79
171	4	1	103.85	87.152	39.827	95.465
172	1	1	213.74	86.281	59.211	115.67
172	2	1	216	80.627	40.839	107.61
172	3	1	131.59	79.832	38.734	103.18
172	4	1	104.62	87.187	40.071	95.849
173	1	1	214.4	86.281	60.188	116.33
173	2	1	216.71	80.596	40.778	108.02
173	3	1	132.56	79.606	38.669	103.57
173	4	1	105.39	87.222	40.315	96.232
174	1	1	215.06	86.281	61.165	116.99
174	2	1	217.42	80.565	40.716	108.42
174	3	1	133.53	79.38	38.605	103.96
174	4	1	106.15	87.257	40.559	96.616
175	1	1	215.73	86.281	62.142	117.65
175	2	1	218.13	80.534	40.654	108.82
175	3	1	134.5	79.153	38.54	104.35
175	4	1	106.92	87.291	40.804	97
176	1	1	216.39	86.281	63.119	118.32
176	2	1	218.41	80.164	40.654	109.33
176	3	1	135.47	78.927	38.475	104.73
176	4	1	107.69	87.326	41.048	97.384
177	1	1	217.05	86.281	64.096	118.98
177	2	1	218.69	79.794	40.654	109.84
177	3	1	136.44	78.701	38.411	105.12
177	4	1	108.46	87.361	41.292	97.767
178	1	1	218.44	86.185	63.424	119.41
178	2	1	218.97	79.423	40.654	110.35
178	3	1	137.41	78.474	38.346	105.51
178	4	1	109.22	87.396	41.536	98.151
179	1	1	219.83	86.089	62.753	119.84
179	2	1	219.24	79.053	40.654	110.86
179	3	1	138.37	78.595	38.31	105.72
179	4	1	109.99	87.431	41.78	98.535
180	1	1	221.23	85.993	62.081	120.28
180	2	1	219.52	78.683	40.654	111.36
180	3	1	139.33	78.716	38.273	105.94
180	4	1	110.76	87.466	42.025	98.919
181	1	1	222.62	85.897	61.409	120.71
181	2	1	219.8	78.312	40.654	111.87
181	3	1	140.28	78.837	38.237	106.15
181	4	1	111.53	87.501	42.269	99.303
182	1	1	224.01	85.801	60.738	121.14
182	2	1	220.08	77.942	40.654	112.38
182	3	1	141.24	78.958	38.2	106.37
182	4	1	112.29	87.536	42.513	99.686
183	1	1	225.4	85.705	60.066	121.57
183	2	1	220.35	77.572	40.654	112.89
183	3	1	142.2	79.078	38.164	106.58
183	4	1	112.68	87.195	43.195	100.07
184	1	1	226.79	85.609	59.394	122
184	2	1	220.63	77.201	40.654	113.4
184	3	1	143.16	79.199	38.127	106.8
184	4	1	113.06	86.853	43.878	100.45
185	1	1	228.18	85.513	58.723	122.43
185	2	1	220.91	76.831	40.654	113.91
185	3	1	144.11	79.32	38.091	107.01
185	4	1	113.44	86.512	44.56	100.84
186	1	1	229.57	85.418	58.051	122.87
186	2	1	221.42	77.088	40.86	114.22
186	3	1	145.07	79.441	38.054	107.22
186	4	1	113.83	86.171	45.242	101.22
187	1	1	230.96	85.322	57.379	123.3
187	2	1	221.94	77.345	41.066	114.53
187	3	1	146.03	79.562	38.018	107.44
187	4	1	114.21	85.83	45.925	101.61
188	1	1	232.36	85.226	56.708	123.73
188	2	1	222.45	77.603	41.271	114.84
188	3	1	146.98	79.682	37.981	107.65
188	4	1	114.6	85.489	46.607	101.99
189	1	1	233.75	85.13	56.036	124.16
189	2	1	222.97	77.86	41.477	115.15
189	3	1	147.94	79.803	37.945	107.87
189	4	1	114.98	85.148	47.289	102.37
190	1	1	235.14	85.034	55.364	124.59
190	2	1	223.48	78.117	41.683	115.45
190	3	1	148.9	79.924	37.909	108.08
190	4	1	115.36	84.807	47.971	102.76
191	1	1	236.53	84.938	54.693	125.03
191	2	1	224	78.374	41.889	115.76
191	3	1	149.81	79.765	38.386	108.4
191	4	1	115.75	84.465	48.654	103.14
192	1	1	237.92	84.842	54.021	125.46
192	2	1	224.51	78.631	42.094	116.07
192	3	1	150.73	79.606	38.863	108.72
192	4	1	115.94	84.657	49.613	103.76
193	1	1	239.31	84.746	53.349	125.89
193	2	1	225.02	78.889	42.3	116.38
193	3	1	151.64	79.447	39.341	109.04
193	4	1	116.13	84.849	50.573	104.39
194	1	1	240.74	84.571	54.71	126.41
194	2	1	225.54	79.146	42.506	116.69
194	3	1	152.56	79.287	39.818	109.35
194	4	1	116.32	85.041	51.532	105.01
195	1	1	242.17	84.397	56.071	126.94
195	2	1	226.29	78.683	42.679	117.44
195	3	1	153.47	79.128	40.295	109.67
195	4	1	116.52	85.233	52.491	105.64
196	1	1	243.6	84.223	57.432	127.46
196	2	1	227.04	78.22	42.853	118.19
196	3	1	154.39	78.969	40.773	109.99
196	4	1	116.71	85.425	53.451	106.26
197	1	1	245.03	84.048	58.792	127.98
197	2	1	227.8	77.757	43.027	118.95
197	3	1	155.3	78.81	41.25	110.31
197	4	1	116.9	85.617	54.41	106.88
198	1	1	246.47	83.874	60.153	128.51
198	2	1	228.55	77.294	43.2	119.7
198	3	1	156.22	78.651	41.728	110.63
198	4	1	117.09	85.809	55.37	107.51
199	1	1	247.9	83.699	61.514	129.03
199	2	1	229.3	76.831	43.374	120.45
199	3	1	157.13	78.492	42.205	110.95
199	4	1	117.28	86.001	56.329	108.13
200	1	1	249.33	83.525	62.875	129.55
200	2	1	230.05	76.368	43.547	121.2
200	3	1	158.05	78.333	42.682	111.26
200	4	1	118.45	85.468	56.329	108.72
201	1	1	250.76	83.35	64.236	130.08
201	2	1	230.8	75.905	43.721	121.95
201	3	1	158.96	78.174	43.16	111.58
201	4	1	119.62	84.936	56.329	109.3
202	1	1	252.19	83.176	65.596	130.6
202	2	1	231.56	75.442	43.895	122.71
202	3	1	159.88	78.054	43.363	112.14
202	4	1	120.8	84.404	56.329	109.89
203	1	1	253.62	83.001	66.957	131.12
203	2	1	232.6	75.616	43.895	122.94
203	3	1	160.79	77.935	43.566	112.7
203	4	1	121.97	83.871	56.329	110.47
204	1	1	255.05	82.827	68.318	131.65
204	2	1	233.64	75.789	43.895	123.17
204	3	1	161.71	77.816	43.769	113.26
204	4	1	123.14	83.339	56.329	111.06
205	1	1	256.34	83.012	68.318	132.66
205	2	1	234.68	75.963	43.895	123.4
205	3	1	162.62	77.696	43.972	113.82
205	4	1	124.31	82.807	56.329	111.64
206	1	1	257.64	83.197	68.318	133.68
206	2	1	235.72	76.137	43.895	123.63
206	3	1	163.54	77.577	44.175	114.37
206	4	1	125.48	82.274	56.329	112.23
207	1	1	258.94	83.382	68.318	134.7
207	2	1	236.77	76.31	43.895	123.86
207	3	1	164.45	77.458	44.379	114.93
207	4	1	126.65	81.742	56.329	112.81
208	1	1	260.23	83.568	68.318	135.72
208	2	1	237.81	76.484	43.895	124.1
208	3	1	165.37	77.338	44.582	115.49
208	4	1	127.82	81.21	56.329	113.4
209	1	1	261.53	83.753	68.318	136.74
209	2	1	238.85	76.657	43.895	124.33
209	3	1	166.28	77.219	44.785	116.05
209	4	1	128.9	81.749	56.329	113.4
210	1	1	263.38	83.091	66.665	137.4
210	2	1	239.89	76.831	43.895	124.56
210	3	1	167.2	77.099	44.988	116.61
210	4	1	129.98	82.288	56.329	113.4
211	1	1	265.23	82.43	65.011	138.06
211	2	1	240.76	76.317	43.895	125.48
211	3	1	168.11	76.98	45.191	117.17
211	4	1	131.06	82.827	56.329	113.4
212	1	1	267.08	81.769	63.358	138.72
212	2	1	241.64	75.802	43.895	126.41
212	3	1	169.03	76.861	45.394	117.73
212	4	1	132.13	83.366	56.329	113.4
213	1	1	268.94	81.107	61.705	139.38
213	2	1	242.51	75.288	43.895	127.34
213	3	1	170.29	76.651	45.394	118.08
213	4	1	133.21	83.905	56.329	113.4
214	1	1	270.79	80.446	60.051	140.05
214	2	1	243.39	74.774	43.895	128.26
214	3	1	171.54	76.442	45.394	118.42
214	4	1	134.29	84.444	56.329	113.4
215	1	1	272.64	79.785	58.398	140.71
215	2	1	244.26	74.259	43.895	129.19
215	3	1	172.8	76.232	45.394	118.77
215	4	1	135.37	84.983	56.329	113.4
216	1	1	274.49	79.123	56.745	141.37
216	2	1	245.14	73.745	43.895	130.11
216	3	1	174.06	76.023	45.394	119.12
216	4	1	136.45	85.521	56.329	113.4
217	1	1	276.21	79.123	55.885	141.83
217	2	1	246.01	73.23	43.895	131.04
217	3	1	175.31	75.813	45.394	119.47
217	4	1	137.21	85.042	56.473	114.07
218	1	1	277.93	79.123	55.025	142.29
218	2	1	246.89	72.716	43.895	131.97
218	3	1	176.57	75.604	45.394	119.82
218	4	1	137.98	84.563	56.617	114.74
219	1	1	279.65	79.123	54.165	142.76
219	2	1	247.76	72.202	43.895	132.89
219	3	1	177.83	75.394	45.394	120.17
219	4	1	138.74	84.084	56.76	115.41
220	1	1	281.37	79.123	53.306	143.22
220	2	1	248.64	72.433	45.561	132.84
220	3	1	179.08	75.185	45.394	120.52
220	4	1	139.51	83.605	56.904	116.08
221	1	1	283.09	79.123	52.446	143.68
221	2	1	249.52	72.665	47.228	132.8
221	3	1	180.2	74.976	45.394	121.5
221	4	1	140.28	83.126	57.048	116.75
222	1	1	284.81	79.123	51.586	144.15
222	2	1	250.4	72.896	48.894	132.75
222	3	1	181.32	74.766	45.394	122.47
222	4	1	141.04	82.647	57.192	117.42
223	1	1	286.53	79.123	50.727	144.61
223	2	1	251.28	73.128	50.561	132.71
223	3	1	182.44	74.557	45.394	123.45
223	4	1	141.81	82.168	57.335	118.09
224	1	1	287.73	79.123	49.523	145.35
224	2	1	252.16	73.359	52.227	132.66
224	3	1	183.55	74.347	45.394	124.43
224	4	1	142.58	81.689	57.479	118.76
225	1	1	288.94	79.123	48.319	146.09
225	2	1	253.04	73.591	53.894	132.61
225	3	1	184.67	74.138	45.394	125.41
225	4	1	143.34	81.21	57.623	119.44
226	1	1	290.14	79.123	47.116	146.83
226	2	1	253.92	73.822	55.56	132.57
226	3	1	185.79	73.928	45.394	126.38
226	4	1	144.11	80.731	57.767	120.11
227	1	1	291.34	79.123	45.912	147.57
227	2	1	254.8	74.053	57.227	132.52
227	3	1	186.9	73.719	45.394	127.36
227	4	1	145.81	80.997	57.075	120.8
228	1	1	292.55	79.123	44.708	148.31
228	2	1	255.68	74.285	58.894	132.47
228	3	1	188.02	73.509	45.394	128.34
228	4	1	147.52	81.263	56.383	121.49
229	1	1	294.63	79.123	42.625	148.31
229	2	1	256.56	74.516	60.56	132.43
229	3	1	189.14	73.397	46.288	129.01
229	4	1	149.22	81.529	55.691	122.18
230	1	1	296.71	79.123	40.542	148.31
230	2	1	258.41	74.053	59.568	133.55
230	3	1	190.26	73.286	47.182	129.68
230	4	1	150.92	81.795	54.999	122.87
231	1	1	298.8	79.123	38.459	148.31
231	2	1	260.26	73.591	58.576	134.68
231	3	1	191.37	73.174	48.075	130.35
231	4	1	152.63	82.062	54.307	123.57
232	1	1	300.88	79.123	36.376	148.31
232	2	1	262.11	73.128	57.584	135.8
232	3	1	192.49	73.062	48.969	131.02
232	4	1	154.33	82.328	53.615	124.26
233	1	1	303.35	79.123	33.907	148.31
233	2	1	263.96	72.665	56.592	136.92
233	3	1	193.61	72.951	49.863	131.69
233	4	1	156.03	82.594	52.923	124.95
234	1	1	305.82	79.123	31.438	148.31
234	2	1	265.81	72.202	55.6	138.05
234	3	1	194.72	72.839	50.757	132.36
234	4	1	157.74	82.86	52.231	125.64
235	1	1	308.29	79.123	28.969	148.31
235	2	1	267.67	71.739	54.608	139.17
235	3	1	195.84	72.727	51.65	133.03
235	4	1	159.44	83.126	51.539	126.33
236	2	1	269.52	71.276	53.616	140.3
236	3	1	196.96	72.615	52.544	133.7
236	4	1	160.15	82.547	52.696	127.17
237	2	1	272.6	70.504	51.301	141.22
237	3	1	198.08	72.504	53.438	134.37
237	4	1	160.86	81.968	53.854	128.01
238	2	1	275.69	69.733	48.987	142.15
238	3	1	199.19	72.392	54.332	135.04
238	4	1	161.56	81.39	55.012	128.84
239	2	1	278.78	68.961	46.672	143.08
239	3	1	200.24	71.903	54.332	136.02
239	4	1	162.27	80.811	56.169	129.68
240	2	1	280.4	69.038	46.672	143.23
240	3	1	201.29	71.414	54.332	137
240	4	1	162.98	80.232	57.327	130.51
241	2	1	282.02	69.116	46.672	143.38
241	3	1	202.34	70.926	54.332	137.98
241	4	1	163.69	79.653	58.485	131.35
242	2	1	283.64	69.193	46.672	143.54
242	3	1	203.38	70.437	54.332	138.95
242	4	1	164.39	79.074	59.643	132.19
243	2	1	285.26	69.27	46.672	143.69
243	3	1	204.43	69.948	54.332	139.93
243	4	1	165.1	78.495	60.8	133.02
244	2	1	286.88	69.347	46.672	143.85
244	3	1	205.48	69.459	54.332	140.91
244	4	1	165.81	77.916	61.958	133.86
245	2	1	288.5	69.424	46.672	144
245	3	1	206.52	68.971	54.332	141.89
245	4	1	166.52	77.338	63.116	134.7
246	2	1	288.5	69.887	48.987	144.46
246	3	1	207.57	68.482	54.332	142.86
246	4	1	168.12	78.302	63.116	133.41
247	2	1	290.46	70.157	47.019	146.28
247	3	1	208.97	68.322	54.212	143.9
247	4	1	169.73	79.267	63.116	132.12
248	2	1	292.43	70.427	45.052	148.09
248	3	1	210.37	68.163	54.092	144.94
248	4	1	171.02	79.033	63.116	132.94
249	2	1	294.4	70.697	43.084	149.9
249	3	1	211.76	68.003	53.973	145.98
249	4	1	172.3	78.799	63.116	133.76
250	2	1	296.37	70.35	41.117	152.33
250	3	1	213.16	67.843	53.853	147.01
250	4	1	173.59	78.565	63.116	134.58
251	2	1	298.68	70.35	38.802	152.33
251	3	1	214.55	67.684	53.733	148.05
251	4	1	174.88	78.332	63.116	135.4
252	2	1	301	70.35	36.488	152.33
252	3	1	215.95	67.524	53.614	149.09
252	5	1	268.92	91.458	43.627	102.07
252	4	1	176.16	78.098	63.116	136.22
253	2	1	303	68.498	34.482	154.19
253	3	1	217.35	67.365	53.494	150.13
253	5	1	270.16	91.047	43.627	102.07
253	4	1	177.45	77.864	63.116	137.03
254	2	1	305.01	68.035	32.476	154.65
254	3	1	218.74	67.205	53.374	151.16
254	5	1	271.39	90.635	43.627	102.07
254	4	1	178.74	77.63	63.116	137.85
255	2	1	307.01	67.11	30.47	155.57
255	3	1	220.14	67.045	53.254	152.2
255	5	1	270.57	90.635	42.804	102.07
255	4	1	180.02	77.396	63.116	138.67
256	2	1	309.33	66.647	28.155	156.04
256	3	1	221.54	66.886	53.135	153.24
256	5	1	269.75	90.635	41.981	102.07
256	4	1	181.31	77.162	63.116	139.49
257	2	1	311.64	66.184	25.84	156.5
257	3	1	222.93	66.726	53.015	154.27
257	5	1	268.92	90.223	41.363	101.76
257	4	1	182.59	76.928	63.116	140.31
258	3	1	224.33	66.567	52.895	155.31
258	5	1	268.1	89.812	40.746	101.45
258	4	1	183.88	76.694	63.116	141.13
259	3	1	225.73	66.407	52.776	156.35
259	5	1	267.28	89.4	40.129	101.14
259	4	1	184.69	76.855	64.322	141.69
260	3	1	227.12	66.247	52.656	157.39
260	5	1	266.45	88.989	39.511	100.84
260	4	1	185.49	77.016	65.528	142.25
260	6	1	298.56	97.387	26.608	90.597
261	3	1	228.42	65.68	53.548	158.2
261	5	1	265.63	88.577	38.894	100.53
261	4	1	186.29	77.177	66.734	142.82
261	6	1	297.59	97.163	29.619	90.597
262	3	1	229.72	65.113	54.439	159.01
262	5	1	264.81	88.166	38.277	100.22
262	4	1	187.1	77.338	67.939	143.38
262	6	1	296.62	96.938	32.629	90.597
263	3	1	231.01	64.545	55.331	159.82
263	5	1	263.99	87.754	37.659	99.91
263	4	1	187.9	77.498	69.145	143.94
263	6	1	295.64	96.714	35.639	90.597
264	3	1	232.31	63.978	56.222	160.63
264	5	1	263.16	87.342	37.042	99.601
264	4	1	188.7	77.659	70.351	144.5
264	6	1	294.67	96.489	38.65	90.597
265	3	1	233.61	63.41	57.114	161.44
265	5	1	261.86	87.53	36.967	99.19
265	4	1	189.51	77.82	71.557	145.07
265	6	1	293.7	96.265	41.66	90.597
266	3	1	234.9	62.843	58.006	162.25
266	5	1	260.55	87.717	36.892	98.778
266	4	1	190.31	77.981	72.763	145.63
266	6	1	292.73	96.04	39.485	90.597
267	3	1	236.2	62.276	58.897	163.06
267	5	1	259.25	87.904	36.817	98.367
267	4	1	190.4	77.338	73.682	147.47
267	6	1	291.75	95.816	37.309	90.597
268	3	1	237.5	61.708	59.789	163.87
268	5	1	257.94	88.091	36.742	97.955
268	4	1	190.5	76.694	74.601	149.3
268	6	1	290.78	95.591	34.634	90.597
269	3	1	239.06	61.968	61.521	164.91
269	5	1	256.64	88.278	36.668	97.543
269	4	1	190.59	76.051	75.52	151.14
269	6	1	289.81	95.367	31.959	90.597
270	3	1	240.62	62.228	63.254	165.95
270	5	1	255.33	88.465	36.593	97.132
270	4	1	190.68	75.408	76.438	152.98
270	6	1	288.84	95.142	29.283	90.597
271	3	1	242.18	62.488	64.986	166.99
271	5	1	254.03	88.652	36.518	96.72
271	4	1	190.77	74.765	77.357	154.82
271	6	1	287.86	94.918	26.608	90.597
272	3	1	243.73	62.748	66.718	168.03
272	5	1	252.73	88.839	36.443	96.309
272	4	1	190.86	74.122	78.276	156.66
272	6	1	286.69	95.004	27.041	90.25
273	3	1	245.29	63.007	68.45	169.07
273	5	1	251.42	89.026	36.368	95.897
273	4	1	190.96	73.479	79.195	158.49
273	6	1	285.52	95.091	27.475	89.904
274	3	1	246.85	63.267	70.183	170.11
274	5	1	250.12	89.213	36.293	95.486
274	4	1	191.28	73.318	79.275	159.22
274	6	1	284.35	95.177	27.908	89.557
275	3	1	248.41	63.527	71.915	171.15
275	5	1	248.81	89.4	36.219	95.074
275	4	1	191.6	73.157	79.356	159.94
275	6	1	283.18	95.264	28.341	89.211
276	3	1	250.83	62.586	70.301	172.22
276	5	1	247.51	89.587	36.144	94.662
276	4	1	191.92	72.996	75.577	160.66
276	6	1	282.01	95.351	28.774	88.864
277	3	1	253.25	61.645	68.688	173.3
277	5	1	246.2	89.774	36.069	94.251
277	4	1	192.24	72.835	69.226	161.39
277	6	1	280.84	95.437	29.208	88.517
278	3	1	255.67	60.703	67.074	174.37
278	5	1	244.9	89.962	35.994	93.839
278	4	1	192.56	72.675	69.306	162.11
278	6	1	279.67	95.524	29.641	88.171
279	3	1	258.09	59.762	65.461	175.45
279	5	1	243.59	90.149	35.919	93.428
279	4	1	192.89	72.514	69.387	162.83
279	6	1	278.5	95.611	30.074	87.824
280	3	1	260.51	58.821	63.847	176.53
280	5	1	242.98	90.336	35.844	93.016
280	4	1	193.21	72.353	69.467	163.56
280	6	1	277.33	95.697	30.507	87.478
281	3	1	262.93	58.418	63.713	177.33
281	5	1	242.36	90.523	35.77	92.605
281	4	1	193.53	72.192	69.547	164.28
281	6	1	276.16	95.784	30.941	87.131
282	3	1	265.35	58.014	63.579	178.14
282	5	1	241.75	90.71	35.695	92.193
282	4	1	193.53	72.192	72.763	164.28
282	6	1	275	95.871	31.374	86.784
283	3	1	267.77	57.611	63.444	178.95
283	5	1	241.14	90.897	35.62	91.781
283	4	1	193.53	72.192	75.979	164.28
283	6	1	273.83	95.957	31.807	86.438
284	3	1	270.19	57.208	63.31	179.75
284	5	1	240.52	91.084	35.545	91.37
284	4	1	195.83	71.825	75.979	166.03
284	6	1	272.66	96.044	32.24	86.091
285	3	1	272.61	56.804	63.175	180.56
285	5	1	239.91	91.271	35.47	90.958
285	4	1	198.12	71.457	75.979	167.77
285	6	1	271.49	96.131	32.673	85.745
286	3	1	274.59	56.804	62.447	181.7
286	5	1	239.29	91.458	35.395	90.547
286	4	1	200.42	71.09	75.979	169.52
286	6	1	270.32	96.217	33.107	85.398
287	3	1	276.57	56.804	61.719	182.85
287	5	1	238.62	91.458	35.134	90.285
287	4	1	202.72	70.722	75.979	171.26
287	6	1	269.15	96.304	33.54	85.051
288	3	1	278.54	56.804	60.992	183.99
288	5	1	237.94	91.458	34.872	90.023
288	4	1	205.01	70.355	75.979	173.01
288	6	1	267.98	96.391	33.973	84.705
289	3	1	280.52	56.804	60.264	185.13
289	5	1	237.27	91.458	34.61	89.761
289	4	1	207.31	69.987	75.979	174.76
289	6	1	266.81	96.477	34.406	84.358
290	3	1	282.49	56.804	59.536	186.28
290	5	1	236.6	91.458	34.348	89.499
290	4	1	209.61	69.62	75.979	176.5
290	6	1	265.64	96.564	34.84	84.012
291	3	1	284.47	56.804	58.808	187.42
291	5	1	235.92	91.458	34.086	89.237
291	4	1	210.71	69.071	75.43	177.74
291	6	1	264.79	96.564	36.266	83.792
292	3	1	286.44	56.804	58.08	188.57
292	5	1	235.25	91.458	33.824	88.975
292	4	1	211.8	68.522	74.882	178.97
292	6	1	263.94	96.564	37.693	83.573
293	3	1	288.09	56.804	56.434	188.57
293	5	1	234.58	91.458	33.562	88.713
293	4	1	212.9	67.973	74.333	180.21
293	6	1	263.09	96.564	39.826	83.353
294	3	1	289.74	56.804	54.788	188.57
294	5	1	233.9	91.458	33.3	88.451
294	4	1	214	67.425	73.784	181.44
294	6	1	262.23	96.564	40.22	83.134
295	3	1	291.38	56.804	53.141	188.57
295	5	1	233.23	91.458	33.038	88.189
295	4	1	215.1	66.876	73.235	182.68
295	6	1	261.38	96.564	40.615	82.914
296	3	1	293.03	56.804	51.495	188.57
296	5	1	232.56	91.458	32.776	87.928
296	4	1	216.19	66.327	72.686	183.91
296	6	1	260.53	96.564	40.12	82.695
297	3	1	294.68	56.804	49.849	188.57
297	5	1	231.88	91.458	32.514	87.666
297	4	1	218.11	66.739	72.275	184.6
297	6	1	259.68	96.564	39.626	82.475
298	3	1	296.32	56.804	48.202	188.57
298	5	1	231.21	91.458	32.253	87.404
298	4	1	220.03	67.15	71.863	185.28
298	6	1	258.83	96.564	39.132	82.256
299	3	1	297.97	56.393	46.556	188.98
299	5	1	230.54	91.458	31.991	87.142
299	4	1	221.96	67.562	71.452	185.97
299	6	1	257.98	96.564	38.637	82.036
300	3	1	299.61	55.981	44.91	189.39
300	5	1	229.86	91.458	31.729	86.88
300	4	1	223.88	67.973	71.04	186.65
300	6	1	257.13	96.564	38.143	81.817
301	3	1	301.26	55.569	43.263	189.8
301	5	1	229.19	91.458	31.467	86.618
301	4	1	225.8	68.385	70.629	187.34
301	6	1	256.28	96.564	37.648	81.597
302	3	1	302.91	55.158	41.617	190.21
302	5	1	228.52	91.458	31.205	86.356
302	4	1	227.72	68.796	70.217	188.03
302	6	1	255.43	96.564	37.154	81.378
303	5	1	227.84	91.458	30.943	86.094
303	4	1	230.39	67.87	70.526	188.95
303	6	1	254.58	96.564	36.659	81.158
304	5	1	227.17	91.458	30.681	85.832
304	4	1	233.07	66.944	70.834	189.88
304	6	1	253.73	96.564	36.165	80.939
305	5	1	226.49	91.458	30.419	85.57
305	4	1	235.74	66.018	71.143	190.8
305	6	1	252.88	96.564	35.671	80.719
306	5	1	225.82	91.458	30.157	85.308
306	4	1	238.42	65.092	71.452	191.73
306	6	1	252.03	96.564	35.176	80.5
307	5	1	225.15	91.458	29.895	85.046
307	4	1	241.09	64.166	71.76	192.66
307	6	1	251.18	96.564	34.682	80.28
308	5	1	224.47	91.458	29.633	84.785
308	4	1	243.77	63.24	72.069	193.58
308	6	1	250.33	96.564	34.187	80.061
309	5	1	223.6	91.542	29.759	84.492
309	4	1	246.44	62.314	72.378	194.51
309	6	1	249.48	96.564	33.693	79.841
310	5	1	222.72	91.625	29.884	84.199
310	4	1	249.12	61.388	72.686	195.43
310	6	1	248.63	96.564	33.199	79.622
311	5	1	221.84	91.709	30.01	83.906
311	4	1	251.59	61.976	72.686	195.43
311	6	1	247.77	96.564	32.704	79.402
312	5	1	220.96	91.793	30.135	83.614
312	4	1	254.06	62.564	72.686	195.43
312	6	1	246.92	96.564	32.21	79.183
313	5	1	220.08	91.876	30.261	83.321
313	4	1	256.53	63.152	72.686	195.43
313	6	1	246.07	96.564	31.715	78.963
314	5	1	219.21	91.96	30.386	83.028
314	4	1	259	63.74	72.686	195.43
314	6	1	245.22	96.564	31.221	78.744
315	5	1	218.33	92.044	30.512	82.735
315	4	1	261.47	64.328	72.686	195.43
315	6	1	244.37	96.564	30.727	78.524
316	5	1	217.45	92.127	30.637	82.443
316	4	1	263.94	64.916	72.686	195.43
316	6	1	243.52	96.564	30.232	78.305
317	5	1	216.57	92.211	30.763	82.15
317	4	1	266.41	65.504	72.686	195.43
317	6	1	242.67	96.564	29.738	78.085
318	5	1	215.69	92.295	30.888	81.857
318	4	1	267.64	64.681	72.824	196.12
318	6	1	241.82	96.564	29.243	77.866
319	5	1	215.13	92.434	31.027	81.509
319	4	1	268.87	63.858	72.961	196.81
319	6	1	240.97	96.564	28.749	77.646
320	5	1	214.58	92.573	31.167	81.16
320	4	1	270.11	63.034	73.098	197.49
320	6	1	240.12	96.564	28.254	77.426
321	5	1	214.02	92.713	31.306	80.812
321	4	1	272.99	62.211	71.589	198.18
321	6	1	239.51	96.953	29.611	76.926
322	5	1	213.46	92.852	31.446	80.463
322	4	1	275.87	61.388	70.08	198.86
322	6	1	238.9	97.342	30.967	76.426
323	5	1	212.9	92.992	31.585	80.115
323	4	1	278.75	60.565	68.571	199.55
323	6	1	238.29	97.731	32.324	75.926
324	5	1	212.35	93.131	31.724	79.766
324	4	1	286.16	60.565	61.162	199.55
324	6	1	237.67	98.12	33.68	75.426
325	5	1	211.8	93.089	31.39	79.599
325	4	1	293.57	60.565	53.754	199.55
325	6	1	237.06	98.509	35.037	74.925
326	5	1	211.26	93.047	31.055	79.432
326	4	1	296.04	58.919	51.285	201.2
326	6	1	236.45	98.898	36.393	74.425
327	5	1	210.72	93.006	30.721	79.264
327	4	1	298.51	57.272	48.815	202.84
327	6	1	235.84	99.287	36.104	73.925
328	5	1	210.17	92.964	30.386	79.097
328	6	1	235.23	99.676	35.814	73.425
329	5	1	209.63	92.922	30.052	78.93
329	6	1	234.64	99.38	34.406	73.425
330	5	1	209.08	92.88	29.717	78.763
330	6	1	234.04	99.084	32.998	73.425
331	5	1	208.54	92.838	29.383	78.595
331	6	1	233.45	98.787	31.589	73.425
332	5	1	208	92.796	29.048	78.428
332	6	1	232.86	98.491	30.181	73.425
333	5	1	207.45	92.755	28.713	78.261
333	6	1	232.26	98.194	28.773	73.425
334	5	1	206.91	92.713	28.379	78.093
334	6	1	231.67	97.898	27.365	73.425
335	5	1	206.18	92.817	28.588	77.884
335	6	1	230.46	97.961	27.746	73.234
336	5	1	205.45	92.922	28.797	77.675
336	6	1	229.26	98.025	28.127	73.043
337	5	1	204.71	93.026	29.006	77.466
337	6	1	228.05	98.088	28.509	72.853
338	5	1	203.98	93.131	29.215	77.257
338	6	1	226.84	98.152	28.89	72.662
339	5	1	203.25	93.236	29.424	77.048
339	6	1	225.64	98.215	29.271	72.472
340	5	1	202.52	93.34	29.633	76.839
340	6	1	224.43	98.279	29.652	72.281
341	5	1	201.79	93.445	29.843	76.63
341	6	1	223.22	98.342	30.033	72.091
342	5	1	201.06	93.549	30.052	76.421
342	6	1	222.18	98.244	30.033	71.695
343	5	1	199.87	93.619	30.261	76.281
343	6	1	221.15	98.145	30.033	71.3
344	5	1	198.69	93.689	30.47	76.142
344	6	1	220.11	98.046	30.033	70.905
345	5	1	197.5	93.758	30.679	76.003
345	6	1	219.07	97.947	30.033	70.51
346	5	1	196.32	93.828	30.888	75.863
346	6	1	218.03	97.848	30.033	70.114
347	5	1	195.13	93.898	31.097	75.724
347	6	1	217	97.75	30.033	69.719
348	5	1	193.95	93.967	31.306	75.584
348	6	1	215.96	97.651	30.033	69.324
349	5	1	192.76	94.037	31.515	75.445
349	6	1	214.92	97.552	30.033	68.929
350	5	1	191.58	94.107	31.724	75.306
350	6	1	213.88	97.453	30.033	68.533
351	5	1	190.39	94.176	31.933	75.166
351	6	1	213.31	97.676	31.1	68.4
352	5	1	189.21	94.246	32.143	75.027
352	6	1	212.73	97.898	32.167	68.266
353	5	1	188.02	94.316	32.352	74.887
353	6	1	212.15	98.12	33.235	68.133
354	5	1	186.84	94.386	32.561	74.748
354	6	1	211.57	98.342	34.302	68
355	5	1	186.52	94.333	32.352	74.33
355	6	1	210.99	98.565	35.369	67.866
356	5	1	186.21	94.281	32.143	73.912
356	6	1	210.42	98.787	36.436	67.733
357	5	1	185.9	94.229	31.933	73.493
357	6	1	209.84	99.009	37.503	67.599
358	5	1	185.58	94.176	31.724	73.075
358	6	1	209.26	99.232	38.571	67.466
359	5	1	185.27	94.124	31.515	72.657
359	6	1	208.68	99.454	39.638	67.333
360	5	1	184.96	94.072	31.306	72.239
360	6	1	208.1	99.676	40.705	67.199
361	5	1	184.64	94.02	31.097	71.821
361	6	1	207.47	99.549	40.766	67.199
362	5	1	184.33	93.967	30.888	71.402
362	6	1	206.83	99.422	40.827	67.199
363	5	1	183.86	94.06	30.33	71.356
363	6	1	206.2	99.295	40.888	67.199
364	5	1	183.4	94.153	29.773	71.309
364	6	1	205.56	99.168	39.508	67.199
365	5	1	182.93	94.246	29.215	71.263
365	6	1	204.93	99.041	38.128	67.199
366	5	1	182.47	94.339	28.658	71.217
366	6	1	204.29	98.914	36.749	67.199
367	5	1	182	94.432	28.1	71.17
367	6	1	203.66	98.787	35.369	67.199
368	5	1	181.54	94.525	27.542	71.124
368	6	1	203.02	98.787	34.416	67.199
369	5	1	181.08	94.618	26.985	71.077
369	6	1	202.39	98.787	33.463	67.199
370	5	1	180.61	94.711	26.427	71.031
370	6	1	201.75	98.787	32.51	67.199
371	5	1	180.15	94.804	25.87	70.984
371	6	1	201.12	98.787	31.558	67.199
372	5	1	179.43	94.72	25.953	70.859
372	6	1	200.48	98.787	30.605	67.199
373	5	1	178.72	94.636	26.037	70.733
373	6	1	199.85	98.787	29.652	67.199
374	5	1	178.01	94.553	26.121	70.608
374	6	1	199.21	98.787	28.699	67.199
375	5	1	177.3	94.469	26.204	70.482
375	6	1	198.77	98.851	28.318	66.628
376	5	1	176.59	94.386	26.288	70.357
376	6	1	198.32	98.914	27.937	66.056
377	5	1	175.88	94.302	26.372	70.231
377	6	1	197.88	98.978	27.556	65.484
378	5	1	175.17	94.218	26.455	70.106
378	6	1	197.43	99.041	27.175	64.912
379	5	1	174.46	94.135	26.539	69.981
379	6	1	196.99	99.105	26.793	64.341
380	5	1	173.75	94.051	26.622	69.855
380	6	1	196.54	99.168	26.412	63.769
381	5	1	173.04	93.967	26.706	69.73
381	6	1	196.1	99.232	26.031	63.197
382	5	1	172.37	94.079	27.21	69.338
382	6	1	195.69	99.3	26.922	63.129
383	5	1	171.69	94.191	27.713	68.946
383	6	1	195.28	99.369	27.812	63.061
384	5	1	171.02	94.303	28.217	68.554
384	6	1	194.87	99.437	28.702	62.992
385	5	1	170.35	94.415	28.721	68.163
385	6	1	194.46	99.505	29.593	62.924
386	5	1	169.68	94.527	29.224	67.771
386	6	1	194.05	99.574	30.483	62.855
387	5	1	169.01	94.639	29.728	67.379
387	6	1	193.64	99.642	31.374	62.787
388	5	1	168.34	94.751	30.232	66.988
388	6	1	193.22	99.711	32.264	62.718
389	5	1	168.12	94.751	29.84	66.77
389	6	1	192.81	99.779	33.155	62.65
390	5	1	167.9	94.751	29.448	66.552
390	6	1	192.4	99.847	32.975	62.582
391	5	1	167.68	94.751	29.056	66.335
391	6	1	191.99	99.916	32.795	62.513
392	5	1	167.47	94.751	28.665	66.117
392	6	1	191.58	99.984	32.616	62.445
393	5	1	167.25	94.751	28.273	65.899
393	6	1	191.17	100.05	32.436	62.376
394	5	1	167.03	94.751	27.881	65.682
394	6	1	190.76	100.12	32.256	62.308
395	5	1	166.81	94.751	27.49	65.464
395	6	1	189.65	100.07	31.645	62.141
396	5	1	166.59	94.751	27.098	65.247
396	6	1	188.54	100.01	31.034	61.975
397	5	1	166.38	94.751	26.706	65.029
397	6	1	187.43	99.954	30.422	61.808
398	5	1	165.87	94.79	26.471	65.029
398	6	1	186.32	99.899	29.811	61.641
399	5	1	165.36	94.829	26.236	65.029
399	6	1	185.2	99.843	29.199	61.474
400	5	1	164.85	94.868	26.001	65.029
400	6	1	184.09	99.788	28.588	61.308
401	5	1	164.34	94.907	25.766	65.029
401	6	1	182.98	99.732	27.977	61.141
402	5	1	163.83	94.947	25.531	65.029
402	6	1	181.87	99.676	27.365	60.974
403	5	1	163.32	94.986	25.296	65.029
403	6	1	181.31	99.676	27.408	60.803
404	5	1	162.81	95.025	25.061	65.029
404	6	1	180.76	99.676	27.45	60.633
405	5	1	162.3	95.064	24.826	65.029
405	6	1	180.21	99.676	27.493	60.462
406	5	1	161.79	95.103	24.591	65.029
406	6	1	179.65	99.676	27.536	60.292
407	5	1	161.28	95.143	24.356	65.029
407	6	1	179.1	99.676	27.578	60.121
408	5	1	160.74	95.143	24.416	64.939
408	6	1	178.54	99.676	27.621	59.951
409	5	1	160.2	95.143	24.476	64.848
409	6	1	177.99	99.676	27.664	59.78
410	5	1	159.66	95.143	24.537	64.758
410	6	1	177.43	99.676	27.706	59.609
411	5	1	159.12	95.143	24.597	64.667
411	6	1	176.88	99.676	27.749	59.439
412	5	1	158.57	95.143	24.657	64.577
412	6	1	176.54	99.676	27.989	59.343
413	5	1	158.03	95.143	24.717	64.487
413	6	1	176.21	99.676	28.229	59.247
414	5	1	157.49	95.143	24.778	64.396
414	6	1	175.87	99.676	28.469	59.151
415	5	1	156.95	95.143	24.838	64.306
415	6	1	175.54	99.676	28.708	59.055
416	5	1	156.4	95.143	24.898	64.215
416	6	1	175.2	99.676	28.948	58.959
417	5	1	155.86	95.143	24.958	64.125
417	6	1	174.86	99.676	29.188	58.863
418	5	1	155.32	95.143	25.019	64.035
418	6	1	174.53	99.676	29.428	58.767
419	5	1	154.78	95.143	25.079	63.944
419	6	1	174.19	99.676	29.668	58.671
420	5	1	154.23	95.143	25.139	63.854
420	6	1	174.02	99.719	29.327	58.671
421	5	1	153.81	95.233	25.049	63.613
421	6	1	173.85	99.762	28.986	58.671
422	5	1	153.39	95.323	24.958	63.372
422	6	1	173.68	99.804	28.644	58.671
423	5	1	152.97	95.414	24.868	63.131
423	6	1	173.51	99.847	28.303	58.671
424	5	1	152.55	95.504	24.778	62.89
424	6	1	173.34	99.89	27.962	58.671
425	5	1	152.12	95.595	24.687	62.648
425	6	1	173.17	99.932	27.621	58.671
426	5	1	151.7	95.685	24.597	62.407
426	6	1	173	99.975	27.28	58.671
427	5	1	151.28	95.775	24.506	62.166
427	6	1	172.83	100.02	26.939	58.671
428	5	1	150.86	95.866	24.416	61.925
428	6	1	172.66	100.06	26.598	58.671
429	5	1	150.44	95.956	24.326	61.684
429	6	1	171.85	100.1	26.384	58.373
430	5	1	150.02	96.047	24.235	61.443
430	6	1	171.04	100.15	26.171	58.074
431	5	1	149.59	96.137	24.145	61.202
431	6	1	170.23	100.19	25.958	57.776
432	5	1	149.17	96.227	24.054	60.961
432	6	1	169.42	100.23	25.745	57.477
433	5	1	148.75	96.318	23.964	60.72
433	6	1	168.61	100.27	25.532	57.179
434	5	1	148.33	96.416	23.703	60.622
434	6	1	167.8	100.32	25.318	56.88
435	5	1	147.9	96.514	23.442	60.524
435	6	1	166.99	100.36	25.105	56.582
436	5	1	147.48	96.611	23.181	60.426
436	6	1	166.18	100.4	24.892	56.283
437	5	1	147.05	96.709	22.919	60.328
437	6	1	165.37	100.44	24.679	55.985
438	5	1	146.63	96.807	22.658	60.23
438	6	1	164.98	100.44	24.41	55.908
439	5	1	146.2	96.905	22.397	60.132
439	6	1	164.6	100.44	24.141	55.831
440	5	1	145.78	97.003	22.136	60.034
440	6	1	164.21	100.44	23.873	55.755
441	5	1	145.35	97.101	21.875	59.937
441	6	1	163.83	100.44	23.604	55.678
442	5	1	144.93	97.199	21.614	59.839
442	6	1	163.45	100.44	23.335	55.601
443	5	1	144.51	97.297	21.353	59.741
443	6	1	163.06	100.44	23.067	55.524
444	5	1	144.08	97.395	21.091	59.643
444	6	1	162.68	100.44	22.798	55.448
445	5	1	143.66	97.493	20.83	59.545
445	6	1	162.3	100.44	22.529	55.371
446	5	1	143.02	97.386	21.222	59.402
446	6	1	161.91	100.44	22.261	55.294
447	5	1	142.38	97.279	21.614	59.26
447	6	1	161.53	100.44	21.992	55.217
448	5	1	141.73	97.172	22.005	59.117
448	6	1	161.14	100.54	22.76	54.977
449	5	1	141.09	97.066	22.397	58.975
449	6	1	160.76	100.64	23.527	54.738
450	5	1	140.45	96.959	22.789	58.833
450	6	1	160.38	100.73	24.295	54.498
451	5	1	139.81	96.852	23.181	58.69
451	6	1	159.99	100.83	25.062	54.258
452	5	1	139.17	96.745	23.572	58.548
452	6	1	159.61	100.92	25.83	54.018
453	5	1	138.53	96.638	23.964	58.405
453	6	1	159.23	101.02	26.598	53.778
454	5	1	137.89	96.531	24.356	58.263
454	6	1	158.84	101.12	27.365	53.538
455	5	1	137.25	96.425	24.747	58.12
455	6	1	158.46	101.21	28.133	53.298
456	5	1	136.61	96.318	25.139	57.978
456	6	1	158.24	101.21	27.53	53.298
457	5	1	136.52	96.378	24.747	57.978
457	6	1	158.02	101.21	26.927	53.298
458	5	1	136.43	96.438	24.356	57.978
458	6	1	157.8	101.21	26.323	53.298
459	5	1	136.34	96.498	23.964	57.978
459	6	1	157.58	101.21	25.72	53.298
460	5	1	136.24	96.559	23.572	57.978
460	6	1	157.36	101.21	25.117	53.298
461	5	1	136.15	96.619	23.181	57.978
461	6	1	157.14	101.21	24.514	53.298
462	5	1	136.06	96.679	22.789	57.978
462	6	1	156.92	101.21	23.911	53.298
463	5	1	135.97	96.74	22.397	57.978
463	6	1	156.3	101.21	23.623	53.298
464	5	1	135.88	96.8	22.005	57.978
464	6	1	155.68	101.21	23.335	53.298
465	5	1	135.79	96.86	21.614	57.978
465	6	1	155.05	101.21	23.048	53.298
466	5	1	135.7	96.92	21.222	57.978
466	6	1	154.43	101.21	22.76	53.298
467	5	1	135.61	96.981	20.83	57.978
467	6	1	153.8	101.21	22.472	53.298
468	5	1	135.52	97.041	20.438	57.978
468	6	1	153.18	101.21	22.184	53.298
469	5	1	135.43	97.101	20.047	57.978
469	6	1	152.56	101.21	21.896	53.298
470	5	1	134.98	97.157	20.047	57.894
470	6	1	151.93	101.21	21.608	53.298
471	5	1	134.54	97.213	20.047	57.81
471	6	1	151.5	101.21	21.608	53.298
472	5	1	134.09	97.269	20.047	57.726
472	6	1	151.06	101.21	21.608	53.298
473	5	1	133.64	97.325	20.047	57.642
473	6	1	150.62	101.21	21.608	53.298
474	5	1	133.19	97.381	20.047	57.558
474	6	1	150.18	101.21	21.608	53.298
475	5	1	132.74	97.437	20.047	57.474
475	6	1	149.74	101.21	21.608	53.298
476	5	1	132.3	97.493	20.047	57.39
476	6	1	149.3	101.21	21.608	53.298
477	5	1	131.85	97.549	20.047	57.306
477	6	1	148.86	101.21	21.608	53.298
478	5	1	131.4	97.605	20.047	57.222
478	6	1	148.48	101.21	22.236	53.298
479	5	1	130.95	97.661	20.047	57.138
479	6	1	148.1	101.21	22.864	53.298
480	5	1	130.51	97.717	20.047	57.055
480	6	1	147.71	101.21	23.492	53.298
481	5	1	130.06	97.773	20.047	56.971
481	6	1	147.33	101.21	24.12	53.298
482	5	1	129.61	97.829	20.047	56.887
482	6	1	146.94	101.21	24.748	53.298
483	5	1	129.16	97.885	20.047	56.803
483	6	1	146.56	101.21	25.376	53.298
484	5	1	128.67	97.885	20.373	56.672
484	6	1	146.18	101.21	26.004	53.298
485	5	1	128.18	97.885	20.7	56.542
485	6	1	145.79	101.21	26.632	53.298
486	5	1	127.69	97.885	21.026	56.411
486	6	1	145.41	101.21	27.26	53.298
487	5	1	127.2	97.885	21.353	56.28
487	6	1	145.03	101.21	27.888	53.298
488	5	1	126.72	97.885	21.679	56.15
488	6	1	144.64	101.21	28.516	53.298
489	5	1	126.23	97.885	22.005	56.019
489	6	1	144.64	101.21	28.048	53.298
490	5	1	125.74	97.885	22.332	55.889
490	6	1	144.64	101.21	27.579	53.298
491	5	1	125.25	97.885	22.658	55.758
491	6	1	144.64	101.21	27.11	53.298
492	5	1	124.76	97.885	22.985	55.628
492	6	1	144.64	101.21	26.641	53.298
493	5	1	124.27	97.885	23.311	55.497
493	6	1	144.64	101.21	26.172	53.298
494	5	1	123.78	97.885	23.638	55.366
494	6	1	144.64	101.21	25.703	53.298
495	5	1	123.29	97.885	23.964	55.236
495	6	1	144.64	101.21	25.234	53.298
496	5	1	123.09	97.885	23.886	55.079
496	6	1	144.64	101.21	24.765	53.298
497	5	1	122.9	97.885	23.807	54.922
497	6	1	144.64	101.21	24.296	53.298
498	5	1	122.7	97.885	23.729	54.766
498	6	1	144.2	101.31	24.046	52.986
499	5	1	122.5	97.885	23.651	54.609
499	6	1	143.77	101.4	23.796	52.673
500	5	1	122.31	97.885	23.572	54.452
500	6	1	143.33	101.49	23.546	52.361
501	5	1	122.11	97.885	23.494	54.296
501	6	1	142.89	101.59	23.296	52.048
502	5	1	121.92	97.885	23.416	54.139
502	6	1	142.45	101.68	23.046	51.735
503	5	1	121.72	97.885	23.337	53.982
503	6	1	142.02	101.77	22.796	51.423
504	5	1	121.52	97.885	23.259	53.826
504	6	1	141.58	101.87	22.545	51.11
505	5	1	121.33	97.885	23.181	53.669
505	6	1	141.14	101.96	22.295	50.797
506	5	1	120.58	97.885	23.455	53.63
506	6	1	140.7	102.06	22.045	50.485
507	5	1	119.84	97.885	23.729	53.591
507	6	1	140.3	102.03	22.256	50.25
508	5	1	119.1	97.885	24.003	53.551
508	6	1	139.91	102.01	22.467	50.016
509	5	1	118.35	97.885	24.277	53.512
509	6	1	139.51	101.99	22.678	49.781
510	5	1	117.61	97.885	24.552	53.473
510	6	1	139.11	101.96	22.889	49.547
511	5	1	116.86	97.885	24.826	53.434
511	6	1	138.71	101.94	23.1	49.312
512	5	1	116.12	97.885	25.1	53.395
512	6	1	138.31	101.92	23.311	49.078
513	5	1	115.37	97.885	25.374	53.356
513	6	1	137.91	101.89	23.522	48.844
514	5	1	114.63	97.885	25.648	53.316
514	6	1	137.51	101.87	23.733	48.609
515	5	1	113.89	97.885	25.923	53.277
515	6	1	137.12	101.84	23.944	48.375
516	5	1	113.17	97.885	26.599	53.277
516	6	1	136.72	101.82	24.155	48.14
517	5	1	112.46	97.885	27.276	53.277
517	6	1	136.32	101.8	24.366	47.906
518	5	1	111.75	97.885	27.952	53.277
518	6	1	135.92	101.77	24.577	47.671
519	5	1	111.04	97.885	28.629	53.277
519	6	1	135.85	101.77	24.577	47.671
520	5	1	110.33	97.885	29.306	53.277
520	6	1	135.78	101.77	24.577	47.671
521	5	1	109.61	97.885	29.982	53.277
521	6	1	135.71	101.77	24.577	47.671
522	5	1	108.9	97.885	30.659	53.277
522	6	1	135.64	101.77	24.577	47.671
523	5	1	108.19	97.885	31.336	53.277
523	6	1	135.57	101.77	24.577	47.671
524	5	1	107.48	97.885	32.012	53.277
524	6	1	135.5	101.77	24.577	47.671
525	5	1	106.76	97.885	32.689	53.277
525	6	1	135.43	101.77	24.577	47.671
526	5	1	106.05	97.885	33.365	53.277
526	6	1	135.36	101.77	24.577	47.671
527	5	1	105.55	97.956	33.615	53.064
527	6	1	135.27	101.77	24.155	47.671
528	5	1	105.05	98.027	33.864	52.85
528	6	1	135.19	101.77	23.733	47.671
529	5	1	104.56	98.098	34.113	52.636
529	6	1	135.1	101.77	23.311	47.671
530	5	1	104.06	98.169	34.363	52.423
530	6	1	135.02	101.77	22.889	47.671
531	5	1	103.56	98.241	34.612	52.209
531	6	1	134.93	101.77	22.467	47.671
532	5	1	103.06	98.312	34.861	51.995
532	6	1	134.85	101.77	22.045	47.671
533	5	1	102.56	98.383	35.11	51.782
533	6	1	134.77	101.77	21.623	47.671
534	5	1	102.06	98.454	35.36	51.568
534	6	1	134.68	101.77	21.201	47.671
535	5	1	101.56	98.526	35.609	51.354
535	6	1	134.6	101.77	20.779	47.671
536	5	1	101.07	98.597	35.858	51.141
536	6	1	134.51	101.77	20.357	47.671
537	5	1	100.57	98.668	36.107	50.927
537	6	1	134.03	101.77	20.459	47.569
538	5	1	100.57	98.668	35.683	50.927
538	6	1	133.54	101.77	20.562	47.467
539	5	1	100.57	98.668	35.259	50.927
539	6	1	133.05	101.77	20.664	47.364
540	5	1	100.57	98.668	34.834	50.927
540	6	1	132.57	101.77	20.766	47.262
541	5	1	100.57	98.668	34.41	50.927
541	6	1	132.08	101.77	20.869	47.16
542	5	1	100.57	98.668	33.986	50.927
542	6	1	131.6	101.77	20.971	47.057
543	5	1	100.57	98.668	33.561	50.927
543	6	1	131.11	101.77	21.073	46.955
544	5	1	100.57	98.668	33.137	50.927
544	6	1	130.63	101.77	21.176	46.853
545	5	1	100.57	98.668	32.713	50.927
545	6	1	130.14	101.77	21.278	46.75
546	5	1	100.57	98.668	32.288	50.927
546	6	1	129.65	101.77	21.38	46.648
547	5	1	100.57	98.668	31.864	50.927
547	6	1	129.17	101.77	21.483	46.546
548	5	1	100.57	98.668	31.439	50.927
548	6	1	128.83	101.8	20.408	46.546
549	5	1	100.57	98.668	31.015	50.927
549	6	1	128.5	101.83	21.191	46.546
550	5	1	100.76	98.712	30.688	50.709
550	6	1	128.17	101.85	21.974	46.546
551	5	1	100.96	98.755	30.361	50.491
551	6	1	127.84	101.88	22.756	46.546
552	5	1	101.16	98.799	30.034	50.273
552	6	1	127.5	101.9	23.539	46.546
553	5	1	101.35	98.842	29.708	50.055
553	6	1	127.17	101.93	24.322	46.546
554	5	1	101.55	98.886	29.381	49.837
554	6	1	126.84	101.95	25.104	46.546
555	5	1	101.74	98.93	29.054	49.619
555	6	1	126.51	101.98	25.887	46.546
556	5	1	101.94	98.973	28.727	49.402
556	6	1	126.17	102	26.67	46.546
557	5	1	102.14	99.017	28.4	49.184
557	6	1	125.84	102.03	27.452	46.546
558	5	1	102.33	99.06	28.073	48.966
558	6	1	125.51	102.06	28.235	46.546
559	5	1	102.53	99.104	27.746	48.748
559	6	1	125.51	102.06	27.391	46.546
560	5	1	102.68	99.104	27.445	48.748
560	6	1	125.51	102.06	26.547	46.546
561	5	1	102.83	99.104	27.143	48.748
561	6	1	125.51	102.06	25	46.546
562	5	1	102.98	99.104	26.841	48.748
562	6	1	125.51	102.06	23.452	46.546
563	5	1	103.13	99.104	26.54	48.748
563	6	1	125.51	102.06	21.483	46.546
564	5	1	103.28	99.104	26.238	48.748
564	6	1	125.51	102.06	20.638	46.546
565	5	1	103.43	99.104	25.936	48.748
565	6	1	125.51	102.06	19.794	46.546
566	5	1	103.58	99.104	25.634	48.748
566	6	1	125.51	102.06	18.95	46.546
567	5	1	103.74	99.104	25.333	48.748
567	6	1	125.51	102.06	18.106	46.546
568	5	1	103.89	99.104	25.031	48.748
568	6	1	125.51	102.06	17.262	46.546
569	5	1	104.04	99.104	24.729	48.748
569	6	1	125.51	102.06	16.418	46.546
570	5	1	104.19	99.104	24.428	48.748
570	6	1	125.27	102.06	16.418	46.358
571	5	1	104.34	99.104	24.126	48.748
571	6	1	125.04	102.06	16.418	46.171
572	5	1	104.49	99.104	23.824	48.748
572	6	1	124.81	102.06	16.418	45.983
573	5	1	104.84	99.147	23.192	48.552
573	6	1	124.57	102.06	16.418	45.795
574	5	1	105.19	99.191	22.56	48.356
574	6	1	124.34	102.06	16.418	45.608
575	5	1	105.54	99.235	21.928	48.159
575	6	1	124.1	102.06	16.418	45.42
576	5	1	105.88	99.278	21.297	47.963
576	6	1	123.63	102.06	16.418	45.358
577	5	1	106.23	99.322	20.665	47.767
577	6	1	123.16	102.06	16.418	45.295
578	5	1	106.58	99.365	20.033	47.571
578	6	1	122.7	102.06	16.418	45.233
579	5	1	106.93	99.409	19.401	47.375
579	6	1	122.23	102.06	16.418	45.17
580	5	1	107.28	99.453	18.769	47.179
580	6	1	121.76	102.06	16.418	45.108
581	5	1	107.63	99.496	18.137	46.983
581	6	1	121.29	102.06	16.418	45.045
582	5	1	107.98	99.54	17.505	46.787
582	6	1	120.82	102.06	16.418	44.983
583	5	1	107.67	99.523	17.538	46.787
583	6	1	120.35	102.06	16.418	44.92
584	5	1	107.37	99.506	17.572	46.787
584	6	1	119.88	102.06	16.418	44.858
585	5	1	107.07	99.489	17.606	46.787
585	6	1	119.63	102.09	16.418	44.858
586	5	1	106.77	99.473	17.639	46.787
586	6	1	119.38	102.12	16.418	44.858
587	5	1	106.47	99.456	17.673	46.787
587	6	1	119.13	102.15	16.418	44.858
588	5	1	106.17	99.439	17.706	46.787
588	6	1	118.88	102.18	16.418	44.858
589	5	1	105.86	99.422	17.74	46.787
589	6	1	118.63	102.21	16.418	44.858
590	5	1	105.56	99.406	17.773	46.787
590	6	1	118.38	102.24	16.418	44.858
591	5	1	105.26	99.389	17.807	46.787
591	6	1	118.13	102.27	16.418	44.858
592	5	1	104.96	99.372	17.84	46.787
592	6	1	117.88	102.31	16.418	44.858
593	5	1	104.66	99.355	17.874	46.787
593	6	1	117.63	102.34	16.418	44.858
594	5	1	104.36	99.339	17.907	46.787
594	6	1	117.43	102.4	16.418	44.779
595	5	1	104.05	99.322	17.941	46.787
595	6	1	117.22	102.46	16.418	44.701
596	5	1	103.69	99.443	18.11	46.593
596	6	1	117.02	102.52	16.418	44.623
597	5	1	103.33	99.564	18.28	46.399
597	6	1	116.82	102.59	16.418	44.545
598	5	1	102.96	99.685	18.449	46.206
598	6	1	116.62	102.65	16.418	44.467
599	5	1	102.6	99.806	18.619	46.012
599	6	1	116.41	102.71	16.418	44.389
600	5	1	102.24	99.927	18.788	45.818
600	6	1	116.21	102.77	16.418	44.31
601	5	1	101.87	100.05	18.958	45.625
601	6	1	116.01	102.84	16.418	44.232
602	5	1	101.51	100.17	19.127	45.431
602	6	1	115.8	102.9	16.418	44.154
603	5	1	101.15	100.29	19.297	45.237
603	6	1	115.6	102.96	16.418	44.076
604	5	1	100.79	100.41	19.466	45.043
604	6	1	115.4	103.02	16.418	43.998
605	5	1	100.65	100.39	19.466	45.043
605	6	1	115.19	103.09	16.418	43.92
606	5	1	100.51	100.37	19.466	45.043
606	6	1	114.99	103.15	16.418	43.842
607	5	1	100.37	100.35	19.466	45.043
607	6	1	114.79	103.21	16.418	43.763
608	5	1	100.23	100.33	19.466	45.043
608	6	1	114.58	103.27	16.418	43.685
609	5	1	100.09	100.31	19.466	45.043
609	6	1	114.38	103.34	16.418	43.607
610	5	1	99.953	100.29	19.466	45.043
610	6	1	114.18	103.4	16.418	43.529
611	5	1	99.815	100.27	19.466	45.043
611	6	1	113.97	103.46	16.418	43.451
612	5	1	99.676	100.25	19.466	45.043
612	6	1	113.81	103.46	16.902	43.357
613	5	1	99.537	100.23	19.466	45.043
613	6	1	113.64	103.46	17.386	43.263
614	5	1	99.399	100.21	19.466	45.043
614	6	1	113.47	103.46	17.87	43.169
615	5	1	99.26	100.19	19.466	45.043
615	6	1	113.31	103.46	18.354	43.076
616	5	1	99.108	100.26	19.444	44.934
616	6	1	113.14	103.46	18.838	42.982
617	5	1	98.955	100.32	19.423	44.826
617	6	1	112.97	103.46	19.321	42.888
618	5	1	98.803	100.39	19.401	44.717
618	6	1	112.8	103.46	19.805	42.794
619	5	1	98.65	100.45	19.379	44.608
619	6	1	112.64	103.46	20.289	42.7
620	5	1	98.497	100.52	19.357	44.499
620	6	1	112.47	103.46	20.773	42.607
621	5	1	98.345	100.59	19.335	44.39
621	6	1	112.3	103.46	21.257	42.513
622	5	1	98.192	100.65	19.314	44.281
622	6	1	112.14	103.46	21.741	42.419
623	5	1	98.04	100.72	19.292	44.172
623	6	1	111.97	103.46	22.225	42.325
624	5	1	97.887	100.78	19.27	44.063
624	6	1	111.8	103.46	22.709	42.232
625	5	1	97.735	100.85	19.248	43.954
625	6	1	111.63	103.46	23.193	42.138
626	5	1	97.483	100.8	19.148	43.954
626	6	1	111.47	103.46	23.677	42.044
627	5	1	97.232	100.75	19.047	43.954
627	6	1	111.3	103.46	24.161	41.95
628	5	1	96.98	100.7	18.946	43.954
628	6	1	111.13	103.46	24.644	41.856
629	5	1	96.729	100.65	18.846	43.954
629	6	1	111.14	103.46	24.346	41.763
630	5	1	96.478	100.6	18.745	43.954
630	6	1	111.15	103.46	24.048	41.669
631	5	1	96.226	100.55	18.645	43.954
631	6	1	111.15	103.46	23.75	41.575
632	5	1	95.975	100.5	18.544	43.954
632	6	1	111.16	103.46	23.452	41.481
633	5	1	95.723	100.44	18.444	43.954
633	6	1	111.16	103.46	22.116	41.481
634	5	1	95.472	100.39	18.343	43.954
634	6	1	111.16	103.46	20.779	41.481
635	5	1	95.22	100.34	18.242	43.954
635	6	1	111.16	103.46	19.443	41.481
636	5	1	94.969	100.29	18.142	43.954
636	6	1	111.16	103.46	18.106	41.481
637	5	1	94.718	100.24	18.041	43.954
637	6	1	111.1	103.46	17.794	41.481
638	5	1	94.466	100.19	17.941	43.954
638	6	1	111.04	103.46	17.481	41.481
639	5	1	94.439	100.22	17.9	43.872
639	6	1	110.97	103.46	17.168	41.481
640	5	1	94.412	100.25	17.859	43.79
640	6	1	110.91	103.46	16.856	41.481
641	5	1	94.384	100.28	17.818	43.709
641	6	1	110.85	103.46	16.543	41.481
642	5	1	94.357	100.3	17.777	43.627
642	6	1	110.78	103.46	16.23	41.481
643	5	1	94.33	100.33	17.736	43.545
643	6	1	110.72	103.46	15.918	41.481
644	5	1	94.303	100.36	17.696	43.464
644	6	1	110.66	103.46	15.605	41.481
645	5	1	94.276	100.38	17.655	43.382
645	6	1	110.6	103.46	15.293	41.481
646	5	1	94.248	100.41	17.614	43.3
646	6	1	110.29	103.38	15.293	41.397
647	5	1	94.221	100.44	17.573	43.218
647	6	1	109.98	103.29	15.293	41.312
648	5	1	94.194	100.47	17.532	43.137
648	6	1	109.67	103.21	15.293	41.228
649	5	1	94.167	100.49	17.491	43.055
649	6	1	109.36	103.12	15.293	41.144
650	5	1	94.139	100.52	17.45	42.973
650	6	1	109.05	103.04	15.293	41.059
651	5	1	94.112	100.55	17.41	42.892
651	6	1	108.74	102.96	15.293	40.975
652	5	1	94.085	100.57	17.369	42.81
652	6	1	108.43	102.87	15.293	40.89
653	5	1	94.058	100.6	17.328	42.728
653	6	1	108.12	102.79	15.293	40.806
654	5	1	94.03	100.63	17.287	42.646
654	6	1	107.81	102.7	15.293	40.722
655	5	1	93.834	100.63	17.287	42.538
655	6	1	107.5	102.62	15.293	40.637
656	5	1	93.638	100.63	17.287	42.429
656	6	1	107.41	102.71	15.293	40.637
657	5	1	93.442	100.63	17.287	42.32
657	6	1	107.31	102.81	15.293	40.637
658	5	1	93.246	100.63	17.287	42.211
658	6	1	107.22	102.9	15.293	40.637
659	5	1	93.05	100.63	17.287	42.102
659	6	1	107.13	102.99	15.293	40.637
660	5	1	92.854	100.63	17.287	41.993
660	6	1	107.03	103.09	15.293	40.637
661	5	1	92.658	100.63	17.287	41.884
661	6	1	106.94	103.18	15.293	40.637
662	5	1	92.461	100.63	17.287	41.775
662	6	1	106.79	103.13	15.293	40.56
663	5	1	92.265	100.63	17.287	41.666
663	6	1	106.63	103.08	15.293	40.484
664	5	1	92.069	100.63	17.287	41.557
664	6	1	106.48	103.03	15.293	40.407
665	5	1	91.873	100.63	17.287	41.448
665	6	1	106.33	102.98	15.293	40.33
666	5	1	91.677	100.63	17.287	41.339
666	6	1	106.17	102.93	15.293	40.254
667	5	1	91.481	100.63	17.287	41.23
667	6	1	106.02	102.87	15.293	40.177
668	5	1	91.285	100.63	17.287	41.121
668	6	1	105.87	102.82	15.293	40.1
669	5	1	91.089	100.63	17.287	41.012
669	6	1	105.71	102.77	15.293	40.023
670	5	1	90.893	100.63	17.287	40.903
670	6	1	105.56	102.72	15.293	39.947
671	5	1	90.696	100.63	17.287	40.794
671	6	1	105.4	102.67	15.293	39.87
672	5	1	90.5	100.63	17.287	40.685
672	6	1	105.25	102.62	15.293	39.793
673	5	1	90.304	100.63	17.287	40.576
673	6	1	105.03	102.64	15.293	39.793
674	5	1	90.108	100.63	17.287	40.467
674	6	1	104.8	102.66	15.293	39.793
675	5	1	90.128	100.67	17.188	40.467
675	6	1	104.58	102.67	15.293	39.793
676	5	1	90.148	100.71	17.089	40.467
676	6	1	104.35	102.69	15.293	39.793
677	5	1	90.168	100.75	16.99	40.467
677	6	1	104.13	102.71	15.293	39.793
678	5	1	90.187	100.79	16.891	40.467
678	6	1	103.9	102.73	15.293	39.793
679	5	1	90.207	100.83	16.792	40.467
679	6	1	103.68	102.75	15.293	39.793
680	5	1	90.227	100.87	16.693	40.467
680	6	1	103.45	102.77	15.293	39.793
681	5	1	90.247	100.91	16.594	40.467
681	6	1	103.23	102.79	15.293	39.793
682	5	1	90.267	100.95	16.495	40.467
682	6	1	103	102.81	15.293	39.793
683	5	1	90.286	100.99	16.396	40.467
683	6	1	102.78	102.82	15.293	39.793
684	5	1	90.306	101.03	16.297	40.467
684	6	1	102.55	102.84	15.293	39.793
685	5	1	90.326	101.07	16.198	40.467
685	6	1	102.33	102.86	15.293	39.793
686	5	1	90.233	101.07	16.198	40.44
686	6	1	102.1	102.88	15.293	39.793
687	5	1	90.141	101.07	16.198	40.413
687	6	1	101.88	102.9	15.293	39.793
688	5	1	90.048	101.07	16.198	40.386
688	6	1	101.8	102.93	15.615	39.707
689	5	1	89.956	101.07	16.198	40.358
689	6	1	101.72	102.96	15.938	39.62
690	5	1	89.863	101.07	16.198	40.331
690	6	1	101.65	103	16.26	39.533
691	5	1	89.77	101.07	16.198	40.304
691	6	1	101.57	103.03	16.583	39.447
692	5	1	89.678	101.07	16.198	40.277
692	6	1	101.5	103.06	16.905	39.36
693	5	1	89.585	101.07	16.198	40.25
693	6	1	101.42	103.09	17.228	39.274
694	5	1	89.493	101.07	16.198	40.222
694	6	1	101.34	103.13	17.551	39.187
695	5	1	89.4	101.07	16.198	40.195
695	6	1	101.27	103.16	17.873	39.101
696	5	1	89.307	101.07	16.198	40.168
696	6	1	101.19	103.19	18.196	39.014
697	5	1	89.215	101.07	16.198	40.141
697	6	1	101.12	103.22	18.518	38.927
698	5	1	89.122	101.07	16.198	40.113
698	6	1	101.04	103.26	18.841	38.841
699	5	1	89.029	101.07	16.198	40.086
699	6	1	100.97	103.29	19.163	38.754
700	5	1	88.937	101.07	16.198	40.059
700	6	1	100.89	103.32	19.486	38.668
701	5	1	88.844	101.07	16.198	40.032
701	6	1	100.81	103.35	18.997	38.581
702	5	1	88.752	101.07	16.198	40.004
702	6	1	100.74	103.39	18.508	38.495
703	5	1	88.659	101.07	16.198	39.977
703	6	1	100.66	103.42	17.522	38.408
704	5	1	88.566	101.07	16.198	39.95
704	6	1	100.59	103.45	16.455	38.321
705	5	1	88.474	101.07	16.198	39.923
705	6	1	100.51	103.48	15.388	38.235
706	5	1	88.381	101.07	16.198	39.895
706	6	1	100.44	103.52	15.2	38.148
707	5	1	88.289	101.07	16.198	39.868
707	6	1	100.36	103.55	15.012	38.062
708	5	1	88.196	101.07	16.198	39.841
708	6	1	100.28	103.58	14.825	37.975
709	5	1	88.103	101.07	16.198	39.814
709	6	1	100.21	103.61	14.637	37.889
710	5	1	88.011	101.07	16.198	39.786
710	6	1	100.13	103.65	14.449	37.802
711	5	1	87.918	101.07	16.198	39.759
711	6	1	100.06	103.68	14.261	37.715
712	5	1	87.826	101.07	16.198	39.732
712	6	1	99.981	103.71	14.074	37.629
713	5	1	87.733	101.07	16.198	39.705
713	6	1	99.906	103.74	13.886	37.542
714	5	1	87.64	101.07	16.198	39.678
714	6	1	99.73	103.74	13.886	37.542
715	5	1	87.548	101.07	16.198	39.65
715	6	1	99.554	103.74	13.886	37.542
716	5	1	87.455	101.07	16.198	39.623
716	6	1	99.378	103.74	13.886	37.542
717	5	1	87.363	101.07	16.198	39.596
717	6	1	99.202	103.74	13.886	37.542
718	5	1	87.27	101.07	16.198	39.569
718	6	1	99.026	103.74	13.886	37.542
719	5	1	87.177	101.07	16.198	39.541
719	6	1	98.851	103.74	13.886	37.542
720	5	1	87.085	101.07	16.198	39.514
720	6	1	98.675	103.74	13.886	37.542
721	5	1	86.992	101.07	16.198	39.487
721	6	1	98.499	103.74	13.886	37.542
722	5	1	86.899	101.07	16.198	39.46
722	6	1	98.499	103.74	14.284	37.542
723	5	1	86.807	101.07	16.198	39.432
723	6	1	98.499	103.74	14.683	37.542
724	5	1	86.714	101.07	16.198	39.405
724	6	1	98.499	103.74	15.082	37.542
725	5	1	86.622	101.07	16.198	39.378
725	6	1	98.499	103.74	15.48	37.542
726	5	1	86.544	101.1	16.198	39.368
726	6	1	98.499	103.74	15.879	37.542
727	5	1	86.467	101.13	16.198	39.359
727	6	1	98.499	103.74	16.277	37.542
728	5	1	86.389	101.17	16.198	39.349
728	6	1	98.499	103.74	16.676	37.542
729	5	1	86.312	101.2	16.198	39.339
729	6	1	98.499	103.74	17.075	37.542
730	5	1	86.234	101.23	16.198	39.329
730	6	1	98.499	103.74	17.473	37.542
731	5	1	86.157	101.27	16.198	39.32
731	6	1	98.499	103.74	17.872	37.542
732	5	1	86.079	101.3	16.198	39.31
732	6	1	98.499	103.74	18.27	37.542
733	5	1	86.002	101.34	16.198	39.3
733	6	1	98.499	103.74	18.669	37.542
734	5	1	85.924	101.37	16.198	39.291
734	6	1	98.499	103.69	18.05	37.599
735	5	1	85.847	101.4	16.198	39.281
735	6	1	98.499	103.63	17.431	37.655
736	5	1	85.769	101.44	16.198	39.271
736	6	1	98.499	103.58	16.812	37.711
737	5	1	85.692	101.47	16.198	39.262
737	6	1	98.499	103.52	16.193	37.767
738	5	1	85.614	101.51	16.198	39.252
738	6	1	98.499	103.46	15.574	37.824
739	5	1	85.537	101.54	16.198	39.242
739	6	1	98.53	103.49	15.418	37.761
740	5	1	85.459	101.57	16.198	39.233
740	6	1	98.561	103.53	15.261	37.699
741	5	1	85.382	101.61	16.198	39.223
741	6	1	98.593	103.56	15.105	37.636
742	5	1	85.305	101.64	16.198	39.213
742	6	1	98.624	103.59	14.949	37.574
743	5	1	85.227	101.68	16.198	39.204
743	6	1	98.655	103.62	14.792	37.511
744	5	1	85.15	101.71	16.198	39.194
744	6	1	98.686	103.65	14.636	37.448
745	5	1	85.072	101.74	16.198	39.184
745	6	1	98.718	103.68	14.48	37.386
746	5	1	84.995	101.78	16.198	39.175
746	6	1	98.749	103.71	14.323	37.323
747	5	1	84.917	101.81	16.198	39.165
747	6	1	98.78	103.74	14.167	37.261
748	5	1	84.84	101.84	16.198	39.155
748	6	1	98.619	103.74	14.529	37.261
749	5	1	84.762	101.88	16.198	39.145
749	6	1	98.459	103.74	14.891	37.261
750	5	1	84.685	101.91	16.198	39.136
750	6	1	98.298	103.74	15.252	37.261
751	5	1	84.607	101.95	16.198	39.126
751	6	1	98.137	103.74	15.614	37.261
752	5	1	84.53	101.98	16.198	39.116
752	6	1	97.976	103.74	15.976	37.261
753	5	1	84.452	102.01	16.198	39.107
753	6	1	97.816	103.74	16.338	37.261
754	5	1	84.375	102.05	16.198	39.097
754	6	1	97.655	103.74	16.699	37.261
755	5	1	84.297	102.08	16.198	39.087
755	6	1	97.494	103.74	17.061	37.261
756	5	1	84.22	102.12	16.198	39.078
756	6	1	97.333	103.74	17.423	37.261
757	5	1	84.142	102.15	16.198	39.068
757	6	1	97.172	103.74	17.785	37.261
758	5	1	84.065	102.18	16.198	39.058
758	6	1	97.012	103.74	18.146	37.261
759	5	1	83.987	102.22	16.198	39.049
759	6	1	96.851	103.74	18.508	37.261
760	5	1	83.91	102.25	16.198	39.039
760	6	1	96.69	103.74	18.87	37.261
761	5	1	83.832	102.29	16.198	39.029
761	6	1	96.529	103.74	19.232	37.261
762	5	1	83.755	102.32	16.198	39.02
762	6	1	96.482	103.79	19.232	37.261
763	5	1	83.677	102.35	16.198	39.01
763	6	1	96.436	103.84	19.232	37.261
764	5	1	83.6	102.39	16.198	39
764	6	1	96.389	103.88	19.232	37.261
765	5	1	83.523	102.42	16.198	38.991
765	6	1	96.342	103.93	19.232	37.261
766	5	1	83.445	102.45	16.198	38.981
766	6	1	96.295	103.98	19.232	37.261
767	5	1	83.368	102.49	16.198	38.971
767	6	1	96.248	104.03	19.232	37.261
768	5	1	83.29	102.52	16.198	38.961
768	6	1	96.248	103.99	18.81	37.261
769	5	1	83.213	102.56	16.198	38.952
769	6	1	96.248	103.95	18.388	37.261
770	5	1	83.135	102.59	16.198	38.942
770	6	1	96.248	103.92	17.966	37.261
771	5	1	83.113	102.59	16.225	38.866
771	6	1	96.248	103.88	17.543	37.261
772	5	1	83.091	102.59	16.252	38.79
772	6	1	96.248	103.85	17.121	37.261
773	5	1	83.069	102.59	16.279	38.714
773	6	1	96.248	103.81	16.699	37.261
774	5	1	83.047	102.59	16.306	38.638
774	6	1	96.248	103.78	16.277	37.261
775	5	1	83.025	102.59	16.333	38.562
775	6	1	96.248	103.74	15.855	37.261
776	5	1	83.003	102.59	16.36	38.486
776	6	1	96.295	103.74	15.855	37.261
777	5	1	82.981	102.59	16.387	38.41
777	6	1	96.342	103.74	15.855	37.261
778	5	1	82.96	102.59	16.414	38.334
778	6	1	96.389	103.74	15.855	37.261
779	5	1	82.938	102.59	16.441	38.258
779	6	1	96.436	103.74	15.855	37.261
780	5	1	82.916	102.59	16.468	38.182
780	6	1	96.482	103.74	15.855	37.261
781	5	1	82.894	102.59	16.495	38.106
781	6	1	96.529	103.74	15.855	37.261
782	5	1	82.872	102.59	16.522	38.03
782	6	1	96.529	103.74	16.165	37.176
783	5	1	82.85	102.59	16.549	37.954
783	6	1	96.529	103.74	16.474	37.092
784	5	1	82.828	102.59	16.576	37.878
784	6	1	96.529	103.74	16.784	37.008
785	5	1	82.806	102.59	16.603	37.802
785	6	1	96.529	103.74	17.093	36.923
786	5	1	82.784	102.59	16.63	37.726
786	6	1	96.529	103.74	17.403	36.839
787	5	1	82.762	102.59	16.657	37.65
787	6	1	96.529	103.74	17.712	36.754
788	5	1	82.74	102.59	16.684	37.574
788	6	1	96.529	103.74	18.022	36.67
789	5	1	82.718	102.59	16.711	37.498
789	6	1	96.529	103.74	18.331	36.586
790	5	1	82.696	102.59	16.738	37.422
790	6	1	96.529	103.74	18.641	36.501
791	5	1	82.674	102.59	16.765	37.346
791	6	1	96.529	103.74	18.95	36.417
792	5	1	82.652	102.59	16.792	37.27
792	6	1	96.529	103.74	19.151	36.417
793	5	1	82.63	102.59	16.819	37.194
793	6	1	96.529	103.74	19.352	36.417
794	5	1	82.608	102.59	16.846	37.118
794	6	1	96.529	103.74	19.553	36.417
795	5	1	82.586	102.59	16.873	37.042
795	6	1	96.529	103.74	19.754	36.417
796	5	1	82.564	102.59	16.9	36.966
796	6	1	96.529	103.74	19.955	36.417
797	5	1	82.542	102.59	16.927	36.89
797	6	1	96.529	103.74	20.156	36.417
798	5	1	82.52	102.59	16.954	36.814
798	6	1	96.529	103.74	20.357	36.417
799	5	1	82.498	102.59	16.981	36.738
799	6	1	96.529	103.74	20.216	36.417
800	5	1	82.477	102.59	17.008	36.662
800	6	1	96.529	103.74	20.076	36.417
801	5	1	82.455	102.59	17.035	36.586
801	6	1	96.529	103.74	19.935	36.417
802	5	1	82.433	102.59	17.062	36.51
802	6	1	96.529	103.74	19.794	36.417
803	5	1	82.252	102.59	17.248	36.434
803	6	1	96.529	103.74	19.654	36.417
804	5	1	82.071	102.59	17.434	36.358
804	6	1	96.529	103.74	19.513	36.417
805	5	1	81.89	102.59	17.62	36.282
805	6	1	96.529	103.74	19.031	36.256
806	5	1	81.308	102.59	18.207	36.206
806	6	1	96.529	103.74	18.548	36.095
807	5	1	80.726	102.59	18.794	36.13
807	6	1	96.529	103.74	18.066	35.934
808	5	1	80.144	102.59	19.381	36.054
808	6	1	96.529	103.74	17.584	35.774
809	5	1	79.563	102.59	19.968	35.978
809	6	1	96.529	103.74	17.101	35.613
810	5	1	78.93	102.59	20.605	35.902
810	6	1	96.529	103.74	16.619	35.452
811	5	1	78.298	102.59	21.242	35.826
811	6	1	96.529	103.74	16.137	35.291
812	5	1	77.666	102.59	21.88	35.75
812	6	1	96.555	103.77	16.137	35.215
813	5	1	77.034	102.59	22.517	35.674
813	6	1	96.581	103.8	16.137	35.138
814	5	1	77.034	102.59	22.546	35.572
814	6	1	96.606	103.82	16.137	35.061
815	5	1	77.034	102.59	22.575	35.47
815	6	1	96.632	103.85	16.137	34.984
816	5	1	77.034	102.59	22.604	35.368
816	6	1	96.657	103.87	16.137	34.908
817	5	1	77.034	102.59	22.633	35.267
817	6	1	96.683	103.9	16.137	34.831
818	5	1	77.034	102.59	22.662	35.165
818	6	1	96.708	103.92	16.137	34.754
819	5	1	77.034	102.59	22.691	35.063
819	6	1	96.734	103.95	16.137	34.677
820	5	1	77.034	102.59	22.72	34.962
820	6	1	96.76	103.97	16.137	34.601
821	5	1	77.034	102.59	22.749	34.86
821	6	1	96.785	104	16.137	34.524
822	5	1	77.034	102.59	22.778	34.758
822	6	1	96.811	104.03	16.137	34.447
823	5	1	77.034	102.59	22.807	34.657
823	6	1	96.811	104.08	16.531	34.391
824	5	1	77.034	102.59	22.836	34.555
824	6	1	96.811	104.14	16.924	34.335
825	5	1	77.034	102.59	22.865	34.453
825	6	1	96.811	104.19	17.318	34.278
826	5	1	77.034	102.59	22.894	34.352
826	6	1	96.811	104.25	17.712	34.222
827	5	1	77.034	102.59	22.924	34.25
827	6	1	96.811	104.31	18.106	34.166
828	5	1	77.034	102.59	22.953	34.148
828	6	1	96.811	104.36	18.5	34.11
829	5	1	77.082	102.61	22.953	34.148
829	6	1	96.811	104.42	18.894	34.053
830	5	1	77.131	102.64	22.953	34.148
830	6	1	96.811	104.48	19.288	33.997
831	5	1	77.179	102.66	22.953	34.148
831	6	1	96.811	104.53	19.682	33.941
832	5	1	77.228	102.69	22.953	34.148
832	6	1	96.811	104.59	20.076	33.885
833	5	1	77.276	102.71	22.953	34.148
833	6	1	96.811	104.59	19.626	33.885
834	5	1	77.324	102.74	22.953	34.148
834	6	1	96.811	104.59	19.175	33.885
835	5	1	77.373	102.76	22.953	34.148
835	6	1	96.811	104.59	18.725	33.885
836	5	1	77.421	102.78	22.953	34.148
836	6	1	96.811	104.59	18.275	33.885
837	5	1	77.47	102.81	22.953	34.148
837	6	1	96.811	104.59	17.825	33.885
838	5	1	77.579	103.03	22.953	34.148
838	6	1	96.811	104.59	17.543	33.885
839	5	1	77.688	103.24	22.953	34.148
839	6	1	96.811	104.59	17.262	33.885
