1	1	1	29.76	110.39	41.569	112.36
1	2	1	65.156	113.68	43.215	111.95
1	3	1	105.53	111.21	30.868	93.016
1	4	1	133.93	121.5	34.161	85.608
2	1	1	28.48	110.07	41.478	112.91
2	2	1	63.921	113.34	43.558	112.7
2	3	1	104.45	111.21	31.406	93.364
2	4	1	133.2	121.54	34.498	86.038
3	1	1	27.2	109.75	41.386	113.46
3	2	1	62.686	113	43.901	113.46
3	3	1	103.38	111.21	31.945	93.713
3	4	1	132.47	121.58	34.834	86.468
4	1	1	25.919	109.43	41.295	114.01
4	2	1	61.452	112.65	44.244	114.21
4	3	1	102.3	111.21	32.483	94.061
4	4	1	131.74	121.62	35.171	86.899
5	1	1	24.639	109.11	41.203	114.56
5	2	1	60.217	112.31	44.587	114.97
5	3	1	101.22	111.21	33.021	94.409
5	4	1	131.01	121.65	35.508	87.329
6	1	1	23.358	108.79	41.112	115.1
6	2	1	58.982	111.97	44.93	115.72
6	3	1	100.15	111.21	33.559	94.757
6	4	1	130.28	121.69	35.844	87.759
7	1	1	22.078	108.47	41.02	115.65
7	2	1	57.748	111.63	45.273	116.48
7	3	1	99.07	111.21	34.097	95.106
7	4	1	129.55	121.73	36.181	88.189
8	1	1	20.797	108.15	40.929	116.2
8	2	1	56.513	111.28	45.616	117.23
8	3	1	97.994	111.21	34.636	95.454
8	4	1	128.82	121.77	36.518	88.62
9	1	1	19.517	107.83	40.837	116.75
9	2	1	55.278	110.94	45.959	117.98
9	3	1	96.918	111.21	35.174	95.802
9	4	1	128.09	121.8	36.855	89.05
10	1	1	18.236	107.51	40.746	117.3
10	2	1	54.043	110.6	46.302	118.74
10	3	1	95.841	111.21	35.712	96.15
10	4	1	127.36	121.84	37.191	89.48
11	1	1	16.755	107.18	40.746	117.3
11	2	1	52.809	110.25	46.645	119.49
11	3	1	94.765	111.21	36.25	96.499
11	4	1	126.63	121.88	37.528	89.911
12	1	1	15.273	106.85	40.746	117.3
12	2	1	51.574	109.91	46.988	120.25
12	3	1	93.688	111.21	36.789	96.847
12	4	1	125.9	121.91	37.865	90.341
13	1	1	13.791	106.52	40.746	117.3
13	2	1	50.339	109.57	47.331	121
13	3	1	92.612	111.21	37.327	97.195
13	4	1	125.17	121.95	38.202	90.771
14	1	1	12.31	106.19	40.746	117.3
14	2	1	48.076	109.36	47.588	121.47
14	3	1	91.535	111.21	37.865	97.543
14	4	1	124.44	121.99	38.538	91.201
14	5	1	152.45	119.45	26.341	65.029
15	1	1	10.828	105.86	40.746	117.3
15	2	1	45.812	109.16	47.846	121.93
15	3	1	90.889	111.14	38.022	97.896
15	4	1	123.71	122.03	38.875	91.632
15	5	1	152.34	119.45	26.395	65.154
16	1	1	9.6961	105.86	40.746	117.3
16	2	1	43.548	108.95	48.103	122.39
16	3	1	90.242	111.06	38.179	98.249
16	4	1	122.98	122.06	39.212	92.062
16	5	1	152.23	119.45	26.448	65.279
17	1	1	8.5643	105.86	40.746	117.3
17	2	1	41.285	108.74	48.36	122.86
17	3	1	89.595	110.98	38.335	98.602
17	4	1	122.25	122.1	39.549	92.492
17	5	1	152.13	119.45	26.502	65.405
18	1	1	7.4325	105.86	40.746	117.3
18	2	1	39.021	108.54	48.617	123.32
18	3	1	88.948	110.9	38.492	98.955
18	4	1	121.52	122.14	39.885	92.923
18	5	1	152.02	119.45	26.556	65.53
19	1	1	6.3006	105.86	40.746	117.3
19	2	1	36.757	108.33	48.875	123.78
19	3	1	88.302	110.82	38.649	99.307
19	4	1	120.79	122.18	40.222	93.353
19	5	1	151.91	119.45	26.609	65.655
20	1	1	5.1688	105.86	40.746	117.3
20	2	1	34.494	108.13	49.132	124.24
20	3	1	87.655	110.74	38.806	99.66
20	4	1	120.07	122.21	40.559	93.783
20	5	1	151.8	119.45	26.663	65.781
21	1	1	4.037	105.86	40.746	117.3
21	2	1	32.23	107.92	49.389	124.71
21	3	1	87.008	110.67	38.962	100.01
21	4	1	119.34	122.25	40.896	94.213
21	5	1	151.7	119.45	26.717	65.906
22	1	1	2.9051	105.86	40.746	117.3
22	2	1	29.966	107.72	49.646	125.17
22	3	1	86.361	110.59	39.119	100.37
22	4	1	118.61	122.29	41.232	94.644
22	5	1	151.59	119.45	26.77	66.031
23	1	1	1.7733	105.86	40.746	117.3
23	2	1	27.703	107.51	49.904	125.63
23	3	1	85.715	110.51	39.276	100.72
23	4	1	117.88	122.33	41.569	95.074
23	5	1	151.48	119.45	26.824	66.156
24	2	1	25.439	107.3	50.161	126.1
24	3	1	85.068	110.43	39.433	101.07
24	4	1	117.17	122.28	41.34	95.348
24	5	1	151.37	119.45	26.878	66.282
25	2	1	23.175	107.1	50.418	126.56
25	3	1	84.421	110.35	39.59	101.42
25	4	1	116.46	122.23	41.112	95.623
25	5	1	151.27	119.45	26.931	66.407
26	2	1	20.912	106.89	50.675	127.02
26	3	1	83.774	110.27	39.746	101.78
26	4	1	115.75	122.19	40.883	95.897
26	5	1	151.16	119.45	26.985	66.532
27	2	1	18.648	106.69	50.932	127.49
27	3	1	83.127	110.19	39.903	102.13
27	4	1	115.04	122.14	40.655	96.171
27	5	1	151.05	119.45	27.039	66.657
28	2	1	16.384	106.48	51.19	127.95
28	3	1	82.481	110.12	40.06	102.48
28	4	1	114.33	122.1	40.426	96.446
28	5	1	150.95	119.45	27.092	66.783
29	2	1	14.121	106.27	51.447	128.41
29	3	1	81.834	110.04	40.217	102.84
29	4	1	113.62	122.05	40.197	96.72
29	5	1	150.84	119.45	27.146	66.908
30	2	1	12.657	106.27	52.179	128.87
30	3	1	81.187	109.96	40.374	103.19
30	4	1	112.91	122.01	39.969	96.995
30	5	1	150.73	119.45	27.2	67.033
31	2	1	11.194	106.27	52.91	129.33
31	3	1	80.54	109.88	40.53	103.54
31	4	1	112.21	121.96	39.74	97.269
31	5	1	150.62	119.45	27.253	67.158
32	2	1	9.7304	106.27	53.642	129.78
32	3	1	79.894	109.8	40.687	103.89
32	4	1	111.5	121.91	39.511	97.543
32	5	1	150.52	119.45	27.307	67.284
33	2	1	8.2671	106.27	54.374	130.24
33	3	1	79.247	109.72	40.844	104.25
33	4	1	110.79	121.87	39.283	97.818
33	5	1	150.41	119.45	27.361	67.409
34	2	1	6.8037	106.27	55.105	130.7
34	3	1	78.6	109.65	41.001	104.6
34	4	1	110.08	121.82	39.054	98.092
34	5	1	150.3	119.45	27.415	67.534
35	2	1	5.3403	106.27	55.837	131.16
35	3	1	77.953	109.57	41.158	104.95
35	4	1	109.37	121.78	38.825	98.367
35	5	1	150.19	119.45	27.468	67.659
36	2	1	3.8769	106.27	56.569	131.61
36	3	1	76.822	109.46	41.158	105.53
36	4	1	108.66	121.73	38.597	98.641
36	5	1	150.09	119.45	27.522	67.785
37	2	1	2.4135	106.27	57.3	132.07
37	3	1	75.69	109.36	41.158	106.12
37	4	1	107.95	121.69	38.368	98.915
37	5	1	149.98	119.45	27.576	67.91
38	2	1	0.95016	106.27	58.032	132.53
38	3	1	74.558	109.26	41.158	106.7
38	4	1	107.24	121.64	38.139	99.19
38	5	1	149.71	119.45	27.43	68.162
39	2	1	0.95016	106.27	53.093	132.53
39	3	1	73.426	109.16	41.158	107.28
39	4	1	106.54	121.59	37.911	99.464
39	5	1	149.45	119.45	27.283	68.414
40	2	1	0.95016	106.27	48.154	132.53
40	3	1	72.294	109.05	41.158	107.87
40	4	1	105.83	121.55	37.682	99.738
40	5	1	149.18	119.45	27.137	68.667
41	2	1	0.95016	106.27	43.215	132.53
41	3	1	71.162	108.95	41.158	108.45
41	4	1	105.12	121.5	37.453	100.01
41	5	1	148.92	119.45	26.991	68.919
42	2	1	0.95016	106.27	38.277	132.53
42	3	1	70.031	108.85	41.158	109.03
42	4	1	104.06	121.24	37.336	100.69
42	5	1	148.65	119.45	26.845	69.171
43	2	1	0.95016	106.27	33.338	132.53
43	3	1	68.899	108.74	41.158	109.62
43	4	1	103	120.97	37.218	101.37
43	5	1	148.39	119.45	26.699	69.424
44	3	1	67.767	108.64	41.158	110.2
44	4	1	101.94	120.71	37.101	102.04
44	5	1	148.12	119.45	26.553	69.676
45	3	1	66.635	108.54	41.158	110.78
45	4	1	100.88	120.44	36.983	102.72
45	5	1	147.85	119.45	26.407	69.928
46	3	1	65.503	108.44	41.158	111.37
46	4	1	99.826	120.18	36.865	103.39
46	5	1	147.59	119.45	26.261	70.18
47	3	1	64.371	108.33	41.158	111.95
47	4	1	98.767	119.92	36.748	104.07
47	5	1	147.32	119.45	26.115	70.433
48	3	1	63.274	108.06	40.952	112.26
48	4	1	97.709	119.65	36.63	104.75
48	5	1	147.06	119.45	25.969	70.685
49	3	1	62.176	107.78	40.746	112.57
49	4	1	96.651	119.39	36.513	105.42
49	5	1	146.79	119.45	25.823	70.937
50	3	1	61.079	107.51	40.54	112.87
50	4	1	95.592	119.12	36.395	106.1
50	5	1	146.53	119.45	25.677	71.189
51	3	1	59.981	107.24	40.334	113.18
51	4	1	94.534	118.86	36.277	106.77
51	5	1	146.26	119.45	25.531	71.442
52	3	1	58.884	106.96	40.129	113.49
52	4	1	93.476	118.59	36.16	107.45
52	5	1	146	119.45	25.385	71.694
53	3	1	57.786	106.69	39.923	113.8
53	4	1	92.417	118.33	36.042	108.13
53	5	1	145.73	119.45	25.239	71.946
54	3	1	56.689	106.41	39.717	114.11
54	4	1	91.359	118.06	35.925	108.8
54	5	1	145.47	119.45	25.093	72.198
55	3	1	55.591	106.14	39.511	114.42
55	4	1	90.301	117.8	35.807	109.48
55	5	1	145.2	119.45	24.947	72.451
56	3	1	54.494	105.86	39.305	114.73
56	4	1	88.63	117.7	35.855	109.87
56	5	1	144.93	119.45	24.801	72.703
56	6	1	120.35	118.21	23.871	74.495
57	3	1	53.396	105.59	39.1	115.04
57	4	1	86.96	117.61	35.904	110.25
57	5	1	144.67	119.45	24.655	72.955
57	6	1	119.9	118.14	24.05	74.817
58	3	1	52.298	105.31	38.894	115.34
58	4	1	85.289	117.51	35.952	110.64
58	5	1	144.4	119.45	24.509	73.207
58	6	1	119.45	118.07	24.229	75.139
59	3	1	51.201	105.04	38.688	115.65
59	4	1	83.619	117.41	36.001	111.03
59	5	1	144.14	119.45	24.363	73.46
59	6	1	119	118	24.408	75.461
60	3	1	49.452	104.86	38.791	116.14
60	4	1	81.948	117.31	36.049	111.42
60	5	1	143.87	119.45	24.217	73.712
60	6	1	118.56	117.92	24.587	75.784
61	3	1	47.703	104.68	38.894	116.63
61	4	1	80.278	117.22	36.098	111.8
61	5	1	143.61	119.45	24.071	73.964
61	6	1	118.11	117.85	24.766	76.106
62	3	1	45.953	104.5	38.997	117.12
62	4	1	78.607	117.12	36.146	112.19
62	5	1	143.34	119.45	23.924	74.216
62	6	1	117.66	117.78	24.945	76.428
63	3	1	44.204	104.32	39.1	117.61
63	4	1	76.937	117.02	36.194	112.58
63	5	1	143.08	119.45	23.778	74.469
63	6	1	117.21	117.71	25.124	76.75
64	3	1	42.455	104.14	39.203	118.1
64	4	1	75.266	116.93	36.243	112.97
64	5	1	142.81	119.45	23.632	74.721
64	6	1	116.77	117.64	25.303	77.072
65	3	1	40.706	103.96	39.305	118.59
65	4	1	73.596	116.83	36.291	113.35
65	5	1	142.54	119.45	23.486	74.973
65	6	1	116.32	117.57	25.482	77.394
66	3	1	38.957	103.78	39.408	119.07
66	4	1	71.925	116.73	36.34	113.74
66	5	1	142.28	119.45	23.34	75.225
66	6	1	115.87	117.49	25.661	77.716
67	3	1	37.207	103.6	39.511	119.56
67	4	1	70.254	116.64	36.388	114.13
67	5	1	142.01	119.45	23.194	75.478
67	6	1	115.42	117.42	25.84	78.038
68	3	1	35.458	103.42	39.614	120.05
68	4	1	68.584	116.54	36.437	114.51
68	5	1	141.75	119.45	23.048	75.73
68	6	1	114.98	117.35	26.019	78.36
69	3	1	33.709	103.24	39.717	120.54
69	4	1	66.913	116.44	36.485	114.9
69	5	1	141.38	119.4	23.105	76.085
69	6	1	114.53	117.28	26.198	78.683
70	3	1	31.96	103.06	39.82	121.03
70	4	1	65.243	116.35	36.533	115.29
70	5	1	141.01	119.36	23.162	76.44
70	6	1	114.08	117.21	26.377	79.005
71	3	1	30.211	102.88	39.923	121.52
71	4	1	63.572	116.25	36.582	115.68
71	5	1	140.64	119.32	23.219	76.794
71	6	1	113.64	117.14	26.556	79.327
72	3	1	28.461	102.7	40.026	122.01
72	4	1	61.902	116.15	36.63	116.06
72	5	1	140.27	119.28	23.275	77.149
72	6	1	113.19	117.07	26.735	79.649
73	3	1	26.712	102.52	40.129	122.5
73	4	1	59.609	115.89	36.895	116.48
73	5	1	139.9	119.23	23.332	77.504
73	6	1	112.74	116.99	26.913	79.971
74	3	1	24.963	102.34	40.232	122.98
74	4	1	57.316	115.62	37.159	116.89
74	5	1	139.53	119.19	23.389	77.859
74	6	1	112.29	116.92	27.092	80.293
75	3	1	23.214	102.16	40.334	123.47
75	4	1	55.023	115.36	37.424	117.3
75	5	1	139.16	119.15	23.446	78.214
75	6	1	111.85	116.85	27.271	80.615
76	3	1	20.991	102.12	40.869	123.84
76	4	1	52.73	115.09	37.689	117.71
76	5	1	138.8	119.1	23.502	78.568
76	6	1	111.4	116.78	27.45	80.937
77	3	1	18.769	102.08	41.405	124.21
77	4	1	50.437	114.83	37.953	118.12
77	5	1	138.43	119.06	23.559	78.923
77	6	1	110.95	116.71	27.629	81.259
78	3	1	16.546	102.04	41.94	124.58
78	4	1	48.144	114.57	38.218	118.53
78	5	1	138.06	119.02	23.616	79.278
78	6	1	110.5	116.64	27.808	81.581
79	3	1	14.324	101.99	42.475	124.95
79	4	1	45.85	114.3	38.482	118.95
79	5	1	137.69	118.98	23.673	79.633
79	6	1	110.06	116.56	27.987	81.904
80	3	1	12.101	101.95	43.01	125.32
80	4	1	43.557	114.04	38.747	119.36
80	5	1	137.32	118.93	23.729	79.988
80	6	1	109.46	116.55	28.044	82.173
81	3	1	9.8788	101.91	43.545	125.7
81	4	1	41.264	113.77	39.011	119.77
81	5	1	136.95	118.89	23.786	80.342
81	6	1	108.86	116.54	28.101	82.443
82	3	1	7.6563	101.87	44.08	126.07
82	4	1	38.971	113.51	39.276	120.18
82	5	1	136.58	118.85	23.843	80.697
82	6	1	108.27	116.52	28.157	82.712
83	3	1	5.4338	101.83	44.615	126.44
83	4	1	36.678	113.24	39.541	120.59
83	5	1	136.21	118.81	23.9	81.052
83	6	1	107.67	116.51	28.214	82.982
84	3	1	3.2113	101.79	45.15	126.81
84	4	1	34.385	112.98	39.805	121
84	5	1	135.84	118.76	23.957	81.407
84	6	1	107.08	116.49	28.271	83.252
85	3	1	0.98875	101.75	45.685	127.18
85	4	1	32.092	112.71	40.07	121.41
85	5	1	135.47	118.72	24.013	81.762
85	6	1	106.48	116.48	28.328	83.521
86	4	1	29.799	112.45	40.334	121.83
86	5	1	135.11	118.68	24.07	82.116
86	6	1	105.88	116.46	28.385	83.791
87	4	1	26.598	112.45	41.889	122.56
87	5	1	134.74	118.64	24.127	82.471
87	6	1	105.29	116.45	28.441	84.061
88	4	1	23.397	112.45	43.444	123.29
88	5	1	134.37	118.59	24.184	82.826
88	6	1	104.69	116.44	28.498	84.33
89	4	1	20.196	112.45	44.999	124.02
89	5	1	134	118.55	24.24	83.181
89	6	1	104.1	116.42	28.555	84.6
90	4	1	16.994	112.45	46.554	124.75
90	5	1	133.63	118.51	24.297	83.536
90	6	1	103.5	116.41	28.612	84.87
91	4	1	13.793	112.45	48.109	125.48
91	5	1	133.26	118.47	24.354	83.89
91	6	1	102.9	116.39	28.668	85.139
92	4	1	10.592	112.45	49.663	126.22
92	5	1	132.89	118.42	24.411	84.245
92	6	1	102.31	116.38	28.725	85.409
93	4	1	7.391	112.45	51.218	126.95
93	5	1	132.52	118.38	24.467	84.6
93	6	1	101.71	116.37	28.782	85.679
94	4	1	4.1899	112.45	52.773	127.68
94	5	1	132.15	118.34	24.524	84.955
94	6	1	101.12	116.35	28.839	85.948
95	4	1	0.98875	112.45	54.328	128.41
95	5	1	131.78	118.3	24.581	85.31
95	6	1	100.52	116.34	28.895	86.218
96	4	1	0.98875	111.95	51.365	128.91
96	5	1	131.42	118.25	24.638	85.664
96	6	1	99.923	116.32	28.952	86.488
97	4	1	0.98875	111.46	48.401	129.4
97	5	1	131.05	118.21	24.695	86.019
97	6	1	99.327	116.31	29.009	86.757
97	7	1	156.15	127.27	15.228	36.63
98	4	1	0.98875	110.97	45.438	129.89
98	5	1	130.34	118.14	24.854	86.351
98	6	1	98.731	116.29	29.066	87.027
98	7	1	156.15	127.29	15.228	36.715
99	4	1	0.98875	110.47	42.475	130.39
99	5	1	129.64	118.08	25.013	86.683
99	6	1	98.135	116.28	29.123	87.297
99	7	1	156.15	127.32	15.228	36.801
100	4	1	0.98875	109.98	39.511	130.88
100	5	1	128.94	118.01	25.172	87.015
100	6	1	97.539	116.27	29.179	87.566
100	7	1	156.15	127.35	15.228	36.886
101	5	1	128.23	117.95	25.332	87.347
101	6	1	96.943	116.25	29.236	87.836
101	7	1	156.15	127.38	15.228	36.971
102	5	1	127.53	117.88	25.491	87.679
102	6	1	96.347	116.24	29.293	88.106
102	7	1	156.15	127.41	15.228	37.056
103	5	1	126.82	117.81	25.65	88.011
103	6	1	95.75	116.22	29.35	88.375
103	7	1	156.15	127.44	15.228	37.141
104	5	1	126.12	117.75	25.81	88.343
104	6	1	95.154	116.21	29.406	88.645
104	7	1	156.15	127.46	15.228	37.226
105	5	1	125.42	117.68	25.969	88.675
105	6	1	94.558	116.2	29.463	88.915
105	7	1	156.15	127.49	15.228	37.311
106	5	1	124.71	117.61	26.128	89.007
106	6	1	93.962	116.18	29.52	89.184
106	7	1	156.15	127.52	15.228	37.397
107	5	1	124.01	117.55	26.288	89.338
107	6	1	93.366	116.17	29.577	89.454
107	7	1	156.15	127.55	15.228	37.482
108	5	1	123.31	117.48	26.447	89.67
108	6	1	92.77	116.15	29.633	89.723
108	7	1	156.15	127.58	15.228	37.567
109	5	1	122.6	117.41	26.606	90.002
109	6	1	91.815	116.02	29.913	90.194
109	7	1	156.15	127.61	15.228	37.652
110	5	1	121.9	117.35	26.766	90.334
110	6	1	90.859	115.89	30.192	90.664
110	7	1	156.15	127.63	15.228	37.737
111	5	1	121.2	117.28	26.925	90.666
111	6	1	89.904	115.76	30.471	91.135
111	7	1	156.15	127.66	15.228	37.822
112	5	1	120.49	117.21	27.084	90.998
112	6	1	88.948	115.62	30.751	91.605
112	7	1	156.15	127.69	15.228	37.908
113	5	1	119.79	117.15	27.244	91.33
113	6	1	87.993	115.49	31.03	92.075
113	7	1	156.15	127.72	15.228	37.993
114	5	1	119.08	117.08	27.403	91.662
114	6	1	87.037	115.36	31.309	92.546
114	7	1	156.15	127.75	15.228	38.078
115	5	1	118.38	117.02	27.562	91.994
115	6	1	86.082	115.23	31.588	93.016
115	7	1	156.15	127.78	15.228	38.163
116	5	1	117.68	116.95	27.722	92.326
116	6	1	85.127	115.09	31.868	93.486
116	7	1	156.15	127.8	15.228	38.248
117	5	1	116.97	116.88	27.881	92.658
117	6	1	84.171	114.96	32.147	93.957
117	7	1	156.15	127.83	15.228	38.333
118	5	1	116.27	116.82	28.04	92.99
118	6	1	83.216	114.83	32.426	94.427
118	7	1	156.15	127.86	15.228	38.418
119	5	1	115.57	116.75	28.2	93.321
119	6	1	82.26	114.7	32.706	94.898
119	7	1	156.15	127.89	15.228	38.504
120	5	1	114.86	116.68	28.359	93.653
120	6	1	81.305	114.57	32.985	95.368
120	7	1	156.15	127.92	15.228	38.589
121	5	1	114.16	116.62	28.518	93.985
121	6	1	80.349	114.43	33.264	95.838
121	7	1	156.15	127.95	15.228	38.674
122	5	1	113.46	116.55	28.678	94.317
122	6	1	79.394	114.3	33.543	96.309
122	7	1	156.15	127.97	15.228	38.759
123	5	1	112.75	116.48	28.837	94.649
123	6	1	78.438	114.17	33.823	96.779
123	7	1	156.15	128	15.228	38.844
124	5	1	112.05	116.42	28.996	94.981
124	6	1	77.483	114.04	34.102	97.249
124	7	1	156.15	128.03	15.228	38.929
125	5	1	111.34	116.35	29.155	95.313
125	6	1	76.528	113.9	34.381	97.72
125	7	1	156.15	128.06	15.228	39.015
126	5	1	110.64	116.29	29.315	95.645
126	6	1	75.572	113.77	34.661	98.19
126	7	1	156.15	128.09	15.228	39.1
127	5	1	109.94	116.22	29.474	95.977
127	6	1	74.617	113.64	34.94	98.661
127	7	1	156.09	128.09	15.38	39.175
128	5	1	109.23	116.15	29.633	96.309
128	6	1	73.661	113.51	35.219	99.131
128	7	1	156.02	128.09	15.532	39.251
129	5	1	108.28	115.92	29.814	96.977
129	6	1	72.706	113.37	35.498	99.601
129	7	1	155.96	128.09	15.683	39.327
130	5	1	107.33	115.69	29.994	97.646
130	6	1	71.75	113.24	35.778	100.07
130	7	1	155.89	128.09	15.835	39.403
131	5	1	106.38	115.46	30.174	98.315
131	6	1	70.795	113.11	36.057	100.54
131	7	1	155.83	128.09	15.986	39.479
131	8	1	136.4	121.71	17.904	42.804
132	5	1	105.43	115.23	30.354	98.984
132	6	1	69.839	112.98	36.336	101.01
132	7	1	155.76	128.09	16.138	39.555
132	8	1	136.37	121.71	17.904	42.903
133	5	1	104.47	115	30.534	99.653
133	6	1	68.884	112.85	36.616	101.48
133	7	1	155.7	128.09	16.29	39.63
133	8	1	136.34	121.71	17.904	43.003
134	5	1	103.52	114.76	30.714	100.32
134	6	1	67.929	112.71	36.895	101.95
134	7	1	155.63	128.09	16.441	39.706
134	8	1	136.32	121.71	17.904	43.103
135	5	1	102.57	114.53	30.894	100.99
135	6	1	66.973	112.58	37.174	102.42
135	7	1	155.57	128.09	16.593	39.782
135	8	1	136.29	121.71	17.904	43.202
136	5	1	101.62	114.3	31.074	101.66
136	6	1	66.018	112.45	37.453	102.89
136	7	1	155.5	128.09	16.745	39.858
136	8	1	136.26	121.71	17.904	43.302
137	5	1	100.67	114.07	31.254	102.33
137	6	1	64.489	112.39	37.571	103.36
137	7	1	155.44	128.09	16.896	39.934
137	8	1	136.24	121.71	17.904	43.401
138	5	1	99.715	113.84	31.434	103
138	6	1	62.96	112.33	37.689	103.83
138	7	1	155.37	128.09	17.048	40.009
138	8	1	136.21	121.71	17.904	43.501
139	5	1	98.764	113.61	31.614	103.67
139	6	1	61.432	112.27	37.806	104.31
139	7	1	155.31	128.09	17.2	40.085
139	8	1	136.18	121.71	17.904	43.6
140	5	1	97.812	113.37	31.794	104.33
140	6	1	59.903	112.21	37.924	104.78
140	7	1	155.24	128.09	17.351	40.161
140	8	1	136.16	121.71	17.904	43.7
141	5	1	96.86	113.14	31.974	105
141	6	1	58.374	112.15	38.041	105.25
141	7	1	155.18	128.09	17.503	40.237
141	8	1	136.13	121.71	17.904	43.8
142	5	1	95.908	112.91	32.154	105.67
142	6	1	56.845	112.1	38.159	105.72
142	7	1	155.11	128.09	17.654	40.313
142	8	1	136.11	121.71	17.904	43.899
143	5	1	94.957	112.68	32.334	106.34
143	6	1	55.317	112.04	38.277	106.19
143	7	1	155.05	128.09	17.806	40.389
143	8	1	136.08	121.71	17.904	43.999
144	5	1	94.005	112.45	32.514	107.01
144	6	1	53.788	111.98	38.394	106.66
144	7	1	154.98	128.09	17.958	40.464
144	8	1	136.05	121.71	17.904	44.098
145	5	1	91.86	112.49	33.533	107.46
145	6	1	52.259	111.92	38.512	107.13
145	7	1	154.92	128.09	18.109	40.54
145	8	1	136.03	121.71	17.904	44.198
146	5	1	89.716	112.54	34.551	107.92
146	6	1	50.731	111.86	38.629	107.6
146	7	1	154.85	128.09	18.261	40.616
146	8	1	136	121.71	17.904	44.297
147	5	1	87.571	112.58	35.569	108.37
147	6	1	49.202	111.8	38.747	108.07
147	7	1	154.79	128.09	18.413	40.692
147	8	1	135.97	121.71	17.904	44.397
148	5	1	85.427	112.62	36.587	108.83
148	6	1	47.673	111.74	38.864	108.54
148	7	1	154.72	128.09	18.564	40.768
148	8	1	135.95	121.71	17.904	44.497
149	5	1	83.282	112.67	37.605	109.28
149	6	1	46.144	111.68	38.982	109.01
149	7	1	154.66	128.09	18.716	40.843
149	8	1	135.92	121.71	17.904	44.596
150	5	1	81.138	112.71	38.623	109.74
150	6	1	44.616	111.63	39.1	109.48
150	7	1	154.59	128.09	18.867	40.919
150	8	1	135.89	121.71	17.904	44.696
151	5	1	78.993	112.75	39.641	110.19
151	6	1	42.857	111.55	39.773	109.82
151	7	1	154.53	128.09	19.019	40.995
151	8	1	135.87	121.71	17.904	44.795
152	5	1	76.849	112.8	40.659	110.65
152	6	1	41.099	111.48	40.447	110.15
152	7	1	154.46	128.09	19.171	41.071
152	8	1	135.84	121.71	17.904	44.895
153	5	1	74.704	112.84	41.677	111.1
153	6	1	39.34	111.4	41.12	110.49
153	7	1	154.4	128.09	19.322	41.147
153	8	1	135.81	121.71	17.904	44.995
154	5	1	72.56	112.88	42.696	111.56
154	6	1	37.582	111.33	41.794	110.83
154	7	1	154.33	128.09	19.474	41.223
154	8	1	135.79	121.71	17.904	45.094
155	5	1	70.415	112.93	43.714	112.01
155	6	1	35.823	111.25	42.467	111.16
155	7	1	154.27	128.09	19.626	41.298
155	8	1	135.76	121.71	17.904	45.194
156	5	1	68.271	112.97	44.732	112.47
156	6	1	34.064	111.18	43.141	111.5
156	7	1	154.2	128.09	19.777	41.374
156	8	1	135.73	121.71	17.904	45.293
157	5	1	66.126	113.01	45.75	112.92
157	6	1	32.306	111.1	43.814	111.84
157	7	1	154.14	128.09	19.929	41.45
157	8	1	135.71	121.71	17.904	45.393
158	5	1	63.981	113.06	46.768	113.38
158	6	1	30.547	111.03	44.488	112.17
158	7	1	154.07	128.09	20.081	41.526
158	8	1	135.68	121.71	17.904	45.492
159	5	1	61.837	113.1	47.786	113.83
159	6	1	28.789	110.95	45.161	112.51
159	7	1	154.01	128.09	20.232	41.602
159	8	1	135.65	121.71	17.904	45.592
160	5	1	59.692	113.14	48.804	114.29
160	6	1	27.03	110.88	45.835	112.85
160	7	1	153.94	128.09	20.384	41.677
160	8	1	135.63	121.71	17.904	45.692
161	5	1	57.548	113.19	49.822	114.74
161	6	1	25.272	110.8	46.508	113.18
161	7	1	153.88	128.09	20.535	41.753
161	8	1	135.6	121.71	17.904	45.791
162	5	1	55.403	113.23	50.84	115.2
162	6	1	22.574	110.44	46.508	113.91
162	7	1	153.81	128.09	20.687	41.829
162	8	1	135.57	121.71	17.904	45.891
163	5	1	53.259	113.27	51.859	115.65
163	6	1	19.875	110.07	46.508	114.65
163	7	1	153.75	128.09	20.839	41.905
163	8	1	135.55	121.63	17.904	46.029
164	5	1	51.056	113.13	52.536	116.04
164	6	1	17.177	109.7	46.508	115.38
164	7	1	153.68	128.09	20.99	41.981
164	8	1	135.53	121.56	17.904	46.168
165	5	1	48.853	112.98	53.214	116.43
165	6	1	14.479	109.34	46.508	116.11
165	7	1	153.67	128.09	21.007	42.014
165	8	1	135.5	121.48	17.904	46.307
166	5	1	46.649	112.84	53.892	116.81
166	6	1	11.781	108.97	46.508	116.84
166	7	1	153.65	128.09	21.023	42.047
166	8	1	135.48	121.4	17.904	46.446
167	5	1	44.446	112.69	54.57	117.2
167	6	1	9.0831	108.61	46.508	117.57
167	7	1	153.63	128.09	21.04	42.079
167	8	1	135.45	121.33	17.904	46.585
168	5	1	42.243	112.55	55.248	117.59
168	6	1	6.385	108.24	46.508	118.31
168	7	1	153.62	128.09	21.056	42.112
168	8	1	135.43	121.25	17.904	46.723
169	5	1	40.04	112.4	55.926	117.98
169	6	1	3.6869	107.88	46.508	119.04
169	7	1	153.6	128.09	21.073	42.145
169	8	1	135.41	121.17	17.904	46.862
170	5	1	37.837	112.25	56.604	118.36
170	6	1	0.98875	107.51	46.508	119.77
170	7	1	153.58	128.09	21.089	42.178
170	8	1	135.38	121.1	17.904	47.001
171	5	1	35.634	112.11	57.282	118.75
171	6	1	0.98875	107.51	44.862	119.77
171	7	1	153.57	128.09	21.106	42.211
171	8	1	135.36	121.02	17.904	47.14
172	5	1	33.431	111.96	57.96	119.14
172	6	1	0.98875	107.51	43.215	119.77
172	7	1	153.55	128.09	21.122	42.244
172	8	1	135.33	120.94	17.904	47.279
173	5	1	31.227	111.82	58.637	119.53
173	6	1	0.98875	107.51	41.569	119.77
173	7	1	153.54	128.09	21.139	42.277
173	8	1	135.31	120.87	17.904	47.417
174	5	1	29.024	111.67	59.315	119.91
174	6	1	0.98875	107.51	39.923	119.77
174	7	1	153.52	128.09	21.155	42.31
174	8	1	135.29	120.79	17.904	47.556
175	5	1	26.821	111.53	59.993	120.3
175	6	1	0.98875	107.51	38.551	119.77
175	7	1	153.5	128.09	21.171	42.343
175	8	1	135.26	120.71	17.904	47.695
176	5	1	24.618	111.38	60.671	120.69
176	6	1	0.98875	107.51	37.179	119.77
176	7	1	153.49	128.09	21.188	42.376
176	8	1	135.24	120.64	17.904	47.834
177	5	1	22.415	111.24	61.349	121.08
177	6	1	0.98875	107.51	35.807	119.77
177	7	1	153.47	128.09	21.204	42.409
177	8	1	135.22	120.56	17.904	47.972
178	5	1	20.212	111.09	62.027	121.46
178	7	1	153.45	128.09	21.221	42.442
178	8	1	135.19	120.48	17.904	48.111
179	5	1	18.009	110.95	62.705	121.85
179	7	1	153.44	128.09	21.237	42.475
179	8	1	135.17	120.41	17.904	48.25
180	5	1	15.805	110.8	63.383	122.24
180	7	1	153.42	128.09	21.254	42.508
180	8	1	135.14	120.33	17.904	48.389
181	5	1	14.241	110.27	62.024	123.23
181	7	1	153.4	128.09	21.27	42.54
181	8	1	135.12	120.25	17.904	48.528
182	5	1	12.677	109.73	60.666	124.21
182	7	1	153.39	128.09	21.287	42.573
182	8	1	135.1	120.18	17.904	48.666
183	5	1	11.114	109.2	59.308	125.2
183	7	1	153.37	128.09	21.303	42.606
183	8	1	135.07	120.1	17.904	48.805
184	5	1	9.5495	108.66	57.95	126.19
184	7	1	153.35	128.09	21.32	42.639
184	8	1	135.05	120.02	17.904	48.944
185	5	1	7.9855	108.13	56.592	127.18
185	7	1	153.34	128.09	21.336	42.672
185	8	1	135.02	119.95	17.904	49.083
186	5	1	6.4215	107.59	55.233	128.16
186	7	1	153.32	128.09	21.353	42.705
186	8	1	135	119.87	17.904	49.222
187	5	1	4.8576	107.06	53.875	129.15
187	7	1	153.3	128.09	21.369	42.738
187	8	1	134.98	119.79	17.904	49.36
188	5	1	3.2936	106.52	52.517	130.14
188	7	1	153.29	128.09	21.385	42.771
188	8	1	134.95	119.72	17.904	49.499
189	5	1	1.7296	105.99	51.159	131.13
189	7	1	153.27	128.09	21.402	42.804
189	8	1	134.93	119.64	17.904	49.638
190	5	1	0.16559	105.45	49.801	132.12
190	7	1	153.27	128.03	21.458	42.925
190	8	1	134.9	119.56	17.904	49.777
191	5	1	0.16559	105.45	46.92	132.12
191	7	1	153.27	127.98	21.515	43.046
191	8	1	134.88	119.49	17.904	49.916
192	5	1	0.16559	105.45	44.039	132.12
192	7	1	153.27	127.92	21.571	43.167
192	8	1	134.86	119.41	17.904	50.054
193	5	1	0.16559	105.45	41.158	132.12
193	7	1	153.27	127.86	21.628	43.288
193	8	1	134.83	119.34	17.904	50.193
194	5	1	0.16559	105.45	38.277	132.12
194	7	1	153.27	127.81	21.684	43.409
194	8	1	134.81	119.26	17.904	50.332
195	7	1	153.27	127.75	21.741	43.53
195	8	1	134.78	119.18	17.904	50.471
196	7	1	153.27	127.69	21.797	43.651
196	8	1	134.76	119.11	17.904	50.609
197	7	1	153.27	127.64	21.854	43.772
197	8	1	134.74	119.03	17.904	50.748
198	7	1	153.27	127.58	21.91	43.893
198	8	1	134.71	118.95	17.904	50.887
199	7	1	153.27	127.52	21.967	44.014
199	8	1	134.69	118.88	17.904	51.026
200	7	1	153.27	127.47	22.023	44.135
200	8	1	134.66	118.8	17.904	51.165
201	7	1	153.27	127.41	22.08	44.256
201	8	1	134.64	118.72	17.904	51.303
202	7	1	153.27	127.35	22.136	44.378
202	8	1	134.62	118.65	17.904	51.442
203	7	1	153.27	127.3	22.193	44.499
203	8	1	134.59	118.57	17.904	51.581
204	7	1	153.27	127.24	22.249	44.62
204	8	1	134.57	118.49	17.904	51.72
205	7	1	153.27	127.18	22.306	44.741
205	8	1	134.55	118.42	17.904	51.859
206	7	1	153.27	127.13	22.362	44.862
206	8	1	134.26	118.42	18.152	51.919
207	7	1	153.27	127.07	22.419	44.983
207	8	1	133.98	118.42	18.401	51.979
208	7	1	153.27	127.02	22.475	45.104
208	8	1	133.7	118.42	18.65	52.039
209	7	1	153.27	126.96	22.532	45.225
209	8	1	133.41	118.42	18.898	52.099
210	7	1	153.27	126.9	22.588	45.346
210	8	1	133.13	118.42	19.147	52.159
211	7	1	153.27	126.85	22.645	45.467
211	8	1	132.85	118.42	19.395	52.219
212	7	1	153.27	126.79	22.701	45.588
212	8	1	132.56	118.42	19.644	52.279
213	7	1	153.27	126.73	22.758	45.709
213	8	1	132.28	118.42	19.893	52.339
214	7	1	153.27	126.68	22.814	45.83
214	8	1	132	118.42	20.141	52.399
215	7	1	153.27	126.62	22.871	45.951
215	8	1	131.72	118.42	20.39	52.459
216	7	1	153.27	126.56	22.927	46.072
216	8	1	131.43	118.42	20.639	52.519
217	7	1	153.27	126.51	22.984	46.193
217	8	1	131.15	118.42	20.887	52.579
218	7	1	153.27	126.45	23.04	46.314
218	8	1	130.87	118.42	21.136	52.639
219	7	1	153.27	126.39	23.097	46.435
219	8	1	130.58	118.42	21.385	52.699
220	7	1	153.27	126.34	23.153	46.556
220	8	1	130.3	118.42	21.633	52.759
221	7	1	153.27	126.28	23.21	46.678
221	8	1	130.02	118.42	21.882	52.819
222	7	1	153.27	126.22	23.266	46.799
222	8	1	129.73	118.42	22.131	52.879
223	7	1	153.27	126.17	23.323	46.92
223	8	1	129.45	118.42	22.379	52.939
224	7	1	153.27	126.11	23.379	47.041
224	8	1	129.17	118.42	22.628	52.999
225	7	1	153.27	126.05	23.436	47.162
225	8	1	128.89	118.42	22.877	53.059
226	7	1	153.27	126	23.492	47.283
226	8	1	128.6	118.42	23.125	53.119
227	7	1	153.27	125.94	23.549	47.404
227	8	1	128.32	118.42	23.374	53.179
228	7	1	153.27	125.89	23.605	47.525
228	8	1	128.04	118.42	23.623	53.239
229	7	1	153.27	125.83	23.662	47.646
229	8	1	127.75	118.42	23.871	53.299
230	7	1	153.27	125.77	23.718	47.767
230	8	1	127.62	118.33	23.99	53.455
231	7	1	153.27	125.72	23.775	47.888
231	8	1	127.49	118.24	24.108	53.611
232	7	1	153.27	125.66	23.831	48.009
232	8	1	127.36	118.15	24.227	53.767
233	7	1	153.27	125.6	23.888	48.13
233	8	1	127.23	118.07	24.345	53.923
234	7	1	153.27	125.55	23.944	48.251
234	8	1	127.1	117.98	24.464	54.079
235	7	1	153.27	125.49	24.001	48.372
235	8	1	126.97	117.89	24.582	54.234
236	7	1	153.27	125.43	24.057	48.493
236	8	1	126.84	117.81	24.701	54.39
237	7	1	153.27	125.38	24.113	48.614
237	8	1	126.71	117.72	24.819	54.546
238	7	1	153.27	125.32	24.17	48.735
238	8	1	126.58	117.63	24.938	54.702
239	7	1	153.27	125.26	24.226	48.856
239	8	1	126.44	117.54	25.056	54.858
240	7	1	153.27	125.21	24.283	48.977
240	8	1	126.31	117.46	25.175	55.014
241	7	1	153.36	125.22	24.363	49.08
241	8	1	126.18	117.37	25.293	55.17
242	7	1	153.45	125.23	24.443	49.183
242	8	1	126.05	117.28	25.412	55.326
243	7	1	153.55	125.24	24.523	49.286
243	8	1	125.92	117.19	25.53	55.482
244	7	1	153.64	125.25	24.603	49.389
244	8	1	125.79	117.11	25.649	55.638
245	7	1	153.73	125.26	24.683	49.492
245	8	1	125.66	117.02	25.767	55.793
246	7	1	153.82	125.28	24.763	49.595
246	8	1	125.53	116.93	25.886	55.949
247	7	1	153.91	125.29	24.843	49.698
247	8	1	125.4	116.84	26.004	56.105
248	7	1	154	125.3	24.923	49.801
248	8	1	125.27	116.76	26.123	56.261
249	7	1	154.09	125.31	25.003	49.904
249	8	1	125.13	116.67	26.241	56.417
250	7	1	154.19	125.32	25.083	50.006
250	8	1	125	116.58	26.36	56.573
251	7	1	154.28	125.33	25.163	50.109
251	8	1	124.87	116.5	26.478	56.729
252	7	1	154.37	125.34	25.243	50.212
252	8	1	124.74	116.41	26.597	56.885
253	7	1	154.46	125.36	25.323	50.315
253	8	1	124.61	116.32	26.715	57.041
254	7	1	154.55	125.37	25.403	50.418
254	8	1	124.48	116.23	26.833	57.197
255	7	1	154.64	125.38	25.483	50.521
255	8	1	124.35	116.15	26.952	57.352
256	7	1	154.74	125.39	25.563	50.624
256	8	1	124.22	116.06	27.07	57.508
257	7	1	154.83	125.4	25.643	50.727
257	8	1	124.09	115.97	27.189	57.664
258	7	1	154.92	125.41	25.723	50.83
258	8	1	123.96	115.88	27.307	57.82
259	7	1	155.01	125.42	25.804	50.932
259	8	1	123.83	115.8	27.426	57.976
260	7	1	155.1	125.44	25.884	51.035
260	8	1	123.69	115.71	27.544	58.132
261	7	1	155.19	125.45	25.964	51.138
261	8	1	123.56	115.62	27.663	58.288
262	7	1	155.28	125.46	26.044	51.241
262	8	1	123.43	115.54	27.781	58.444
263	7	1	155.38	125.47	26.124	51.344
263	8	1	123.52	115.49	27.781	58.634
264	7	1	155.47	125.48	26.204	51.447
264	8	1	123.61	115.44	27.781	58.824
265	7	1	155.56	125.49	26.284	51.55
265	8	1	123.7	115.39	27.781	59.014
266	7	1	155.65	125.5	26.364	51.653
266	8	1	123.79	115.35	27.781	59.204
267	7	1	155.74	125.52	26.444	51.756
267	8	1	123.88	115.3	27.781	59.394
268	7	1	155.83	125.53	26.524	51.859
268	8	1	123.97	115.25	27.781	59.583
269	7	1	155.92	125.54	26.604	51.961
269	8	1	124.06	115.2	27.781	59.773
270	7	1	156.02	125.55	26.684	52.064
270	8	1	124.15	115.16	27.781	59.963
271	7	1	156.11	125.56	26.764	52.167
271	8	1	124.24	115.11	27.781	60.153
272	7	1	156.2	125.57	26.844	52.27
272	8	1	124.33	115.06	27.781	60.343
273	7	1	156.29	125.58	26.924	52.373
273	8	1	124.42	115.01	27.781	60.533
274	7	1	156.38	125.6	27.004	52.476
274	8	1	124.51	114.97	27.781	60.723
275	7	1	156.47	125.61	27.084	52.579
275	8	1	124.6	114.92	27.781	60.913
276	7	1	156.56	125.62	27.164	52.682
276	8	1	124.69	114.87	27.781	61.103
277	7	1	156.64	125.64	27.215	52.905
277	8	1	124.78	114.82	27.781	61.293
278	7	1	156.72	125.65	27.267	53.128
278	8	1	124.87	114.78	27.781	61.483
279	7	1	156.8	125.67	27.318	53.35
279	8	1	124.96	114.73	27.781	61.673
280	7	1	156.87	125.69	27.37	53.573
280	8	1	125.05	114.68	27.781	61.863
281	7	1	156.95	125.7	27.421	53.796
281	8	1	125.14	114.63	27.781	62.053
282	7	1	157.03	125.72	27.473	54.019
282	8	1	125.23	114.59	27.781	62.243
283	7	1	157.1	125.74	27.524	54.242
283	8	1	125.32	114.54	27.781	62.433
284	7	1	157.18	125.76	27.576	54.465
284	8	1	125.41	114.49	27.781	62.623
285	7	1	157.26	125.77	27.627	54.688
285	8	1	125.5	114.44	27.781	62.813
286	7	1	157.34	125.79	27.678	54.911
286	8	1	125.59	114.4	27.781	63.003
287	7	1	157.41	125.81	27.73	55.134
287	8	1	125.68	114.35	27.781	63.193
288	7	1	157.49	125.82	27.781	55.357
288	8	1	125.76	114.3	27.781	63.383
289	7	1	157.57	125.84	27.833	55.58
289	8	1	125.85	114.25	27.781	63.573
290	7	1	157.64	125.86	27.884	55.803
290	8	1	125.94	114.21	27.781	63.763
291	7	1	157.72	125.88	27.936	56.026
291	8	1	126.03	114.16	27.781	63.953
292	7	1	157.8	125.89	27.987	56.249
292	8	1	126.12	114.11	27.781	64.142
293	7	1	157.88	125.91	28.039	56.472
293	8	1	126.21	114.06	27.781	64.332
294	7	1	157.95	125.93	28.09	56.695
294	8	1	126.3	114.02	27.781	64.522
295	7	1	158.03	125.94	28.141	56.917
295	8	1	126.39	113.97	27.781	64.712
296	7	1	158.11	125.96	28.193	57.14
296	8	1	126.48	113.92	27.781	64.902
297	7	1	158.18	125.98	28.244	57.363
297	8	1	126.57	113.87	27.781	65.092
298	7	1	158.26	126	28.296	57.586
298	8	1	126.66	113.83	27.781	65.282
299	7	1	158.34	126.01	28.347	57.809
299	8	1	126.75	113.78	27.781	65.472
300	7	1	158.42	126.03	28.399	58.032
300	8	1	126.84	113.73	27.781	65.662
301	7	1	158.49	126.05	28.45	58.255
301	8	1	126.93	113.68	27.781	65.852
302	7	1	158.57	126.06	28.502	58.478
302	8	1	126.81	113.7	28.001	66.017
303	7	1	158.65	126.08	28.553	58.701
303	8	1	126.68	113.71	28.22	66.181
304	7	1	158.73	126.1	28.605	58.924
304	8	1	126.56	113.72	28.44	66.346
305	7	1	158.8	126.12	28.656	59.147
305	8	1	126.44	113.74	28.659	66.511
306	7	1	158.88	126.13	28.707	59.37
306	8	1	126.31	113.75	28.879	66.675
307	7	1	158.96	126.15	28.759	59.593
307	8	1	126.19	113.77	29.098	66.84
308	7	1	159.03	126.17	28.81	59.816
308	8	1	126.07	113.78	29.318	67.005
309	7	1	159.11	126.18	28.862	60.039
309	8	1	125.94	113.79	29.537	67.169
310	7	1	159.19	126.2	28.913	60.262
310	8	1	125.82	113.81	29.757	67.334
311	7	1	159.27	126.22	28.965	60.484
311	8	1	125.7	113.82	29.976	67.498
312	7	1	159.34	126.24	29.016	60.707
312	8	1	125.57	113.83	30.196	67.663
313	7	1	159.42	126.25	29.068	60.93
313	8	1	125.45	113.85	30.415	67.828
314	7	1	159.5	126.27	29.119	61.153
314	8	1	125.33	113.86	30.635	67.992
315	7	1	159.57	126.29	29.17	61.376
315	8	1	125.2	113.88	30.854	68.157
316	7	1	159.65	126.3	29.222	61.599
316	8	1	125.08	113.89	31.074	68.322
317	7	1	159.73	126.32	29.273	61.822
317	8	1	124.96	113.9	31.293	68.486
318	7	1	159.81	126.34	29.325	62.045
318	8	1	124.83	113.92	31.513	68.651
319	7	1	159.88	126.36	29.376	62.268
319	8	1	124.71	113.93	31.732	68.815
320	7	1	159.96	126.37	29.428	62.491
320	8	1	124.58	113.94	31.952	68.98
321	7	1	160.04	126.39	29.479	62.714
321	8	1	124.46	113.96	32.171	69.145
322	7	1	160.11	126.41	29.531	62.937
322	8	1	124.34	113.97	32.391	69.309
323	7	1	160.19	126.42	29.582	63.16
323	8	1	124.21	113.99	32.611	69.474
324	7	1	160.27	126.44	29.633	63.383
324	8	1	124.09	114	32.83	69.639
325	7	1	160.08	126.43	29.717	63.635
325	8	1	123.97	114.01	33.05	69.803
326	7	1	159.88	126.43	29.801	63.887
326	8	1	123.84	114.03	33.269	69.968
327	7	1	159.69	126.42	29.885	64.139
327	8	1	123.72	114.04	33.489	70.132
328	7	1	159.5	126.41	29.969	64.391
328	8	1	123.6	114.05	33.708	70.297
329	7	1	159.3	126.4	30.053	64.643
329	8	1	123.47	114.07	33.928	70.462
330	7	1	159.11	126.39	30.137	64.895
330	8	1	123.35	114.08	34.147	70.626
331	7	1	158.92	126.38	30.221	65.147
331	8	1	123.23	114.09	34.367	70.791
332	7	1	158.72	126.37	30.305	65.399
332	8	1	123.02	113.97	34.367	71.19
333	7	1	158.53	126.37	30.389	65.651
333	8	1	122.82	113.84	34.367	71.588
334	7	1	158.34	126.36	30.473	65.902
334	8	1	122.61	113.71	34.367	71.987
335	7	1	158.14	126.35	30.557	66.154
335	8	1	122.4	113.58	34.367	72.386
336	7	1	157.95	126.34	30.641	66.406
336	8	1	122.2	113.45	34.367	72.785
337	7	1	157.76	126.33	30.725	66.658
337	8	1	121.99	113.32	34.367	73.183
338	7	1	157.56	126.32	30.809	66.91
338	8	1	121.79	113.19	34.367	73.582
339	7	1	157.37	126.32	30.893	67.162
339	8	1	121.58	113.07	34.367	73.981
340	7	1	157.18	126.31	30.977	67.414
340	8	1	121.37	112.94	34.367	74.379
341	7	1	156.98	126.3	31.061	67.666
341	8	1	121.17	112.81	34.367	74.778
342	7	1	156.79	126.29	31.145	67.918
342	8	1	120.96	112.68	34.367	75.177
343	7	1	156.6	126.28	31.229	68.17
343	8	1	120.76	112.55	34.367	75.576
344	7	1	156.4	126.27	31.313	68.422
344	8	1	120.55	112.42	34.367	75.974
345	7	1	156.21	126.27	31.397	68.674
345	8	1	120.35	112.29	34.367	76.373
346	7	1	156.02	126.26	31.481	68.926
346	8	1	120.14	112.17	34.367	76.772
347	7	1	155.83	126.25	31.565	69.178
347	8	1	119.93	112.04	34.367	77.17
348	7	1	155.63	126.24	31.649	69.43
348	8	1	119.73	111.91	34.367	77.569
349	7	1	155.44	126.23	31.733	69.682
349	8	1	119.52	111.78	34.367	77.968
350	7	1	155.25	126.22	31.817	69.934
350	8	1	119.32	111.65	34.367	78.367
351	7	1	155.05	126.22	31.901	70.186
351	8	1	119.11	111.52	34.367	78.765
352	7	1	154.86	126.21	31.985	70.438
352	8	1	118.91	111.39	34.367	79.164
353	7	1	154.67	126.2	32.069	70.69
353	8	1	118.7	111.27	34.367	79.563
354	7	1	154.47	126.19	32.153	70.942
354	8	1	118.49	111.14	34.367	79.961
355	7	1	154.28	126.18	32.237	71.194
355	8	1	118.29	111.01	34.367	80.36
356	7	1	154.09	126.17	32.321	71.446
356	8	1	118.08	110.88	34.367	80.759
357	7	1	153.89	126.16	32.405	71.698
357	8	1	117.88	110.75	34.367	81.158
358	7	1	153.7	126.16	32.489	71.95
358	8	1	117.67	110.62	34.367	81.556
359	7	1	153.51	126.15	32.573	72.202
359	8	1	117.46	110.49	34.367	81.955
360	7	1	153.31	126.14	32.657	72.454
360	8	1	117.26	110.36	34.367	82.354
361	7	1	153.12	126.13	32.741	72.706
361	8	1	117.05	110.24	34.367	82.752
362	7	1	152.93	126.12	32.825	72.958
362	8	1	116.85	110.11	34.367	83.151
363	7	1	152.73	126.11	32.909	73.21
363	8	1	116.64	109.98	34.367	83.55
364	7	1	152.54	126.11	32.993	73.462
364	8	1	116.47	110.12	34.151	83.569
365	7	1	152.35	126.1	33.077	73.714
365	8	1	116.29	110.25	33.935	83.589
366	7	1	152.15	126.09	33.161	73.966
366	8	1	116.11	110.39	33.72	83.609
367	7	1	151.96	126.08	33.245	74.218
367	8	1	115.94	110.53	33.504	83.628
368	7	1	151.77	126.07	33.329	74.47
368	8	1	115.76	110.67	33.289	83.648
369	7	1	151.58	126.06	33.413	74.722
369	8	1	115.58	110.8	33.073	83.667
370	7	1	151.38	126.06	33.497	74.974
370	8	1	115.41	110.94	32.857	83.687
371	7	1	151.19	126.05	33.581	75.226
371	8	1	115.23	111.08	32.642	83.707
372	7	1	151	126.04	33.665	75.478
372	8	1	115.05	111.21	32.426	83.726
373	7	1	150.8	126.03	33.749	75.73
373	8	1	114.88	111.35	32.211	83.746
374	7	1	150.34	126.06	33.86	75.967
374	8	1	114.7	111.49	31.995	83.765
375	7	1	149.88	126.09	33.971	76.205
375	8	1	114.52	111.63	31.78	83.785
376	7	1	149.43	126.13	34.082	76.442
376	8	1	114.35	111.76	31.564	83.805
377	7	1	148.97	126.16	34.192	76.68
377	8	1	114.17	111.9	31.348	83.824
378	7	1	148.51	126.19	34.303	76.917
378	8	1	114	112.04	31.133	83.844
379	7	1	148.05	126.22	34.414	77.155
379	8	1	113.82	112.17	30.917	83.863
380	7	1	147.59	126.25	34.525	77.392
380	8	1	113.64	112.31	30.702	83.883
381	7	1	147.13	126.28	34.636	77.629
381	8	1	113.47	112.45	30.486	83.903
382	7	1	146.67	126.32	34.746	77.867
382	8	1	113.29	112.59	30.27	83.922
383	7	1	146.21	126.35	34.857	78.104
383	8	1	113.11	112.72	30.055	83.942
384	7	1	145.75	126.38	34.968	78.342
384	8	1	112.94	112.86	29.839	83.961
385	7	1	145.29	126.41	35.079	78.579
385	8	1	112.41	112.67	30.029	84.373
386	7	1	144.83	126.44	35.19	78.817
386	8	1	111.89	112.48	30.219	84.785
387	7	1	144.38	126.47	35.301	79.054
387	8	1	111.37	112.29	30.409	85.196
388	7	1	143.92	126.51	35.411	79.292
388	8	1	110.85	112.1	30.599	85.608
389	7	1	143.46	126.54	35.522	79.529
389	8	1	110.33	111.91	30.789	86.019
390	7	1	143	126.57	35.633	79.767
390	8	1	109.8	111.72	30.979	86.431
391	7	1	142.54	126.6	35.744	80.004
391	8	1	109.28	111.53	31.169	86.842
392	7	1	142.08	126.63	35.855	80.241
392	8	1	108.76	111.34	31.359	87.254
393	7	1	141.62	126.66	35.965	80.479
393	8	1	108.24	111.15	31.549	87.666
394	7	1	141.16	126.7	36.076	80.716
394	8	1	107.71	110.96	31.739	88.077
395	7	1	140.7	126.73	36.187	80.954
395	8	1	107.19	110.77	31.929	88.489
396	7	1	140.24	126.76	36.298	81.191
396	8	1	106.67	110.58	32.119	88.9
397	7	1	139.78	126.79	36.409	81.429
397	8	1	106.15	110.39	32.309	89.312
398	7	1	139.33	126.82	36.519	81.666
398	8	1	105.62	110.2	32.499	89.723
399	7	1	138.87	126.85	36.63	81.904
399	8	1	105.1	110.01	32.689	90.135
400	7	1	138.11	126.79	36.819	82.349
400	8	1	104.58	109.82	32.879	90.547
401	7	1	137.36	126.72	37.008	82.795
401	8	1	104.06	109.63	33.069	90.958
401	9	1	161.09	123.56	22.225	55.151
402	7	1	136.6	126.65	37.196	83.241
402	8	1	103.53	109.44	33.258	91.37
402	9	1	161.05	123.62	22.269	55.181
403	7	1	135.85	126.58	37.385	83.687
403	8	1	103.01	109.25	33.448	91.781
403	9	1	161	123.68	22.313	55.21
404	7	1	135.09	126.51	37.573	84.133
404	8	1	102.49	109.06	33.638	92.193
404	9	1	160.96	123.74	22.357	55.239
405	7	1	134.34	126.44	37.762	84.579
405	8	1	101.97	108.87	33.828	92.605
405	9	1	160.92	123.8	22.401	55.269
406	7	1	133.58	126.37	37.951	85.025
406	8	1	101.44	108.68	34.018	93.016
406	9	1	160.87	123.86	22.446	55.298
407	7	1	132.83	126.3	38.139	85.471
407	8	1	100.92	108.49	34.208	93.428
407	9	1	160.83	123.91	22.49	55.328
408	7	1	132.08	126.24	38.328	85.916
408	8	1	100.4	108.3	34.398	93.839
408	9	1	160.78	123.97	22.534	55.357
409	7	1	131.32	126.17	38.517	86.362
409	8	1	99.878	108.11	34.588	94.251
409	9	1	160.74	124.03	22.578	55.386
410	7	1	130.57	126.1	38.705	86.808
410	8	1	99.355	107.92	34.778	94.662
410	9	1	160.69	124.09	22.622	55.416
411	7	1	129.81	126.03	38.894	87.254
411	8	1	98.469	107.92	34.778	94.979
411	9	1	160.65	124.15	22.666	55.445
412	7	1	129.06	125.96	39.083	87.7
412	8	1	97.582	107.92	34.778	95.296
412	9	1	160.61	124.21	22.71	55.475
413	7	1	128.3	125.89	39.271	88.146
413	8	1	96.696	107.92	34.778	95.612
413	9	1	160.56	124.27	22.754	55.504
414	7	1	127.55	125.82	39.46	88.592
414	8	1	95.809	107.92	34.778	95.929
414	9	1	160.52	124.33	22.798	55.533
415	7	1	126.79	125.76	39.648	89.038
415	8	1	94.923	107.92	34.778	96.245
415	9	1	160.47	124.38	22.842	55.563
416	7	1	126.04	125.69	39.837	89.483
416	8	1	94.036	107.92	34.778	96.562
416	9	1	160.43	124.44	22.887	55.592
417	7	1	125.28	125.62	40.026	89.929
417	8	1	93.15	107.92	34.778	96.879
417	9	1	160.39	124.5	22.931	55.621
418	7	1	124.53	125.55	40.214	90.375
418	8	1	92.264	107.92	34.778	97.195
418	9	1	160.34	124.56	22.975	55.651
419	7	1	123.78	125.48	40.403	90.821
419	8	1	91.377	107.92	34.778	97.512
419	9	1	160.3	124.62	23.019	55.68
420	7	1	123.02	125.41	40.592	91.267
420	8	1	90.491	107.92	34.778	97.828
420	9	1	160.25	124.68	23.063	55.71
421	7	1	122.27	125.34	40.78	91.713
421	8	1	89.604	107.92	34.778	98.145
421	9	1	160.21	124.74	23.107	55.739
422	7	1	121.51	125.28	40.969	92.159
422	8	1	88.718	107.92	34.778	98.462
422	9	1	160.17	124.8	23.151	55.768
423	7	1	120.76	125.21	41.158	92.605
423	8	1	87.831	107.92	34.778	98.778
423	9	1	160.12	124.85	23.195	55.798
424	7	1	119.62	125.08	41.27	93.035
424	8	1	86.699	107.79	35.293	99.344
424	9	1	160.08	124.91	23.239	55.827
425	7	1	118.47	124.95	41.382	93.465
425	8	1	85.568	107.66	35.807	99.91
425	9	1	160.03	124.97	23.283	55.857
426	7	1	117.33	124.81	41.494	93.895
426	8	1	84.436	107.54	36.322	100.48
426	9	1	159.99	125.03	23.328	55.886
427	7	1	116.19	124.68	41.607	94.326
427	8	1	83.304	107.41	36.836	101.04
427	9	1	159.95	125.09	23.372	55.915
428	7	1	115.05	124.55	41.719	94.756
428	8	1	82.172	107.28	37.35	101.61
428	9	1	159.9	125.15	23.416	55.945
429	7	1	113.91	124.42	41.831	95.186
429	8	1	81.04	107.15	37.865	102.17
429	9	1	159.86	125.21	23.46	55.974
430	7	1	112.77	124.29	41.943	95.616
430	8	1	79.908	107.02	38.379	102.74
430	9	1	159.75	125.23	23.579	56.181
431	7	1	111.63	124.16	42.056	96.047
431	8	1	78.777	106.89	38.894	103.31
431	9	1	159.64	125.26	23.699	56.388
432	7	1	110.49	124.03	42.168	96.477
432	8	1	77.645	106.76	39.408	103.87
432	9	1	159.53	125.28	23.818	56.595
433	7	1	109.35	123.9	42.28	96.907
433	8	1	76.513	106.64	39.923	104.44
433	9	1	159.43	125.31	23.938	56.802
434	7	1	108.2	123.77	42.392	97.338
434	8	1	75.381	106.51	40.437	105
434	9	1	159.32	125.33	24.057	57.009
435	7	1	107.06	123.64	42.505	97.768
435	8	1	74.249	106.38	40.952	105.57
435	9	1	159.21	125.36	24.177	57.216
436	7	1	105.92	123.5	42.617	98.198
436	8	1	73.117	106.25	41.466	106.14
436	9	1	159.1	125.38	24.296	57.423
437	7	1	104.78	123.37	42.729	98.628
437	8	1	71.986	106.12	41.981	106.7
437	9	1	158.99	125.41	24.416	57.629
438	7	1	103.64	123.24	42.841	99.059
438	8	1	70.854	105.99	42.495	107.27
438	9	1	158.89	125.43	24.535	57.836
439	7	1	102.5	123.11	42.954	99.489
439	8	1	69.722	105.86	43.01	107.83
439	9	1	158.78	125.46	24.655	58.043
440	7	1	101.36	122.98	43.066	99.919
440	8	1	68.582	105.86	42.63	108.21
440	9	1	158.67	125.48	24.774	58.25
441	7	1	100.22	122.85	43.178	100.35
441	8	1	67.442	105.86	42.25	108.59
441	9	1	158.56	125.51	24.894	58.457
442	7	1	99.075	122.72	43.29	100.78
442	8	1	66.303	105.86	41.87	108.97
442	9	1	158.45	125.53	25.013	58.664
443	7	1	97.933	122.59	43.403	101.21
443	8	1	65.163	105.86	41.49	109.35
443	9	1	158.35	125.56	25.133	58.871
444	7	1	96.792	122.46	43.515	101.64
444	8	1	64.023	105.86	41.11	109.73
444	9	1	158.24	125.58	25.252	59.078
445	7	1	95.651	122.33	43.627	102.07
445	8	1	62.883	105.86	40.73	110.11
445	9	1	158.13	125.61	25.372	59.285
446	7	1	94.113	122.15	43.497	102.55
446	8	1	61.744	105.86	40.35	110.49
446	9	1	158.02	125.63	25.491	59.491
447	7	1	92.575	121.98	43.367	103.02
447	8	1	60.604	105.86	39.97	110.87
447	9	1	157.92	125.66	25.611	59.698
448	7	1	91.037	121.81	43.237	103.5
448	8	1	59.464	105.86	39.59	111.25
448	9	1	157.81	125.68	25.73	59.905
449	7	1	89.499	121.63	43.107	103.98
449	8	1	58.324	105.86	39.21	111.63
449	9	1	157.7	125.71	25.85	60.112
450	7	1	87.961	121.46	42.977	104.45
450	8	1	57.185	105.86	38.831	112.01
450	9	1	157.59	125.73	25.969	60.319
451	7	1	86.423	121.29	42.847	104.93
451	8	1	56.045	105.86	38.451	112.39
451	9	1	157.48	125.76	26.089	60.526
452	7	1	84.885	121.11	42.717	105.41
452	8	1	54.905	105.86	38.071	112.77
452	9	1	157.38	125.78	26.208	60.733
453	7	1	83.347	120.94	42.587	105.88
453	8	1	53.324	105.58	38.071	113.42
453	9	1	157.27	125.8	26.328	60.94
453	10	1	125.28	123.56	23.46	61.736
454	7	1	81.809	120.77	42.457	106.36
454	8	1	51.743	105.3	38.071	114.07
454	9	1	156.93	125.6	26.447	60.995
454	10	1	125.18	123.5	23.336	61.983
455	7	1	80.271	120.59	42.327	106.84
455	8	1	50.161	105.02	38.071	114.72
455	9	1	156.6	125.4	26.567	61.05
455	10	1	125.08	123.44	23.213	62.23
456	7	1	78.733	120.42	42.197	107.31
456	8	1	48.58	104.74	38.071	115.37
456	9	1	156.26	125.2	26.686	61.105
456	10	1	124.98	123.38	23.089	62.477
457	7	1	77.195	120.25	42.067	107.79
457	8	1	46.999	104.46	38.071	116.02
457	9	1	155.93	124.99	26.806	61.16
457	10	1	124.87	123.31	22.966	62.724
458	7	1	75.657	120.07	41.937	108.27
458	8	1	45.417	104.17	38.071	116.67
458	9	1	155.59	124.79	26.925	61.215
458	10	1	124.77	123.25	22.842	62.971
459	7	1	74.119	119.9	41.807	108.74
459	8	1	43.836	103.89	38.071	117.32
459	9	1	155.25	124.59	27.044	61.27
459	10	1	124.67	123.19	22.719	63.218
460	7	1	72.581	119.73	41.677	109.22
460	8	1	42.255	103.61	38.071	117.97
460	9	1	154.92	124.38	27.164	61.325
460	10	1	124.56	123.13	22.595	63.465
461	7	1	71.043	119.55	41.547	109.7
461	8	1	40.673	103.33	38.071	118.62
461	9	1	154.75	124.37	27.217	61.577
461	10	1	124.46	123.07	22.472	63.712
462	7	1	69.505	119.38	41.417	110.17
462	8	1	39.092	103.05	38.071	119.27
462	9	1	154.57	124.36	27.27	61.829
462	10	1	124.36	123.01	22.349	63.959
463	7	1	67.967	119.21	41.288	110.65
463	8	1	37.511	102.77	38.071	119.92
463	9	1	154.4	124.34	27.323	62.082
463	10	1	124.26	122.94	22.225	64.206
464	7	1	66.429	119.03	41.158	111.13
464	8	1	35.929	102.48	38.071	120.57
464	9	1	154.23	124.33	27.376	62.334
464	10	1	124.15	122.88	22.102	64.453
465	7	1	63.823	119.03	41.638	111.4
465	8	1	34.348	102.2	38.071	121.22
465	9	1	154.06	124.32	27.43	62.586
465	10	1	124.05	122.82	21.978	64.7
466	7	1	61.216	119.03	42.118	111.67
466	8	1	32.767	101.92	38.071	121.87
466	9	1	153.88	124.3	27.483	62.838
466	10	1	123.95	122.76	21.855	64.947
467	7	1	58.609	119.03	42.598	111.95
467	8	1	31.185	101.64	38.071	122.52
467	9	1	153.71	124.29	27.536	63.091
467	10	1	123.84	122.7	21.731	65.194
468	7	1	56.003	119.03	43.078	112.22
468	8	1	29.604	101.36	38.071	123.17
468	9	1	153.54	124.28	27.589	63.343
468	10	1	123.74	122.64	21.608	65.441
469	7	1	53.396	119.03	43.558	112.5
469	8	1	28.023	101.08	38.071	123.82
469	9	1	153.36	124.26	27.642	63.595
469	10	1	123.64	122.57	21.484	65.687
470	7	1	50.789	119.03	44.039	112.77
470	8	1	26.441	100.79	38.071	124.47
470	9	1	153.19	124.25	27.695	63.847
470	10	1	123.54	122.51	21.361	65.934
471	7	1	48.183	119.03	44.519	113.05
471	8	1	24.86	100.51	38.071	125.12
471	9	1	153.02	124.24	27.748	64.1
471	10	1	123.43	122.45	21.237	66.181
472	7	1	45.576	119.03	44.999	113.32
472	8	1	23.024	100.32	37.754	125.63
472	9	1	152.85	124.22	27.801	64.352
472	10	1	123.33	122.39	21.114	66.428
473	7	1	42.969	119.03	45.479	113.59
473	8	1	21.188	100.13	37.438	126.13
473	9	1	152.67	124.21	27.854	64.604
473	10	1	123.23	122.33	20.99	66.675
474	7	1	40.363	119.03	45.959	113.87
474	8	1	19.351	99.943	37.121	126.64
474	9	1	152.5	124.2	27.907	64.856
474	10	1	122.81	122.33	21.157	66.897
475	7	1	37.756	119.03	46.439	114.14
475	8	1	17.515	99.753	36.804	127.15
475	9	1	152.33	124.19	27.961	65.109
475	10	1	122.39	122.34	21.323	67.118
476	7	1	35.15	119.03	46.92	114.42
476	8	1	15.679	99.563	36.488	127.65
476	9	1	152.16	124.17	28.014	65.361
476	10	1	121.97	122.35	21.489	67.34
477	7	1	32.749	118.62	46.92	115.38
477	8	1	13.843	99.373	36.171	128.16
477	9	1	151.98	124.16	28.067	65.613
477	10	1	121.55	122.36	21.655	67.562
478	7	1	30.348	118.21	46.92	116.34
478	8	1	12.006	99.183	35.855	128.66
478	9	1	151.81	124.15	28.12	65.865
478	10	1	121.13	122.37	21.821	67.783
479	7	1	27.947	117.8	46.92	117.3
479	8	1	10.17	98.993	35.538	129.17
479	9	1	151.64	124.13	28.173	66.118
479	10	1	120.71	122.37	21.988	68.005
480	7	1	25.546	117.39	46.92	118.26
480	8	1	8.3338	98.803	35.221	129.68
480	9	1	151.47	124.12	28.226	66.37
480	10	1	120.29	122.38	22.154	68.227
481	7	1	23.145	116.98	46.92	119.22
481	8	1	6.4975	98.613	34.905	130.18
481	9	1	151.29	124.11	28.279	66.622
481	10	1	119.87	122.39	22.32	68.448
482	7	1	20.744	116.56	46.92	120.18
482	8	1	4.6613	98.423	34.588	130.69
482	9	1	151.12	124.09	28.332	66.874
482	10	1	119.45	122.4	22.486	68.67
483	7	1	18.344	116.15	46.92	121.14
483	8	1	2.825	98.233	34.272	131.2
483	9	1	150.95	124.08	28.385	67.127
483	10	1	119.03	122.41	22.652	68.891
484	7	1	15.943	115.74	46.92	122.1
484	8	1	0.98875	98.043	33.955	131.7
484	9	1	150.78	124.07	28.439	67.379
484	10	1	118.61	122.41	22.819	69.113
485	7	1	13.542	115.33	46.92	123.06
485	9	1	150.6	124.05	28.492	67.631
485	10	1	118.19	122.42	22.985	69.335
486	7	1	11.141	114.92	46.92	124.02
486	9	1	150.43	124.04	28.545	67.883
486	10	1	117.77	122.43	23.151	69.556
487	7	1	8.7401	114.51	46.92	124.98
487	9	1	150.26	124.03	28.598	68.136
487	10	1	117.35	122.44	23.317	69.778
488	7	1	6.3392	114.09	46.92	125.94
488	9	1	150.09	124.01	28.651	68.388
488	10	1	116.93	122.45	23.484	70
489	7	1	5.6533	114.37	45.959	125.94
489	9	1	149.91	124	28.704	68.64
489	10	1	116.51	122.45	23.65	70.221
490	7	1	4.9673	114.64	44.999	125.94
490	9	1	149.74	123.99	28.757	68.892
490	10	1	116.1	122.46	23.816	70.443
491	7	1	4.2814	114.92	44.039	125.94
491	9	1	149.57	123.97	28.81	69.145
491	10	1	115.68	122.47	23.982	70.664
492	7	1	3.5954	115.19	43.078	125.94
492	9	1	149.25	124.03	28.954	69.34
492	10	1	115.26	122.48	24.148	70.886
493	7	1	2.9094	115.47	42.118	125.94
493	9	1	148.93	124.1	29.098	69.536
493	10	1	114.84	122.48	24.315	71.108
494	7	1	2.2235	115.74	41.158	125.94
494	9	1	148.61	124.16	29.242	69.731
494	10	1	114.42	122.49	24.481	71.329
495	9	1	148.29	124.22	29.386	69.927
495	10	1	114	122.5	24.647	71.551
496	9	1	147.97	124.28	29.531	70.122
496	10	1	113.58	122.51	24.813	71.772
497	9	1	147.65	124.34	29.675	70.318
497	10	1	113.16	122.52	24.979	71.994
498	9	1	147.33	124.4	29.819	70.513
498	10	1	112.74	122.52	25.146	72.216
499	9	1	147.02	124.47	29.963	70.709
499	10	1	112.32	122.53	25.312	72.437
500	9	1	146.7	124.53	30.107	70.904
500	10	1	111.9	122.54	25.478	72.659
501	9	1	146.38	124.59	30.251	71.1
501	10	1	111.48	122.55	25.644	72.881
502	9	1	146.06	124.65	30.395	71.295
502	10	1	111.06	122.56	25.811	73.102
503	9	1	145.74	124.71	30.539	71.491
503	10	1	110.64	122.56	25.977	73.324
504	9	1	145.42	124.78	30.683	71.686
504	10	1	110.22	122.57	26.143	73.545
505	9	1	145.1	124.84	30.827	71.882
505	10	1	109.8	122.58	26.309	73.767
506	9	1	144.78	124.9	30.971	72.077
506	10	1	109.38	122.59	26.475	73.989
507	9	1	144.46	124.96	31.115	72.273
507	10	1	108.96	122.6	26.642	74.21
508	9	1	144.15	125.02	31.259	72.468
508	10	1	108.54	122.6	26.808	74.432
509	9	1	143.83	125.08	31.403	72.664
509	10	1	108.13	122.61	26.974	74.653
510	9	1	143.51	125.15	31.547	72.859
510	10	1	107.71	122.62	27.14	74.875
511	9	1	143.19	125.21	31.691	73.055
511	10	1	107.29	122.63	27.306	75.097
512	9	1	142.87	125.27	31.835	73.25
512	10	1	106.87	122.64	27.473	75.318
513	9	1	142.55	125.33	31.979	73.446
513	10	1	106.45	122.64	27.639	75.54
514	9	1	142.23	125.39	32.123	73.641
514	10	1	106.03	122.65	27.805	75.762
515	9	1	141.91	125.45	32.268	73.837
515	10	1	105.61	122.66	27.971	75.983
516	9	1	141.59	125.52	32.412	74.032
516	10	1	105.19	122.67	28.138	76.205
517	9	1	141.27	125.58	32.556	74.228
517	10	1	104.77	122.67	28.304	76.426
518	9	1	140.96	125.64	32.7	74.423
518	10	1	104.35	122.68	28.47	76.648
519	9	1	140.64	125.7	32.844	74.619
519	10	1	103.93	122.69	28.636	76.87
520	9	1	140.32	125.76	32.988	74.814
520	10	1	103.51	122.7	28.802	77.091
521	9	1	140	125.82	33.132	75.01
521	10	1	103.09	122.71	28.969	77.313
522	9	1	139.68	125.89	33.276	75.205
522	10	1	102.67	122.71	29.135	77.535
523	9	1	139.36	125.95	33.42	75.401
523	10	1	102.25	122.72	29.301	77.756
524	9	1	139.04	126.01	33.564	75.596
524	10	1	101.83	122.73	29.467	77.978
525	9	1	138.72	126.07	33.708	75.792
525	10	1	101.41	122.74	29.633	78.199
526	9	1	138.4	126.13	33.852	75.987
526	10	1	100.88	122.74	29.633	78.49
527	9	1	138.08	126.2	33.996	76.183
527	10	1	100.35	122.74	29.633	78.78
528	9	1	137.77	126.26	34.14	76.378
528	10	1	99.815	122.74	29.633	79.071
529	9	1	137.45	126.32	34.284	76.574
529	10	1	99.283	122.74	29.633	79.361
530	9	1	137.13	126.38	34.428	76.769
530	10	1	98.75	122.74	29.633	79.652
531	9	1	136.81	126.44	34.572	76.965
531	10	1	98.217	122.74	29.633	79.943
532	9	1	136.57	126.39	34.572	77.255
532	10	1	97.685	122.74	29.633	80.233
533	9	1	136.32	126.35	34.572	77.546
533	10	1	97.152	122.74	29.633	80.524
534	9	1	136.08	126.3	34.572	77.836
534	10	1	96.62	122.74	29.633	80.814
535	9	1	135.84	126.25	34.572	78.127
535	10	1	96.087	122.74	29.633	81.105
536	9	1	135.6	126.2	34.572	78.417
536	10	1	95.554	122.74	29.633	81.395
537	9	1	135.36	126.15	34.572	78.708
537	10	1	95.022	122.74	29.633	81.686
538	9	1	135.11	126.1	34.572	78.998
538	10	1	94.489	122.74	29.633	81.976
539	9	1	134.87	126.05	34.572	79.289
539	10	1	93.956	122.74	29.633	82.267
540	9	1	134.63	126.01	34.572	79.579
540	10	1	93.424	122.74	29.633	82.557
541	9	1	134.39	125.96	34.572	79.87
541	10	1	92.891	122.74	29.633	82.848
542	9	1	134.15	125.91	34.572	80.16
542	10	1	92.359	122.74	29.633	83.138
543	9	1	133.9	125.86	34.572	80.451
543	10	1	91.81	122.46	29.771	83.55
544	9	1	133.66	125.81	34.572	80.741
544	10	1	91.261	122.19	29.908	83.961
545	9	1	133.42	125.76	34.572	81.032
545	10	1	90.712	121.91	30.045	84.373
546	9	1	133.18	125.72	34.572	81.322
546	10	1	90.163	121.64	30.182	84.785
547	9	1	132.94	125.67	34.572	81.613
547	10	1	89.615	121.37	30.319	85.196
548	9	1	132.69	125.62	34.572	81.904
548	10	1	89.066	121.09	30.457	85.608
